OligoSequence	Target Occurences	Background Occurences	Enrichment(ln p, up to 2 mismatches)
GTAGC	2772.0	19000.6	-266.830
TAGCT	3152.0	23723.9	-206.323
TACAG	3685.0	29495.6	-173.953
GAGTA	2120.0	15765.2	-159.733
GCAGT	3117.0	24917.0	-155.852
GCCTC	6969.0	61003.5	-147.393
CTGGG	5703.0	49259.4	-147.318
GTGCA	3261.0	26664.1	-143.425
TTTGA	3829.0	31979.5	-142.932
ACTAC	1519.0	11080.4	-130.611
ACCAC	2752.0	22376.4	-130.576
CCTCC	6973.0	62729.9	-122.327
ACAGG	3962.0	34112.1	-122.252
CCACC	4627.0	40526.7	-120.618
GACTA	1441.0	10672.7	-117.346
GATTA	2543.0	21089.1	-110.707
AGCCT	4157.0	36569.4	-110.013
TTTTG	7688.0	70614.8	-107.553
TCAAG	2858.0	24324.0	-104.374
GCTGG	6129.0	56450.7	-96.912
AGTCT	2680.0	22940.7	-96.201
CTACA	1694.0	13665.3	-92.142
GCCAC	2996.0	26231.6	-90.598
CAGCC	4243.0	38433.2	-90.553
TTGAG	3071.0	26989.7	-90.297
AAGTA	1500.0	11925.6	-89.330
GGGAC	1752.0	14344.1	-87.906
CAAGT	2220.0	18833.1	-87.519
GAGTG	2866.0	25146.6	-86.599
TCTTG	3492.0	31353.9	-85.129
GGCAT	1909.0	16140.3	-79.207
AGCTG	3404.0	30831.7	-78.732
AGTGC	3275.0	29568.0	-78.290
GGCTC	2941.0	26267.5	-78.288
TGCAG	3636.0	33315.5	-75.486
GGAGT	3491.0	31972.1	-73.673
CGAGT	863.0	6421.1	-73.122
TGGAG	3813.0	35290.6	-71.833
TTTTT	38961.0	293714.0	-71.735
CACCA	3741.0	34634.8	-70.851
TGGGA	4056.0	37821.2	-70.185
CAGGC	5237.0	49776.2	-68.992
ATTAC	2317.0	20589.5	-67.924
CCTGG	4069.0	38216.8	-66.249
GCTCA	3305.0	30562.6	-65.771
AGTAG	3132.0	28837.9	-65.647
CAAGC	2237.0	19956.8	-64.184
CTCAG	4381.0	41529.3	-63.767
TCAGC	3476.0	32406.7	-63.633
ATGCC	1812.0	15792.2	-63.293
CATGC	2039.0	18094.6	-62.022
TGAGA	2998.0	27870.7	-58.926
GGATT	2836.0	26232.1	-58.800
GGTGC	1729.0	15162.5	-58.724
GTTCA	2328.0	21375.5	-53.709
AGGCG	1268.0	10855.0	-52.406
GGGAT	2549.0	23771.3	-50.982
TTACA	2690.0	25239.6	-50.267
TCCTG	4991.0	48890.8	-49.866
CAGTG	3182.0	30312.0	-49.806
GCCCA	2992.0	28455.2	-48.368
GCGAT	1063.0	8993.1	-48.199
GGACT	1695.0	15279.6	-47.979
GTGCC	1905.0	17403.5	-47.759
CTTTT	5412.0	53594.8	-46.165
ATTCT	3029.0	29002.0	-45.920
CTCCT	5069.0	50144.3	-45.224
GCATG	1833.0	16847.2	-44.331
GAGTC	1807.0	16590.1	-44.026
GGTTC	2037.0	19017.6	-42.464
GCGAC	142.0	1990.7	-42.143
CCCGG	1488.0	13656.3	-37.707
CCCAG	4725.0	47376.8	-37.195
TTATT	3839.0	38103.2	-37.138
CCCGA	829.0	7090.3	-36.509
CGATT	692.0	5787.2	-35.376
ACTGC	2667.0	25998.4	-35.108
TGAGT	1980.0	18866.6	-34.953
TCCCG	1368.0	12572.7	-34.928
CACTG	3291.0	32570.1	-34.822
GGGCT	1827.0	17335.2	-34.011
TTGTT	3988.0	39982.1	-33.908
TTCAA	2326.0	22533.9	-33.866
CAGTC	1379.0	12789.5	-32.819
AGACA	2044.0	19706.2	-32.089
GCGTC	186.0	2563.0	-31.628
GTTTT	4481.0	45424.4	-31.619
TGCCC	2680.0	26417.0	-31.490
GCAAT	1594.0	15106.5	-30.846
ATTAT	1682.0	16025.8	-30.812
CCCCC	1434.0	13475.3	-30.537
CACCT	2649.0	26188.7	-30.293
CCGAG	926.0	8317.4	-29.569
TGCGA	410.0	3434.8	-28.897
TGCAA	2481.0	24548.8	-28.502
GCGCA	496.0	4196.5	-28.103
GTGTG	3231.0	32588.7	-27.490
AGTGG	2571.0	25612.9	-27.104
AAGCA	1577.0	15153.6	-27.090
TCACT	3364.0	34049.3	-26.943
CTCGC	783.0	6978.0	-26.870
CGTGC	566.0	5738.3	-26.528
ACGCC	966.0	8853.6	-26.486
AGGCA	2339.0	23215.5	-26.480
TAGGC	956.0	8782.8	-25.954
GTCGC	476.0	5276.1	-25.893
TGCCA	2208.0	21890.3	-25.680
ACACC	1358.0	12953.2	-25.672
ACGAC	102.0	1342.4	-25.429
AATTC	1394.0	13354.1	-25.256
ATTTT	7109.0	74245.1	-25.201
TACCG	127.0	1570.6	-25.095
TTTTC	4192.0	48639.9	-24.070
TTTCT	4333.0	56759.0	-24.070
TTCTT	4244.0	47926.8	-24.070
CATCC	915.0	12149.3	-24.070
TTGGG	1466.0	18906.6	-24.070
GAGTT	1180.0	16062.3	-24.070
GCTCC	1011.0	14730.6	-24.070
TCACC	1662.0	24073.4	-24.070
CACCG	507.0	7430.3	-24.070
GAGGC	1243.0	17700.9	-24.070
GTGGC	1999.0	22093.5	-24.070
CAGCT	2241.0	27854.0	-24.070
TCAGT	1244.0	15694.8	-24.070
GCAGC	1391.0	16058.9	-24.070
CCGCC	1431.0	15736.7	-24.070
CGCCT	1425.0	15144.8	-24.070
GGCTT	1223.0	16414.1	-24.070
CCTGC	2874.0	32550.3	-24.070
CTCCA	1758.0	23610.4	-24.070
TCCAG	1491.0	21067.6	-24.070
GCCTG	2480.0	29230.5	-24.070
TAATT	2421.0	28302.8	-24.070
ACCTG	1551.0	17778.7	-24.070
TCCGG	304.0	3609.2	-24.070
CGGTG	311.0	4459.5	-24.070
TGTTT	4212.0	45945.9	-24.070
GGCCT	1829.0	23325.1	-24.070
TGTGA	1701.0	20144.4	-24.070
GAGCC	1545.0	19045.7	-24.070
AGCCG	253.0	4041.3	-24.070
GCCGC	307.0	4341.2	-24.070
CGCTG	462.0	5429.9	-24.070
GCTGT	1332.0	17181.7	-24.070
CTGTG	2022.0	25872.0	-24.070
CCGGC	855.0	9158.8	-24.070
CGGCC	623.0	8850.2	-24.070
GCCCC	1051.0	13426.5	-24.070
CCCCA	1295.0	19155.0	-24.070
TTCAG	1384.0	19312.6	-24.070
GAATA	623.0	7961.3	-24.070
AATGC	700.0	9424.7	-24.070
TGCTG	2297.0	30898.0	-24.070
TATGA	672.0	8243.7	-24.070
TGAAG	1134.0	13909.1	-24.070
AAGCT	1191.0	13733.8	-24.070
AGCTT	1203.0	15170.1	-24.070
TTTAT	3488.0	37653.6	-24.070
TATTT	4604.0	51717.2	-24.070
CCCAC	1613.0	20017.9	-24.070
CCAGT	1060.0	14826.5	-24.070
TAGCC	744.0	10230.8	-24.070
GCCGG	317.0	5021.3	-24.070
CCGGG	956.0	9469.3	-24.070
GACAC	555.0	7703.8	-24.070
CACCC	1918.0	22935.9	-24.070
CCAGC	2206.0	27789.6	-24.070
TTTGT	4670.0	55230.7	-24.070
GTATT	1425.0	20655.5	-24.070
TATTG	917.0	12042.1	-24.070
ATTGT	1088.0	13152.6	-24.070
TGTAG	1094.0	13367.9	-24.070
TAGAG	1414.0	20126.1	-24.070
GCGGG	421.0	5152.9	-24.070
CGGGG	559.0	7652.4	-24.070
GGGGT	1324.0	17872.7	-24.070
CTTGA	1352.0	17754.8	-24.070
TTGAA	1525.0	17787.9	-24.070
GTGCT	1535.0	20271.1	-24.070
GAGCG	222.0	3315.7	-24.070
AGCGG	211.0	3155.6	-24.070
GCGGT	235.0	3386.3	-24.070
TTTTA	4980.0	54514.1	-24.070
GCAGG	1259.0	17304.2	-24.070
TCTGG	1719.0	20577.5	-24.070
CTGGT	1573.0	21366.6	-24.070
CAGAC	895.0	10791.0	-24.070
AGACT	1021.0	11959.0	-24.070
AAGCC	680.0	10726.6	-24.070
CGGGC	503.0	4894.9	-24.070
GCACT	723.0	12020.6	-24.070
ACTGG	1017.0	12911.4	-24.070
TGGCG	624.0	8336.6	-24.070
CTCGG	917.0	12250.0	-24.070
TCGGC	849.0	10625.4	-24.070
TCACG	519.0	5451.1	-24.070
CACGC	1018.0	9846.4	-24.070
CCAAG	1517.0	17095.3	-24.070
GCACC	1197.0	13711.1	-24.070
TCTTT	4068.0	50987.6	-24.070
TTGTG	1458.0	20240.5	-24.070
TTGAT	1114.0	14135.4	-24.070
GCATT	1021.0	13016.4	-24.070
GTGGG	1210.0	16730.1	-24.070
GGGGC	895.0	12141.0	-24.070
GGGCC	834.0	11276.8	-24.070
CCCCG	506.0	5893.9	-24.070
GGAGC	755.0	11501.5	-24.070
GCTAC	586.0	6892.0	-24.070
TTAGA	979.0	11009.8	-24.070
GAGCA	841.0	11355.1	-24.070
TTATA	1195.0	13649.8	-24.070
TAGGT	681.0	8734.3	-24.070
GGTGG	1540.0	18858.4	-24.070
GTACC	435.0	5283.7	-24.070
TACCA	731.0	9081.9	-24.070
AGTGT	1285.0	14561.3	-24.070
CTGAG	2242.0	26404.9	-24.070
GGCGT	753.0	8441.2	-24.070
GCGTG	888.0	9621.8	-24.070
CCACA	1571.0	18566.7	-24.070
ATGCA	903.0	11546.3	-24.070
CTCAT	1137.0	15876.8	-24.070
CAACC	1494.0	16533.8	-24.070
AACCT	1656.0	19236.2	-24.070
TGGAA	1470.0	16200.4	-24.070
AACTA	512.0	6194.6	-24.070
GCATC	750.0	8396.4	-24.070
AGCAT	974.0	11155.2	-24.070
AATAC	597.0	7326.7	-24.070
TTCTG	2113.0	28357.8	-24.070
CACAG	1344.0	18060.4	-24.070
ACAGT	1170.0	13196.2	-24.070
TTATG	961.0	11498.1	-24.070
CCTAC	525.0	7596.3	-24.070
CTACC	689.0	8568.0	-24.070
TAAAG	905.0	10479.1	-24.070
GAAGT	797.0	11201.4	-24.070
GTGTA	707.0	9030.9	-24.070
TCATG	1186.0	14714.7	-24.070
TTTAG	1541.0	25398.9	-24.070
CCTAG	905.0	10315.4	-24.070
CTAGG	903.0	10566.7	-24.070
TGACT	1094.0	13000.3	-24.070
GACTG	864.0	11102.4	-24.070
ACGGG	449.0	5775.7	-24.070
ACTCC	1405.0	18463.7	-24.070
TCAGG	1595.0	20646.3	-24.070
AGCCA	1842.0	24143.9	-24.070
TAAGC	589.0	6821.9	-24.070
GCTTG	918.0	13011.3	-24.070
GACTC	719.0	9298.4	-24.070
TGCCG	294.0	4019.3	-24.070
GCCTA	605.0	8500.9	-24.070
CGTGG	313.0	5014.0	-24.070
GGAAT	973.0	11327.6	-24.070
AGTAC	544.0	6504.6	-24.070
GTACA	578.0	7550.5	-24.070
GTGAC	773.0	9550.9	-24.070
TGACA	890.0	11350.3	-24.070
ACACG	179.0	3262.2	-24.070
ACCGG	172.0	2055.9	-24.070
CTAGC	544.0	6825.3	-24.070
TAGCG	117.0	1628.0	-24.070
GCTGC	1218.0	17509.0	-24.070
CTGCG	417.0	5461.9	-24.070
CAGCG	317.0	4307.7	-24.070
AGTCG	169.0	1964.5	-24.070
TCGCG	70.0	1229.6	-24.070
CGTAG	133.0	1773.1	-24.070
CCTCG	504.0	8962.1	-24.070
ACCGC	332.0	4744.9	-24.070
CGCGC	305.0	3721.4	-24.070
GGCAC	1427.0	15119.6	-24.070
TACTG	890.0	10461.1	-24.070
GCGCG	371.0	4203.3	-24.070
TAACT	847.0	9063.2	-24.070
AACTG	901.0	10651.3	-24.070
CGCAG	291.0	4077.9	-24.070
TGCGT	265.0	3725.8	-24.070
CGACT	152.0	2250.2	-24.070
TACGG	156.0	1607.2	-24.070
CGTCC	260.0	3052.3	-24.070
AATTA	1058.0	12491.7	-24.070
ACAAC	494.0	6624.3	-24.070
ATACA	723.0	9381.1	-24.070
GGATC	664.0	7860.5	-24.070
CACGT	398.0	4709.0	-24.070
GATCA	778.0	9248.8	-24.070
AGTTG	938.0	11323.2	-24.070
GTAGT	630.0	8519.4	-24.070
ACAAG	742.0	9169.5	-24.070
CTTAT	854.0	10777.8	-24.070
CGCAC	271.0	3518.9	-24.070
CGACC	196.0	2539.6	-24.070
GGTAC	345.0	5023.8	-24.070
ACAGC	856.0	11848.6	-24.070
CGCGT	103.0	1402.8	-24.070
ACTAG	375.0	5503.5	-24.070
TACAA	820.0	9629.9	-24.070
CCCGC	719.0	9236.7	-24.070
AGTCA	787.0	10474.9	-24.070
TCGTG	282.0	4751.0	-24.070
GCTCG	282.0	3262.5	-24.070
GCGTA	93.0	1350.2	-24.070
TCTAG	755.0	9443.2	-24.070
CACTA	676.0	8185.3	-24.070
CGCAA	222.0	2843.2	-24.070
AGCGT	243.0	2802.5	-24.070
TCGAG	314.0	3282.6	-24.070
ATGCG	207.0	2563.0	-24.070
ACGCG	102.0	1083.7	-24.070
TTACG	153.0	1950.2	-24.070
TTCGA	177.0	2516.0	-24.070
ACGCA	166.0	2369.0	-24.070
CTCCC	4554.0	47128.5	-23.888
TGCCT	4238.0	43743.6	-23.884
GAGAC	2517.0	25340.4	-23.766
AAGCG	724.0	6573.2	-22.250
GGCGC	984.0	9272.8	-21.841
AGTGA	1956.0	19656.4	-20.039
CTGGC	2498.0	25505.7	-19.772
GATTC	1553.0	15389.3	-19.676
GACAG	1860.0	18678.8	-19.571
CTGGA	3102.0	32027.7	-19.556
GTCTT	2190.0	22253.8	-19.057
AGCGA	738.0	6880.8	-18.779
TCGCT	775.0	7256.2	-18.743
CAGGT	2521.0	25875.4	-18.494
CCTCA	3549.0	37027.7	-18.320
AGAGT	1624.0	16257.9	-18.213
CTCAC	3051.0	31665.9	-17.939
AGCTA	1356.0	13506.1	-16.755
GGGTC	1118.0	10991.8	-16.509
CAATT	1315.0	13152.5	-15.653
GGCTA	1507.0	15238.9	-15.318
CTTGC	1710.0	17433.7	-15.253
CTCAA	1974.0	20320.9	-15.021
GTGAT	2228.0	23078.4	-14.951
TGGCT	2944.0	30955.3	-14.330
CGTAC	142.0	1062.6	-14.226
GGTGT	1669.0	17134.1	-13.736
ATAGG	798.0	7831.1	-12.928
GTGCG	560.0	5318.6	-12.818
ACTGT	1472.0	15090.2	-12.775
GATAC	489.0	4585.2	-12.729
CTTAC	846.0	8354.6	-12.728
CGCAT	257.0	2215.8	-12.564
CTTGG	2172.0	22790.5	-12.154
GTTGC	1533.0	15827.6	-11.998
CCACG	851.0	8482.8	-11.573
GCCCG	993.0	10019.4	-11.505
TTGGA	1449.0	14969.6	-11.434
TCTCA	2826.0	30089.1	-11.291
AAGTG	2343.0	24779.8	-11.253
CGCCA	900.0	9048.9	-11.093
CCGTA	179.0	1494.5	-11.001
CGCCC	1384.0	14309.2	-10.913
CTGCC	3755.0	40538.7	-10.146
AGGCT	3524.0	38030.6	-9.960
AGGTG	2155.0	22909.8	-9.755
ACCTC	3088.0	33252.1	-9.611
TTTAA	2531.0	27108.3	-9.439
CGGCT	1176.0	12175.1	-9.422
CAATC	1071.0	11065.6	-9.132
TGGCA	1820.0	19305.4	-8.994
GCTAA	1626.0	17180.3	-8.896
TCCCA	3387.0	36731.8	-8.753
GCAAC	1400.0	14719.1	-8.689
CTCCG	902.0	9256.9	-8.672
TGATT	1816.0	19372.7	-8.156
GCTTA	796.0	8163.1	-8.028
TGGGT	1847.0	19733.7	-8.016
CGGGT	652.0	6639.8	-7.562
CTGCA	2999.0	32643.8	-7.493
ACAGA	1680.0	17957.9	-7.455
GGACC	690.0	7063.8	-7.405
TCTCG	1459.0	15516.0	-7.368
TATAG	833.0	8632.7	-7.230
ATCCT	1467.0	15654.4	-7.053
GGCTG	3697.0	40541.1	-7.045
ACTAT	770.0	7976.7	-6.915
GTAAC	508.0	5120.5	-6.896
ACGTA	177.0	1613.6	-6.810
ATCTT	1783.0	19199.0	-6.779
GTCTC	2721.0	29734.6	-6.544
ACGGA	499.0	5067.0	-6.350
AATCT	1379.0	14774.7	-6.327
AAATT	1664.0	17975.0	-6.129
TGTTG	2757.0	30277.2	-5.858
TTAAC	751.0	7870.3	-5.830
GTGGT	1680.0	18197.3	-5.823
TTAAG	1088.0	11616.4	-5.711
ATCAT	1052.0	11243.0	-5.530
CAGGG	1880.0	20548.1	-5.238
TATAT	1307.0	14130.5	-5.206
GCATA	589.0	6165.9	-5.076
TAAAT	1284.0	13890.2	-5.061
ACCAT	1750.0	19174.9	-4.699
GCACG	493.0	5148.0	-4.651
CACAC	1775.0	19467.5	-4.647
AGTAT	793.0	8467.4	-4.609
GCTAG	762.0	8129.1	-4.594
CATAC	546.0	5744.3	-4.436
CGTAA	148.0	1417.6	-4.426
CCCAA	2037.0	22515.8	-4.196
TTAAA	1669.0	18378.0	-4.134
ATATA	1025.0	11136.9	-4.093
TGCGC	456.0	4787.4	-4.055
GGGTG	1353.0	14830.9	-4.046
ATACC	536.0	5675.8	-4.040
AACGT	221.0	2230.2	-3.897
CCAGG	3975.0	44606.4	-3.819
ATGAT	1138.0	12512.8	-3.448
GCGCC	805.0	8770.6	-3.378
ATACT	672.0	7281.3	-3.352
GTCAC	1208.0	13322.2	-3.344
GATCT	1866.0	20781.8	-3.310
ATCGT	191.0	1950.4	-3.216
GATTT	1759.0	19632.1	-3.034
CGAGC	258.0	2693.4	-3.030
AGGGT	1355.0	15048.4	-2.993
GTTGT	1196.0	13270.6	-2.902
CAACT	843.0	9331.7	-2.547
CCTTA	858.0	9524.2	-2.415
CATGA	1289.0	14434.1	-2.406
CTAAA	821.0	9121.5	-2.349
CTACG	168.0	1764.7	-2.236
TTGCT	2295.0	26000.2	-2.225
CGGTT	276.0	2981.9	-2.204
TGTGC	1691.0	19094.8	-2.179
ATAAC	463.0	5092.0	-2.157
GACCA	824.0	9198.9	-2.088
AAAGT	1706.0	19295.6	-2.063
GTGGA	1119.0	12581.2	-2.051
TCTTA	1146.0	12891.7	-2.018
TACTA	586.0	6517.0	-1.973
GGGGG	1017.0	11437.6	-1.956
ATGAG	1164.0	13121.6	-1.927
TGTGT	3091.0	35271.5	-1.899
CTTAG	859.0	9652.1	-1.858
AGGGC	993.0	11198.4	-1.830
ATCGG	130.0	1376.7	-1.826
TACGA	108.0	1143.3	-1.761
CGGAG	629.0	7046.3	-1.758
TCATA	778.0	8757.9	-1.716
AAAAT	1784.0	20362.4	-1.566
TTGCC	1958.0	22393.1	-1.504
CATCG	190.0	2090.5	-1.491
CTGAA	1236.0	14085.6	-1.477
ACAAT	841.0	9550.5	-1.413
GACAT	732.0	8299.3	-1.411
TCCGC	809.0	9186.2	-1.400
AATTT	3176.0	36511.8	-1.383
AGCAG	1330.0	16432.1	-1.377
TGGGC	1645.0	18837.4	-1.348
GTGTC	1018.0	12048.1	-1.344
GTTAT	663.0	8624.1	-1.315
TTTGG	2203.0	26344.3	-1.312
GTGTT	1540.0	18776.4	-1.286
AAGTC	667.0	8964.8	-1.280
AGCTC	1513.0	19347.7	-1.254
TGGGG	1761.0	22989.4	-1.250
ATTAA	878.0	10036.7	-1.237
TGCAT	1046.0	14885.8	-1.231
CTAAG	504.0	7542.2	-1.208
TCTCT	1995.0	34197.5	-1.205
TTTCA	2106.0	32563.2	-1.205
TACCT	934.0	10690.9	-1.194
TTACT	1214.0	13944.0	-1.153
CACGA	293.0	3820.0	-1.121
CGCGA	212.0	2566.2	-1.118
TCGGA	108.0	1998.7	-1.117
TAGTT	986.0	12874.1	-1.112
GCACA	1153.0	13249.3	-1.106
CGACA	97.0	1746.1	-1.101
TATCG	105.0	1169.2	-1.095
ACTTT	1989.0	22950.4	-1.085
GCTGA	1170.0	16521.9	-1.078
CTTAA	849.0	9745.7	-1.064
TCACA	1003.0	14465.4	-1.048
AGTTT	1926.0	25770.5	-1.033
TGAAA	1256.0	15007.1	-1.030
TGATA	718.0	8257.9	-0.998
GTTTA	846.0	12463.8	-0.997
GGGTT	2260.0	27092.4	-0.997
CGGAT	148.0	2156.9	-0.989
TCGCC	648.0	7451.9	-0.974
TATTA	1149.0	13263.9	-0.963
ATTGC	839.0	10771.8	-0.961
GTATA	577.0	6641.9	-0.947
ACATG	792.0	12057.7	-0.946
TATAA	818.0	9432.9	-0.934
GGTTT	1928.0	28347.1	-0.930
TGAGC	1728.0	21211.6	-0.925
GGGCA	975.0	13278.1	-0.921
GCAAG	808.0	10958.8	-0.918
TGATC	1823.0	21113.0	-0.902
TCCTC	1825.0	23530.8	-0.899
TGTAA	1114.0	12888.6	-0.894
CTGTT	2074.0	24039.5	-0.892
ATGGA	1191.0	13784.7	-0.892
ACCCG	453.0	5210.9	-0.888
CCTGA	2211.0	25972.1	-0.879
CCCTG	1655.0	22023.7	-0.874
TCTAA	810.0	9368.4	-0.854
TGGTG	2033.0	23592.4	-0.831
TCGCA	123.0	2082.1	-0.828
TGGAT	935.0	12835.2	-0.816
GTCCA	643.0	9041.9	-0.809
TCAAT	631.0	9015.8	-0.808
TTGCG	226.0	2596.2	-0.806
ATCAC	899.0	10790.7	-0.796
TTGCA	1210.0	16335.6	-0.786
CGATC	648.0	7512.4	-0.786
CGTAT	140.0	1609.1	-0.780
CCTAA	566.0	8085.1	-0.777
TCAGA	940.0	13974.1	-0.768
TGGTT	1523.0	18263.1	-0.768
ACGAT	263.0	3040.8	-0.763
AGCGC	189.0	2996.8	-0.762
TTAGC	728.0	11376.4	-0.743
ACCCC	781.0	10825.1	-0.736
ATATT	1313.0	16550.0	-0.736
GTTCT	1261.0	15330.5	-0.734
AGCAA	1197.0	13941.7	-0.711
CTAAT	1634.0	19033.0	-0.704
ACATA	702.0	8166.3	-0.699
CATAG	668.0	7782.6	-0.685
ATTGA	673.0	9666.0	-0.680
GAACG	141.0	1638.4	-0.680
CGCTA	155.0	1810.9	-0.654
GAGAT	1585.0	19794.2	-0.648
GGTCT	1796.0	22564.4	-0.645
GGCCC	1034.0	12151.3	-0.645
AGAGA	1868.0	26455.6	-0.639
GTCAT	690.0	9319.2	-0.630
GACCG	163.0	1899.5	-0.627
TTGGC	2069.0	24157.7	-0.626
TCCTA	895.0	10999.9	-0.625
CTATT	959.0	12928.6	-0.620
CTACT	628.0	10509.7	-0.602
CACGG	334.0	3919.1	-0.587
CAGTT	1319.0	16177.7	-0.574
TGGAC	664.0	9067.7	-0.568
AGGGA	1065.0	14554.5	-0.561
GTCTA	490.0	6168.4	-0.554
GTACT	529.0	6216.0	-0.550
TGACG	191.0	2254.9	-0.549
AGATT	1160.0	13886.8	-0.530
GCCTT	1652.0	20025.3	-0.524
GGGAG	1195.0	18918.9	-0.521
GTTGG	1457.0	17094.1	-0.520
TGTCT	1719.0	22959.5	-0.514
AACTT	1102.0	12945.7	-0.512
TTAAT	1310.0	16519.6	-0.499
ATGTG	1351.0	15864.1	-0.494
GATTG	659.0	9125.5	-0.492
ACTCA	830.0	11760.2	-0.484
CTGAC	980.0	15961.8	-0.479
TGTCG	480.0	5676.3	-0.469
GAATT	1088.0	12806.6	-0.467
CGGTC	175.0	2083.4	-0.458
TACGC	89.0	1467.1	-0.454
ACGTG	371.0	4400.5	-0.451
TTCTA	1208.0	14229.9	-0.449
GTGAA	751.0	11015.5	-0.448
ACCAG	911.0	12013.1	-0.446
TCTGA	1252.0	15947.3	-0.437
GTTGA	675.0	9325.0	-0.432
AACTC	1359.0	16025.6	-0.418
TAACA	669.0	7918.9	-0.418
ATGTA	780.0	9226.0	-0.417
GTTTG	1445.0	21190.0	-0.415
TGCTA	723.0	10116.8	-0.413
CAGCA	1118.0	17510.5	-0.412
ATTTG	1441.0	19599.0	-0.409
TGTTA	837.0	13599.7	-0.407
ATGTT	1397.0	21926.3	-0.402
GTAGG	582.0	6901.3	-0.400
AATAT	932.0	11992.9	-0.397
TAAGT	746.0	9531.7	-0.384
TGCAC	1222.0	14442.6	-0.377
ACGGC	189.0	2469.1	-0.366
ATCGA	111.0	1354.5	-0.365
GGGTA	449.0	6373.7	-0.361
TCAAC	566.0	7731.5	-0.361
CTTTG	1743.0	25396.3	-0.359
ACTGA	790.0	10886.1	-0.349
CATGG	866.0	13351.7	-0.349
GTACG	94.0	1152.7	-0.347
TACAT	731.0	10099.5	-0.339
AGGCC	960.0	13943.4	-0.334
CTCTT	1964.0	27311.4	-0.333
AGTAA	703.0	8650.3	-0.329
CTTCC	1680.0	25386.5	-0.326
GCCAG	1386.0	22315.3	-0.318
CTAGA	704.0	8389.1	-0.317
TAGAT	665.0	8414.6	-0.316
CAAAT	903.0	12076.2	-0.316
TTGAC	821.0	9780.9	-0.312
GATGC	586.0	7877.2	-0.311
GGAAC	621.0	7423.3	-0.310
GTCGT	95.0	1891.9	-0.307
CGGCA	234.0	2876.4	-0.305
AGGAG	1137.0	18644.8	-0.300
GAAAT	1013.0	12069.6	-0.288
GGCAG	1386.0	18263.7	-0.288
AAACT	1096.0	13723.7	-0.286
GCTTC	1107.0	14938.8	-0.284
GGTTG	936.0	11163.3	-0.283
TAACC	476.0	5724.3	-0.280
CAACA	608.0	10270.7	-0.278
TTTGC	1599.0	23301.2	-0.275
GTGAG	1447.0	19401.4	-0.275
CAACG	146.0	1798.1	-0.273
CGGGA	329.0	4535.5	-0.266
GTATC	447.0	5648.8	-0.264
CCACT	1545.0	18616.9	-0.261
TAACG	107.0	1335.7	-0.261
CAGTA	721.0	9370.7	-0.251
CCGAA	182.0	2239.8	-0.248
TCGTA	113.0	1401.0	-0.247
TTGTC	1247.0	14874.3	-0.244
CCGGA	245.0	3162.1	-0.242
TTCCT	2190.0	32204.6	-0.236
GATAA	497.0	6496.5	-0.236
GACGG	707.0	8497.8	-0.232
CCAAC	618.0	8863.9	-0.230
GTCCT	1023.0	12240.8	-0.229
CAGAT	1093.0	13068.4	-0.228
CGTTT	290.0	4883.4	-0.226
GCCAT	1081.0	15009.3	-0.222
TCCGA	187.0	2313.2	-0.221
AAACG	199.0	2450.2	-0.219
TGTCA	1499.0	17895.3	-0.208
ATGCT	929.0	12342.1	-0.207
CTCGA	453.0	6315.4	-0.205
CTTGT	1414.0	17840.1	-0.205
GTCTG	1092.0	14823.3	-0.203
AGCAC	638.0	11017.2	-0.198
TTATC	709.0	9967.6	-0.196
CGTGT	449.0	5469.9	-0.190
CTGCT	1438.0	23726.4	-0.180
ATAAT	890.0	10724.2	-0.179
TCATT	1617.0	20468.7	-0.178
TGTGG	1586.0	20131.8	-0.176
CAATG	720.0	10705.9	-0.169
AGGTA	574.0	8564.5	-0.168
CAGAG	1911.0	22829.4	-0.167
ATAAG	557.0	6771.2	-0.166
CATTT	2209.0	28753.4	-0.165
TAGTG	695.0	9158.3	-0.164
GAAAA	1125.0	13536.5	-0.163
CGTTG	220.0	2748.3	-0.157
CACAA	834.0	11006.1	-0.156
ATAGC	555.0	6893.6	-0.154
AAATG	1266.0	15218.1	-0.153
TTGGT	1485.0	18091.0	-0.145
CTAGT	626.0	7629.4	-0.139
CCGGT	200.0	2510.5	-0.139
GCGAG	252.0	3138.6	-0.139
ATGGG	945.0	14557.4	-0.136
ACTCT	1392.0	16750.9	-0.134
TCAAA	1245.0	15011.2	-0.131
TGCTT	1708.0	22333.3	-0.131
AACAG	777.0	10870.4	-0.130
GACTT	946.0	11458.0	-0.128
CATAT	786.0	9558.9	-0.126
ATTTA	1741.0	21473.7	-0.125
GAGCT	950.0	13570.9	-0.122
AGTCC	716.0	9638.8	-0.121
AGTTC	964.0	12521.2	-0.117
GACGT	184.0	2340.5	-0.116
AACGC	124.0	1601.5	-0.112
TATCT	878.0	12141.3	-0.109
CGTCA	194.0	2471.7	-0.109
ACGCT	150.0	2738.2	-0.107
TTGTA	1673.0	24339.4	-0.105
GGGCG	393.0	5213.8	-0.103
AACCA	674.0	8896.6	-0.102
TCTGC	1842.0	26262.5	-0.097
GTCCC	708.0	10379.9	-0.096
TCCAA	837.0	11390.2	-0.095
CAAGG	740.0	11654.0	-0.094
CAGGA	1153.0	20398.8	-0.093
GAGAG	1204.0	14636.2	-0.089
CTTCT	1959.0	25680.4	-0.085
TCGGT	188.0	2420.1	-0.083
CTCTG	3268.0	39177.0	-0.082
CGCCG	128.0	2311.4	-0.082
ACCGA	116.0	1771.5	-0.081
TGTTC	1207.0	14895.5	-0.080
CGCTC	540.0	6699.8	-0.076
GTAGA	934.0	16939.7	-0.076
GCCAA	624.0	10200.0	-0.075
CGATA	72.0	981.7	-0.075
TAGCA	592.0	8514.1	-0.075
CCGCA	252.0	4023.0	-0.075
ACGTC	179.0	2316.5	-0.074
TGCTC	1472.0	18974.0	-0.074
AGACG	761.0	9362.6	-0.072
ACGGT	194.0	2510.8	-0.071
CCTGT	1498.0	21137.2	-0.070
GATCG	150.0	1967.1	-0.069
CATGT	1372.0	20400.0	-0.068
CCCTC	1252.0	19391.5	-0.067
CATAA	587.0	7286.6	-0.067
GCCGT	193.0	2872.6	-0.066
CGAAC	260.0	3318.1	-0.066
ATTAG	596.0	9107.4	-0.065
GAAGC	735.0	9772.7	-0.063
TGTAT	1500.0	22914.5	-0.062
ATCTG	1146.0	14807.1	-0.061
GATGG	1348.0	20144.2	-0.060
CCTCT	2183.0	28367.1	-0.060
TTCTC	3015.0	36287.8	-0.060
TACGT	159.0	2092.2	-0.060
CATCA	931.0	11459.2	-0.060
AAGAT	819.0	10094.6	-0.059
AAATA	1323.0	16144.6	-0.057
AGAGG	1218.0	15611.7	-0.056
ATGAC	512.0	7119.8	-0.055
AGCCC	1008.0	13612.3	-0.048
CTGTA	1167.0	14311.1	-0.048
AAATC	737.0	9148.3	-0.047
AAGTT	972.0	13169.8	-0.047
TCTCC	2840.0	34295.0	-0.047
TGTAC	610.0	7620.0	-0.046
GGATG	629.0	12094.4	-0.045
TACTT	1050.0	13250.6	-0.043
AACGA	116.0	1567.7	-0.042
CGAGA	208.0	3548.6	-0.042
CCGTG	398.0	6075.2	-0.042
TATTC	866.0	11249.2	-0.041
TATCA	659.0	8229.3	-0.040
GTAAT	751.0	9486.8	-0.040
ACGTT	234.0	3050.9	-0.038
TTAGT	1121.0	19859.4	-0.038
CATTA	696.0	8969.1	-0.037
ACTTC	954.0	12654.0	-0.037
AGATG	1622.0	19918.9	-0.035
TACAC	463.0	6555.6	-0.034
GGCGG	469.0	5941.7	-0.033
CTATA	544.0	6851.7	-0.033
ACCCT	764.0	11933.5	-0.033
CTAAC	378.0	5932.0	-0.032
CTTCA	1147.0	16735.0	-0.031
GCTCT	1865.0	22759.2	-0.031
GGCCA	1151.0	18831.8	-0.031
CAAAC	816.0	10691.2	-0.030
AGATA	718.0	8990.6	-0.029
TATGT	1044.0	13940.6	-0.029
GCGCT	256.0	3608.2	-0.029
AACGG	134.0	1828.2	-0.027
AACAC	633.0	7966.7	-0.026
GTCCG	151.0	2052.2	-0.025
TAAGA	696.0	8744.8	-0.024
GGACG	181.0	2430.4	-0.024
ACACT	757.0	10101.9	-0.023
GCTTT	1583.0	21835.1	-0.022
TTTCG	396.0	5101.8	-0.021
CACTC	1191.0	16464.1	-0.020
ATATC	505.0	6455.0	-0.019
GATAT	498.0	7396.9	-0.019
TACCC	551.0	7017.3	-0.019
GTCGG	148.0	2034.1	-0.019
ACCAA	539.0	8154.5	-0.018
TGCGG	282.0	3960.6	-0.018
ATTTC	1384.0	21343.5	-0.018
GCTAT	579.0	8392.8	-0.018
GGTAT	565.0	7327.5	-0.017
CCTTG	1428.0	19791.8	-0.017
ACCTA	514.0	6580.8	-0.016
ATCAG	629.0	9654.9	-0.016
TATGG	632.0	8029.6	-0.016
CGTCT	278.0	4545.8	-0.016
CACTT	1242.0	17525.7	-0.015
AATAA	967.0	12102.5	-0.015
GCGTT	210.0	2830.4	-0.014
GTTTC	1588.0	25951.6	-0.014
TCGAA	275.0	3651.3	-0.014
GATAG	458.0	5913.0	-0.013
TCCCC	1235.0	17522.0	-0.013
GGATA	429.0	6176.6	-0.012
TATGC	530.0	6824.8	-0.011
CGAAT	121.0	1714.8	-0.011
CTCGT	252.0	4688.8	-0.011
CCAGA	1244.0	15512.8	-0.010
CCGCG	218.0	3426.4	-0.010
TCTGT	2815.0	34467.5	-0.010
GTTAC	431.0	6700.5	-0.009
GCGGC	281.0	3752.3	-0.009
ACTAA	542.0	6993.6	-0.009
CTCTC	1487.0	24224.4	-0.009
TCGTT	209.0	3169.7	-0.009
CGTTC	193.0	2658.9	-0.008
GAATC	446.0	7536.2	-0.008
CGAAG	163.0	2266.1	-0.008
GATGT	779.0	9902.9	-0.008
TCCTT	2066.0	26809.5	-0.008
GACGC	153.0	2153.7	-0.008
GAAGA	892.0	11300.0	-0.007
GTCGA	73.0	1107.5	-0.007
ACCTT	1064.0	14286.5	-0.007
GGTCC	530.0	7405.9	-0.007
TTCAC	1391.0	22325.6	-0.007
CCCCT	1260.0	16772.0	-0.007
ATGGC	819.0	12313.1	-0.006
TAAAA	1361.0	17017.3	-0.006
GAGGG	1078.0	13612.8	-0.005
GACGA	122.0	1796.3	-0.005
GACAA	455.0	7497.9	-0.005
AGATC	665.0	8559.7	-0.005
TCTTC	1487.0	21599.2	-0.005
GCGAA	105.0	1555.2	-0.005
GAACT	1082.0	13677.9	-0.005
TGATG	1087.0	13738.9	-0.005
TGGCC	1947.0	25372.4	-0.005
CCGAT	103.0	1534.0	-0.004
AATTG	771.0	9884.2	-0.004
TTACC	682.0	8795.1	-0.004
TTTAC	1135.0	14326.9	-0.004
CTATC	483.0	6330.3	-0.004
CGAGG	330.0	4429.6	-0.004
TCCAC	1258.0	17565.5	-0.004
CCTTT	2226.0	27579.6	-0.004
ACGAG	165.0	2338.0	-0.004
ATACG	95.0	1432.2	-0.004
CGAAA	121.0	1769.4	-0.004
GGCAA	644.0	9149.6	-0.004
CGATG	135.0	1959.8	-0.004
AGGAT	918.0	13669.8	-0.003
AGGGG	814.0	12122.0	-0.003
ACTTG	807.0	11677.9	-0.003
GGCGA	201.0	2812.0	-0.003
GCAGA	887.0	13829.7	-0.003
GACCT	978.0	15779.2	-0.003
TAGTA	808.0	15484.4	-0.003
ATCAA	520.0	6933.9	-0.003
ACCCA	1489.0	18697.2	-0.003
GTTAA	568.0	7522.3	-0.003
ATTGG	630.0	9894.9	-0.003
ACGAA	107.0	1609.2	-0.003
ATCCC	627.0	10780.6	-0.003
GCAAA	750.0	9686.4	-0.003
CCTTC	1384.0	21627.7	-0.003
CCCGT	270.0	3717.2	-0.002
CTTTA	1131.0	16114.5	-0.002
GATGA	754.0	9766.3	-0.002
AACAT	757.0	11030.8	-0.002
AGGTT	1363.0	17236.4	-0.002
AAAAC	855.0	11025.4	-0.002
TCCCT	1429.0	23317.3	-0.002
TTCCA	1268.0	19820.7	-0.002
CATTC	1154.0	15308.2	-0.002
GGTCG	125.0	1863.2	-0.002
CATTG	868.0	12378.2	-0.002
ATTCA	996.0	12770.2	-0.002
GATCC	1018.0	13046.3	-0.002
AATGT	930.0	12254.2	-0.001
CCATC	1044.0	14563.6	-0.001
AAAGG	776.0	11550.5	-0.001
TCGAC	109.0	1682.3	-0.001
GAAAC	605.0	9646.4	-0.001
TGAGG	1230.0	17987.6	-0.001
ACACA	1138.0	15394.1	-0.001
GAACA	626.0	8254.4	-0.001
CGGAC	101.0	1866.5	-0.001
CATCT	1162.0	17075.2	-0.001
CGGCG	117.0	2073.4	-0.001
GGTTA	522.0	6962.4	-0.001
CGTGA	617.0	8623.3	-0.001
TAGTC	491.0	6584.9	-0.001
AATAG	567.0	8401.6	-0.001
GGTAG	561.0	7471.2	-0.001
ATATG	684.0	9001.3	-0.001
ACTTA	601.0	7969.0	-0.001
GTATG	552.0	7366.1	-0.001
ATCTA	486.0	6871.4	-0.001
GGAGA	1229.0	15756.3	-0.001
GTCAA	468.0	6318.6	-0.001
ACCGT	254.0	3907.4	-0.001
GGTGA	911.0	14619.1	-0.001
TATCC	510.0	6864.1	-0.000
GGTCA	698.0	10289.7	-0.000
TTCAT	1488.0	19189.4	-0.000
AGAGC	799.0	11829.9	-0.000
TTCGC	244.0	3503.2	-0.000
TGAAT	1022.0	13267.6	-0.000
AATCG	106.0	1686.0	-0.000
AAGAG	970.0	12640.4	-0.000
GAATG	719.0	10667.9	-0.000
TAAAC	528.0	7141.3	-0.000
TGGTA	729.0	10025.9	-0.000
TTCGT	212.0	3112.1	-0.000
ATTCG	111.0	1773.5	-0.000
GTAAA	611.0	8226.4	-0.000
ATAGA	584.0	7881.7	-0.000
ATAAA	972.0	12734.7	-0.000
ATTCC	850.0	11732.8	-0.000
CCATG	1766.0	22726.8	-0.000
CTGTC	1850.0	23684.9	-0.000
TCATC	806.0	11705.1	-0.000
TAATG	695.0	9298.2	-0.000
ATAGT	600.0	8113.4	-0.000
TCGTC	152.0	2347.2	-0.000
CGCTT	275.0	3971.3	-0.000
AATCA	720.0	9628.4	-0.000
TAATA	695.0	9308.2	-0.000
ATCTC	1876.0	23939.2	-0.000
CCAAA	1446.0	18649.2	-0.000
AAGGC	650.0	9823.5	-0.000
ACATC	596.0	8081.2	-0.000
AGAAT	751.0	12591.3	-0.000
GAGAA	997.0	13796.5	-0.000
TAAGG	538.0	7370.9	-0.000
ACTCG	161.0	2494.2	-0.000
CAAGA	736.0	11042.8	-0.000
CTGAT	967.0	12820.0	-0.000
GTTCG	122.0	1994.3	-0.000
GGACA	570.0	9398.2	-0.000
TATAC	395.0	6078.2	-0.000
GTCAG	813.0	12186.1	-0.000
TGGTC	1263.0	19487.7	-0.000
TAGAC	404.0	5715.0	-0.000
CGGAA	135.0	2170.7	-0.000
AATGA	850.0	11395.1	-0.000
ACATT	1048.0	14277.2	-0.000
GCCGA	211.0	3213.1	-0.000
AGTTA	634.0	8697.9	-0.000
GGCCG	354.0	5109.6	-0.000
GGGGA	915.0	12762.9	-0.000
CGACG	36.0	764.5	-0.000
CCCAT	774.0	13106.0	-0.000
CGCGG	138.0	2252.3	-0.000
CTATG	666.0	9157.5	-0.000
TGTCC	1016.0	13650.8	-0.000
TGACC	918.0	15846.7	-0.000
CAAAA	1084.0	14479.6	-0.000
CTTTC	1605.0	28559.4	-0.000
TAGAA	718.0	9883.2	-0.000
CACAT	916.0	13095.4	-0.000
TAGGA	693.0	9558.8	-0.000
TTCCC	1493.0	21903.6	-0.000
ATCCG	229.0	3555.6	-0.000
CCATA	512.0	7281.5	-0.000
TGAAC	866.0	11807.4	-0.000
CCGTC	233.0	3616.7	-0.000
TAATC	627.0	8813.7	-0.000
TCGGG	213.0	3391.2	-0.000
TCTAT	785.0	10859.1	-0.000
GGAAA	934.0	12790.9	-0.000
TAGGG	560.0	8009.4	-0.000
GGGAA	872.0	12623.1	-0.000
CCGAC	130.0	2285.6	-0.000
TTCCG	235.0	3753.9	-0.000
TCCGT	217.0	3512.8	-0.000
CGTTA	82.0	1597.0	-0.000
AGGAC	622.0	8891.0	-0.000
AGACC	578.0	9308.6	-0.000
ATGAA	755.0	11088.2	-0.000
AACCG	81.0	1591.1	-0.000
TTTCC	1942.0	30022.2	-0.000
TACTC	515.0	7706.9	-0.000
GAAAG	826.0	11567.8	-0.000
AAGAC	590.0	8515.1	-0.000
GCCCT	1034.0	14512.3	-0.000
TCTAC	549.0	8945.7	-0.000
AAAGC	613.0	9646.0	-0.000
TTCGG	160.0	2783.0	-0.000
AGAAG	1001.0	14086.8	-0.000
AATGG	918.0	12885.7	-0.000
TCGAT	114.0	2680.1	-0.000
ATCGC	119.0	2229.3	-0.000
GTTCC	693.0	10433.2	-0.000
CCAAT	464.0	7627.1	-0.000
AAGGT	647.0	9935.3	-0.000
AACCC	595.0	8771.0	-0.000
CAATA	417.0	6410.7	-0.000
AGAAA	1249.0	17243.9	-0.000
AACAA	682.0	9944.4	-0.000
AAAAG	963.0	13628.5	-0.000
AAACA	935.0	13344.3	-0.000
CAAAG	1367.0	18826.0	-0.000
GAGGT	831.0	13758.6	-0.000
ATGTC	605.0	9510.6	-0.000
GTAAG	421.0	6549.3	-0.000
GCGGA	166.0	3003.7	-0.000
CCGCT	257.0	4311.7	-0.000
GGAGG	1298.0	20749.8	-0.000
CCATT	1216.0	17550.1	-0.000
CTCTA	728.0	11375.7	-0.000
AAAGA	982.0	13993.6	-0.000
AGGTC	588.0	9593.9	-0.000
CCTAT	524.0	7996.3	-0.000
CTTCG	164.0	3047.8	-0.000
TTAGG	604.0	9825.1	-0.000
CGGTA	52.0	1322.7	-0.000
AGAAC	534.0	8224.3	-0.000
ATGGT	809.0	13781.2	-0.000
AAGGG	702.0	10733.4	-0.000
CCCTA	505.0	7903.3	-0.000
AATCC	683.0	10529.3	-0.000
GAACC	439.0	7224.0	-0.000
AAACC	579.0	9000.1	-0.000
AAGGA	819.0	12228.6	-0.000
GAGGA	929.0	13732.0	-0.000
AAGAA	930.0	13801.3	-0.000
CGTCG	18.0	796.0	-0.000
ATCCA	823.0	12556.2	-0.000
ACAAA	715.0	12779.2	-0.000
AGGAA	921.0	14700.0	-0.000
GACCC	421.0	7891.0	-0.000
CCGTT	126.0	2813.2	-0.000
AAAAA	2034.0	32268.5	0.000
TCCAT	931.0	14921.2	0.000
CCCTT	1085.0	17281.4	0.000
GGAAG	886.0	14147.7	0.000
GAAGG	766.0	12144.8	0.000
CAGAA	871.0	14613.5	0.000
GTTAG	427.0	8006.4	0.000
GGTAA	331.0	6461.0	0.000
