OligoSequence	Target Occurences	Background Occurences	Enrichment(ln p, up to 2 mismatches)
GAACG	223.0	3493.0	-68.395
GCGTT	242.0	3956.8	-67.707
AGCGT	220.0	4343.7	-40.783
TAGCG	139.0	2452.4	-35.016
TATAC	505.0	13541.8	-29.083
ACCGA	147.0	2888.3	-28.461
TGTAG	728.0	20831.2	-27.703
CGAAA	173.0	3871.0	-22.865
GCCGT	171.0	3889.9	-21.950
TGAAC	635.0	18600.3	-21.646
CTAGC	337.0	8992.6	-21.264
GTGTA	548.0	16010.1	-19.633
CCGAA	156.0	3605.0	-19.295
ATCCG	148.0	3386.7	-18.748
TTGGC	708.0	21484.1	-18.499
CGACC	117.0	2520.4	-18.438
TTCTC	1054.0	33270.8	-18.212
GCACC	392.0	11110.4	-17.709
GTAGC	456.0	13221.7	-17.685
ACTAG	372.0	10485.2	-17.498
ACCTA	399.0	11367.9	-17.478
CCGTC	179.0	4443.3	-16.745
AACGC	117.0	2617.9	-16.549
ACGCG	76.0	1472.2	-16.095
GCCAT	524.0	15834.6	-15.287
CACCG	222.0	5925.3	-15.120
CGTTG	164.0	4112.5	-14.941
TGATG	777.0	24526.1	-14.661
TCCGT	181.0	4668.6	-14.616
AACGT	189.0	4924.8	-14.373
GTAGA	618.0	19217.5	-14.019
TGATC	592.0	18342.1	-14.014
CTGGT	670.0	21034.3	-13.836
GGTAG	449.0	13527.0	-13.664
AGGAC	437.0	13154.5	-13.449
AGTGT	694.0	21959.3	-13.284
AGGGA	764.0	24382.8	-13.279
GCTGC	570.0	17695.4	-13.244
TTGAT	845.0	27225.9	-13.069
ACCAC	521.0	16097.3	-12.851
TACGA	100.0	2307.3	-12.778
GTTTT	1716.0	57811.9	-12.626
ACGTG	227.0	6328.2	-12.353
GCGAT	139.0	5147.7	-12.353
CAACT	450.0	13802.8	-12.131
CTTGG	752.0	24234.5	-11.988
CGATA	90.0	2078.3	-11.942
AGCTT	673.0	21510.9	-11.886
CCATT	737.0	23756.5	-11.802
AGAGT	481.0	21773.9	-11.628
GGGAA	618.0	24177.0	-11.628
GAAGG	533.0	23808.4	-11.628
AAGGT	502.0	18841.5	-11.628
TCCTC	545.0	21534.4	-11.628
CGTCA	104.0	3339.6	-11.628
CGGAA	70.0	3841.3	-11.628
AAGGG	489.0	19245.1	-11.628
GGAGA	697.0	26736.6	-11.628
GATGC	321.0	11627.6	-11.628
ACACC	305.0	12058.7	-11.628
AGCTG	736.0	26952.8	-11.628
TTATT	1377.0	57431.8	-11.628
CGACA	66.0	2705.1	-11.628
GCTAC	188.0	9631.5	-11.628
CTTGC	408.0	17248.1	-11.628
AAACG	108.0	5180.7	-11.628
AACGA	99.0	3550.1	-11.628
GACGA	71.0	2777.3	-11.628
ATGGT	491.0	21782.3	-11.628
TAGGG	331.0	13316.9	-11.628
TATCG	60.0	2078.6	-11.628
GGAAC	335.0	12758.5	-11.628
GCTAG	230.0	10269.7	-11.628
CTAGG	347.0	13579.3	-11.628
TTTCT	1788.0	68187.5	-11.628
TAAAA	1214.0	48890.1	-11.628
ATAGA	423.0	19960.3	-11.628
ACTTT	927.0	35528.2	-11.628
CTTTT	1669.0	61564.3	-11.628
TTTTG	2107.0	72596.4	-11.628
TTTGA	1121.0	43968.2	-11.628
AAAAT	1331.0	56757.9	-11.628
AAATT	1068.0	43991.0	-11.628
AATTT	1350.0	53686.6	-11.628
ATTTT	2586.0	90256.9	-11.628
TTTTT	5631.0	209026.9	-11.628
TTTTC	1652.0	61170.4	-11.628
CCGCC	231.0	9862.4	-11.628
CCAAC	269.0	11683.9	-11.628
AACTA	370.0	15393.5	-11.628
CTAGT	293.0	12177.1	-11.628
CTAAA	510.0	20514.0	-11.628
TTCTT	1422.0	56477.6	-11.628
TATTT	1751.0	71219.6	-11.628
ATTTG	922.0	37741.3	-11.628
GAACA	479.0	17572.0	-11.628
GCTTC	453.0	16375.3	-11.628
TTGTT	1168.0	51289.7	-11.628
TGTTT	1404.0	60154.9	-11.628
CGCGT	37.0	1874.1	-11.628
TTTGT	1523.0	62029.9	-11.628
TTAAA	1196.0	46586.0	-11.628
ATATT	956.0	38495.6	-11.628
TTTAT	1529.0	59466.4	-11.628
TTTTA	2191.0	75899.3	-11.628
CCGTT	106.0	4057.7	-11.628
GTATA	412.0	16146.7	-11.628
ATAAC	298.0	13003.9	-11.628
ACGTA	64.0	3581.3	-11.628
CGTAG	50.0	3061.9	-11.628
GCAGC	341.0	15425.6	-11.628
TCGAT	76.0	3251.3	-11.628
CATAG	334.0	13981.9	-11.628
GATTT	867.0	34029.5	-11.628
ATTTA	970.0	42764.9	-11.628
TTTAA	1438.0	54314.5	-11.628
TCTTT	1333.0	57991.9	-11.628
GATTG	434.0	16533.4	-11.628
GGTAT	321.0	13468.0	-11.628
TTTCA	1128.0	43951.1	-11.628
ACCAA	347.0	15046.5	-11.628
TTTCG	135.0	5321.6	-11.628
TTCGG	98.0	3705.9	-11.628
ATAGC	299.0	11728.7	-11.628
TTAGC	407.0	16052.5	-11.628
GCTGA	505.0	21550.2	-11.628
TGACC	383.0	15228.9	-11.628
TTGGA	671.0	25422.5	-11.628
TCTAG	427.0	15936.3	-11.628
TAGTA	480.0	18940.6	-11.628
GGCTT	533.0	19206.3	-11.628
GTTGC	391.0	15600.0	-11.628
CCTAA	375.0	13351.6	-11.628
AGTAG	576.0	22572.9	-11.628
TTGAC	367.0	14645.9	-11.628
AAAAA	2319.0	88736.2	-11.628
CATGG	410.0	18768.1	-11.628
TACGG	52.0	2327.5	-11.628
ACGGG	124.0	4850.9	-11.628
CGGGT	117.0	5336.5	-11.628
CTTCG	113.0	4044.6	-11.628
CCATA	323.0	12234.3	-11.628
GCGTC	57.0	3356.4	-11.628
CGTCT	134.0	5715.7	-11.628
CTACT	336.0	16017.9	-11.628
TAGCC	323.0	11964.7	-11.628
GCCTA	248.0	10529.8	-11.628
CCCTA	262.0	9848.9	-11.628
TAGCA	409.0	15275.7	-11.628
CCCCC	296.0	11641.8	-11.628
CTACC	250.0	9565.7	-11.628
AGCAT	391.0	18389.6	-11.628
GCATT	474.0	19750.6	-11.628
GAACC	311.0	11765.1	-11.628
AGTGA	681.0	27371.4	-11.628
ACCGT	98.0	4321.4	-11.628
CACCA	603.0	22678.1	-11.628
CCGGT	81.0	2927.9	-11.628
GTGCA	477.0	19277.8	-11.628
TCGGC	165.0	6188.7	-11.628
CAACC	299.0	12532.9	-11.628
CGGAT	76.0	3069.1	-11.628
TGTAC	355.0	13167.9	-11.628
TCATC	374.0	15982.2	-11.628
TGCTC	413.0	17143.0	-11.628
TGGAC	330.0	12478.2	-11.628
GAGTA	362.0	15359.3	-11.628
TCGTG	123.0	5604.8	-11.628
TACCT	399.0	15391.2	-11.628
TCACC	460.0	17888.5	-11.628
GACCG	71.0	2794.1	-11.628
CCGAC	63.0	2679.8	-11.628
CTGCT	605.0	24446.7	-11.628
TCTGC	440.0	22245.0	-11.628
AACAG	492.0	20197.0	-11.628
GCCTG	590.0	27699.9	-11.628
GTACA	322.0	12419.6	-11.628
GACCA	358.0	12909.3	-11.628
AACCG	70.0	2920.9	-11.628
ACCGG	75.0	2751.3	-11.628
GCTCC	348.0	12909.4	-11.628
CGATC	108.0	3994.4	-11.628
GACGT	53.0	3608.3	-11.628
CGTAC	23.0	1695.5	-11.628
GGATC	252.0	10977.5	-11.628
TGTCG	81.0	4181.9	-11.628
GTCGA	44.0	2032.7	-11.628
TTCGC	100.0	3170.4	-11.628
TCGCG	53.0	1718.3	-11.628
ACGCC	110.0	5709.7	-11.628
CAACG	72.0	2787.5	-11.628
ATCGA	75.0	2661.7	-11.628
AAGCG	121.0	5569.5	-11.628
AACCC	303.0	13487.5	-11.628
GGTTA	282.0	12652.4	-11.628
AGCGG	88.0	4452.2	-11.628
CGGCC	166.0	7361.4	-11.628
ATCGG	61.0	2173.9	-11.628
CTCCG	190.0	6703.9	-11.628
AGCGA	139.0	5647.3	-11.628
AACGG	82.0	3118.5	-11.628
TAACG	85.0	2757.6	-11.628
ACCGC	123.0	4007.6	-11.628
CTCGA	118.0	4848.7	-11.628
CGAAC	92.0	3085.1	-11.628
GATCG	102.0	3315.3	-11.628
CGGTT	71.0	3370.1	-11.628
GCGAA	91.0	2856.3	-11.628
TCGTC	66.0	2859.1	-11.628
TCGGT	79.0	3058.7	-11.628
GCGTA	57.0	2338.0	-11.628
CGCAA	65.0	2623.6	-11.628
CGATG	85.0	3301.4	-11.628
GTACG	40.0	1893.9	-11.628
AGAGA	1088.0	36099.5	-11.526
GGCGT	251.0	7237.5	-11.319
CGTAT	132.0	3402.3	-11.228
GGTTT	946.0	31229.3	-11.164
TAGAG	664.0	21345.9	-11.150
CTTAG	488.0	15336.8	-10.919
TCAGC	663.0	21409.0	-10.859
TGGTC	539.0	17134.5	-10.656
CATTG	622.0	20000.9	-10.655
TCTCC	789.0	25866.7	-10.552
CCGAT	92.0	2240.7	-10.304
ATAGG	447.0	14030.8	-10.277
GTGAA	719.0	23503.0	-10.229
GGTGT	589.0	18978.5	-9.992
CGAGG	229.0	6675.0	-9.891
CGCGA	83.0	1991.0	-9.789
TAGCT	626.0	20350.4	-9.673
CTATA	453.0	14349.1	-9.669
CCCAA	601.0	19504.5	-9.625
ATTGG	537.0	17269.2	-9.550
GTTCG	116.0	3044.4	-9.485
GACTA	342.0	10533.9	-9.457
ATTGA	675.0	22222.2	-9.135
CAAGG	521.0	16804.8	-9.072
GAGGA	760.0	25283.3	-8.861
TGGCG	231.0	6878.2	-8.846
GACCT	465.0	14931.4	-8.822
GAGCG	175.0	4997.3	-8.811
GCTTT	879.0	29534.5	-8.775
GCCTT	599.0	19650.7	-8.595
AACTG	607.0	19989.3	-8.313
CAAGT	568.0	18650.3	-8.273
GAATA	612.0	20235.2	-8.054
AAAGT	940.0	31979.3	-7.922
GGGAT	633.0	21050.7	-7.905
AGTTT	1161.0	39898.4	-7.875
TTTGC	890.0	30172.6	-7.871
ATCAG	503.0	16467.9	-7.834
CGGCA	123.0	3392.8	-7.811
CCGTA	97.0	2591.3	-7.727
CGTCC	124.0	3445.0	-7.629
TAACT	535.0	17662.3	-7.584
GTGAT	720.0	24207.7	-7.530
AAACC	558.0	18486.9	-7.477
ACCTC	612.0	20407.9	-7.381
AAGTG	835.0	28401.9	-7.339
AACTC	530.0	17566.8	-7.249
GCCTC	876.0	29923.7	-7.212
GATAC	292.0	9226.9	-7.157
CCCGA	179.0	5340.5	-7.130
CAGGG	620.0	20808.7	-7.086
GGTGA	639.0	21458.5	-7.072
GGAAT	607.0	20316.6	-7.036
AGAGG	740.0	25080.0	-7.029
CTAAG	408.0	13303.1	-6.957
TCAAC	356.0	11499.5	-6.934
CGGGG	255.0	7988.0	-6.924
CCTCC	951.0	32724.7	-6.845
CTCCT	917.0	31512.8	-6.830
TCGTA	94.0	2572.6	-6.795
TGGCT	843.0	28838.0	-6.785
GAGCA	482.0	15979.3	-6.770
AACTT	723.0	24585.5	-6.747
ATACT	487.0	16160.1	-6.741
CATCG	102.0	2817.9	-6.703
GATCA	437.0	14378.1	-6.662
CCCAC	488.0	16238.3	-6.598
GCTTG	519.0	17361.1	-6.487
CCGGC	223.0	6954.5	-6.476
TGCCG	143.0	4204.7	-6.436
TACTA	427.0	14097.6	-6.412
TAAAC	515.0	17210.7	-6.392
CATCA	481.0	16046.9	-6.325
CGTAA	104.0	2923.2	-6.315
GCTCG	116.0	3347.4	-6.227
GCGAG	160.0	4813.6	-6.171
CGTGA	254.0	8078.9	-6.155
CCAAA	706.0	24175.2	-6.063
TGCTT	891.0	30881.6	-5.977
ACGAC	74.0	1978.2	-5.950
GCCGG	197.0	6140.0	-5.917
CGGTC	91.0	2554.6	-5.897
TAGGA	533.0	18010.5	-5.891
CTCCC	797.0	27533.2	-5.887
GGACC	274.0	8829.9	-5.883
GGCAT	485.0	16316.5	-5.789
GGGTT	644.0	22040.6	-5.744
CCACC	694.0	23851.3	-5.731
ACGAG	130.0	3864.3	-5.715
CTGAT	571.0	19418.8	-5.699
CAGTT	680.0	23341.6	-5.679
TCTGA	716.0	24668.6	-5.601
ATCAA	465.0	15675.5	-5.581
TATTG	689.0	23719.7	-5.554
ACCCC	353.0	11674.1	-5.533
GGATT	736.0	25426.0	-5.529
CTGCC	723.0	25043.9	-5.367
GGATA	395.0	13222.7	-5.321
CGTGT	207.0	6578.6	-5.307
GGGTA	339.0	11235.2	-5.306
ATGGC	450.0	15196.1	-5.270
TCCGG	134.0	4069.9	-5.241
TAGTG	468.0	15864.8	-5.207
CGTTT	229.0	7364.1	-5.194
GGTCT	539.0	18440.4	-5.191
AGGTG	735.0	25505.0	-5.176
GGCGA	140.0	4308.3	-5.078
AATAT	946.0	33265.7	-5.077
CGCAT	89.0	2572.9	-5.055
TACCG	81.0	2308.1	-4.946
GCGTG	263.0	8629.7	-4.912
TTGCG	119.0	3614.2	-4.881
GCGGT	137.0	4229.1	-4.870
GGTAA	417.0	14147.3	-4.863
TTAAC	481.0	16447.0	-4.858
ATGCC	455.0	15504.9	-4.789
GACGG	175.0	5537.8	-4.775
AAAGG	736.0	25709.7	-4.767
TCGCC	150.0	4704.7	-4.633
ACTTA	494.0	16980.2	-4.560
AAGTT	757.0	26588.4	-4.555
AAGCC	440.0	15054.7	-4.547
CCACT	538.0	18600.3	-4.544
TCAGT	635.0	22126.0	-4.529
TCCTG	957.0	33902.6	-4.511
AACCT	558.0	19383.1	-4.388
CACTA	317.0	10682.1	-4.367
CGGCT	218.0	7139.5	-4.357
AAGGA	784.0	27632.9	-4.341
AGGAA	941.0	33390.2	-4.331
TGATA	566.0	19689.2	-4.298
GTTGA	514.0	17833.7	-4.273
TTCCG	140.0	4438.2	-4.213
GTACC	230.0	7600.2	-4.201
CACCC	451.0	15555.0	-4.190
GAAGC	472.0	16307.0	-4.177
ATACG	96.0	2927.2	-4.127
CCACG	189.0	6148.5	-4.113
GATGT	515.0	17900.1	-4.078
CTAGA	432.0	14895.4	-4.074
CCTGA	675.0	23789.2	-4.064
GAGAA	863.0	30701.6	-4.050
GATTA	614.0	21552.3	-4.047
TCTGG	679.0	23942.1	-4.047
AAGCT	553.0	19334.4	-4.008
TCAAG	606.0	21295.1	-3.981
TATAG	500.0	17405.6	-3.952
GCTAA	436.0	15109.6	-3.949
AATTG	639.0	22506.1	-3.911
ATTGT	737.0	26121.8	-3.893
GAATG	632.0	22289.3	-3.859
GATCC	341.0	11688.3	-3.849
GGGGT	506.0	17674.6	-3.826
GAAGA	772.0	27456.7	-3.826
CTCCA	640.0	22595.9	-3.813
TCTCG	250.0	8435.2	-3.662
TTGGT	740.0	26333.5	-3.645
TTGGG	749.0	26685.5	-3.642
ACTAT	420.0	14603.2	-3.634
GTAAC	291.0	9936.3	-3.625
TTGAA	980.0	35177.3	-3.624
GTTTC	771.0	27506.5	-3.612
CGGTA	71.0	2110.5	-3.600
CAAAG	714.0	25419.9	-3.577
ATTAC	570.0	20108.4	-3.557
TGGAA	846.0	30320.8	-3.547
CCTGC	614.0	21760.9	-3.532
TCTTG	841.0	30154.5	-3.463
GATAA	489.0	17184.1	-3.445
TTCAG	773.0	27640.1	-3.440
TGACG	104.0	3279.8	-3.422
ACTCT	539.0	19104.2	-3.299
TCGAA	123.0	3966.9	-3.280
TCCGA	97.0	3085.2	-3.267
CCTAG	372.0	12973.6	-3.235
GTCTG	506.0	17898.3	-3.234
TCGAC	60.0	1807.4	-3.209
TCTTA	622.0	22197.3	-3.187
AATAG	573.0	20424.1	-3.138
CAATA	431.0	15185.6	-3.098
TAAGA	584.0	20843.6	-3.039
TGGTA	518.0	18438.4	-3.026
TACAG	663.0	23821.0	-3.015
GAACT	531.0	18917.1	-2.978
AAGAG	714.0	25712.0	-2.974
ATCGT	107.0	3470.5	-2.935
AGATG	738.0	26643.3	-2.917
CCTAC	266.0	9200.3	-2.916
CGAAT	94.0	3033.9	-2.906
CGTTC	107.0	3479.4	-2.889
TAGAC	281.0	9781.4	-2.886
GCATA	338.0	11863.3	-2.882
ACAAC	323.0	11320.8	-2.870
GTTGG	545.0	19519.0	-2.869
AAAAC	796.0	28825.4	-2.844
GGTAC	221.0	7620.0	-2.807
GTCCG	86.0	2759.6	-2.794
TACAC	301.0	10558.9	-2.779
CGAAG	119.0	3952.9	-2.751
TGAAG	768.0	27869.4	-2.719
TTGCT	873.0	31812.3	-2.681
AGTAT	522.0	18729.6	-2.679
GATGA	562.0	20239.0	-2.624
AGAAC	482.0	17296.9	-2.620
CACCT	576.0	20771.2	-2.593
TTGTA	851.0	31036.6	-2.560
TGCGG	145.0	4907.9	-2.546
GATGG	641.0	23238.8	-2.541
ACAGG	676.0	24508.6	-2.540
GAAAA	1114.0	40856.3	-2.537
GTAGT	418.0	14930.9	-2.522
GTCTT	677.0	24569.0	-2.521
CGCCA	173.0	5925.5	-2.503
ACGCA	88.0	2885.8	-2.486
TAAAG	671.0	24409.7	-2.455
TGCCA	592.0	21481.2	-2.410
ATACC	291.0	10311.8	-2.407
CCCCA	509.0	18411.9	-2.379
AGCCG	170.0	5879.5	-2.379
CATTT	1266.0	46702.3	-2.344
CTCGC	134.0	4572.2	-2.340
ACCTG	547.0	19822.3	-2.338
CATGT	649.0	23647.3	-2.330
TGTTC	607.0	22055.8	-2.322
GAGAG	685.0	24982.8	-2.318
TATAA	715.0	26140.6	-2.300
CTCAA	552.0	20037.3	-2.284
TTACA	752.0	27532.4	-2.261
TTACG	95.0	3187.1	-2.260
TGGCC	574.0	20909.6	-2.239
CGTGC	153.0	5293.2	-2.235
TGCCT	854.0	31364.7	-2.225
ATAGT	513.0	18633.0	-2.213
GGTCA	387.0	13939.0	-2.182
ATCGC	93.0	3128.5	-2.181
CTGGC	580.0	21143.4	-2.159
CGGTG	161.0	5586.8	-2.158
GTGTT	701.0	25690.5	-2.137
CAGGT	618.0	22596.9	-2.132
AGGCC	433.0	15699.7	-2.094
CACGA	118.0	4056.4	-2.091
GCATC	287.0	10265.8	-2.082
AGGTA	468.0	17015.4	-2.071
CTTCT	822.0	30310.6	-2.067
ACATC	345.0	12431.1	-2.065
GAAGT	597.0	21869.5	-2.060
TCCAT	589.0	21535.1	-2.057
ACACT	417.0	15144.5	-2.048
CGCGG	104.0	3535.9	-2.043
TAGTC	306.0	11000.4	-2.028
CCCAT	433.0	15733.1	-2.027
CCTCA	667.0	24522.6	-2.020
GGACA	385.0	13970.9	-2.015
GTCAG	444.0	16143.0	-2.014
GTGGA	555.0	20336.2	-1.998
ACGAA	103.0	3508.5	-1.994
ATCAT	538.0	19691.8	-1.977
AGCAG	591.0	21683.4	-1.970
TGTTG	885.0	32756.8	-1.941
AGACT	498.0	18231.4	-1.932
GTGCT	560.0	20573.3	-1.917
TCGCT	152.0	5343.0	-1.916
ACTCC	462.0	16875.1	-1.907
CCACA	490.0	17935.8	-1.886
TCATT	887.0	32854.8	-1.886
GTATT	720.0	26636.5	-1.783
AATGG	600.0	22146.2	-1.769
TCCAC	426.0	15613.2	-1.741
CAGCT	654.0	24214.6	-1.741
CATAT	554.0	20446.0	-1.741
GCAGA	551.0	20310.8	-1.729
GCTTA	355.0	12978.1	-1.724
GTCAA	326.0	11901.9	-1.720
TCGGG	133.0	4698.3	-1.709
AACCA	468.0	17215.8	-1.704
TATGG	417.0	15330.0	-1.690
TGCTG	851.0	31683.8	-1.667
TCCGC	154.0	5499.1	-1.658
GGAAA	833.0	30998.6	-1.654
AAGTA	592.0	21936.2	-1.651
GGCCT	534.0	19755.6	-1.640
TGAAT	788.0	29340.1	-1.615
CATGC	429.0	15832.7	-1.592
TGGAT	612.0	22720.5	-1.569
AGAAG	805.0	30027.2	-1.549
ATGGG	519.0	19260.0	-1.538
GTTAA	479.0	17733.2	-1.532
ATGAT	634.0	23589.7	-1.517
CTATT	598.0	22236.9	-1.500
CCATC	416.0	15393.5	-1.499
CGAGC	94.0	3325.6	-1.494
GTAAA	581.0	21620.6	-1.485
TAATT	1030.0	38604.3	-1.483
GGCTG	841.0	31494.4	-1.454
TTCGA	107.0	3803.7	-1.443
GCTGG	949.0	35621.8	-1.442
ATGCG	87.0	3073.7	-1.432
GGCTA	353.0	13049.1	-1.425
ATAAG	456.0	16938.2	-1.415
AGTGG	655.0	24470.1	-1.401
TTATC	476.0	17733.0	-1.392
TGGGT	637.0	23835.3	-1.390
ACGTT	102.0	5193.6	-1.384
TGGTG	701.0	29421.7	-1.377
CGCTC	128.0	4609.1	-1.365
TACAT	577.0	21571.9	-1.358
TGTGC	541.0	20188.6	-1.354
TTTGG	1027.0	38889.8	-1.353
ACGTC	88.0	3133.7	-1.352
AAAGC	508.0	19993.8	-1.345
CATAA	456.0	16992.1	-1.334
ATTGC	430.0	17150.8	-1.333
AAGTC	408.0	15646.6	-1.329
CTTGA	641.0	24034.5	-1.327
TAAGT	484.0	20042.7	-1.326
TGGCA	553.0	20763.5	-1.323
CGCAC	85.0	3025.7	-1.323
TTGCC	515.0	20794.7	-1.312
CGACG	15.0	1127.9	-1.307
TGCTA	359.0	16269.4	-1.302
TGGGG	695.0	26108.3	-1.302
CGAGA	141.0	6157.7	-1.298
GAATT	698.0	26218.0	-1.290
ACGGT	95.0	3423.3	-1.286
AATGT	728.0	28713.7	-1.285
ACGGA	91.0	4380.9	-1.282
TGCAA	586.0	21978.3	-1.269
CAGTG	685.0	28093.0	-1.266
AAGGC	420.0	15678.9	-1.263
TGCGT	119.0	4814.8	-1.255
AAACT	709.0	27170.1	-1.248
TAAGG	403.0	15061.2	-1.244
ATATA	838.0	31599.6	-1.234
CCTAT	303.0	12157.7	-1.229
CGATT	107.0	4606.2	-1.211
TACTG	376.0	16841.2	-1.207
ACTGG	461.0	17516.8	-1.202
AGTCT	555.0	21866.5	-1.201
AGGTC	311.0	13424.1	-1.187
ACTTG	489.0	19720.0	-1.184
GGTCG	81.0	2910.0	-1.183
TTAGT	634.0	23862.8	-1.182
GATAG	280.0	12556.2	-1.182
TATCC	312.0	11629.4	-1.181
GGAGC	395.0	14791.4	-1.180
ACTAC	269.0	10321.8	-1.176
CTTAC	316.0	11810.3	-1.166
CGCCT	227.0	9557.3	-1.156
GGGGA	525.0	19913.8	-1.156
ATACA	548.0	20634.9	-1.151
TCAGG	602.0	22711.4	-1.151
CCGTG	172.0	6374.2	-1.146
ACAAG	409.0	15568.1	-1.142
GTTTA	548.0	23682.6	-1.126
CGCTT	97.0	4617.9	-1.124
GGGAG	759.0	28694.0	-1.122
AGAAA	1133.0	46815.4	-1.118
GTTCA	522.0	19670.7	-1.111
TCTTC	709.0	26794.4	-1.111
TGACA	488.0	18406.1	-1.107
CCTTC	544.0	20531.7	-1.104
AGGGG	418.0	17733.0	-1.102
AGGTT	563.0	23166.2	-1.101
GCAAC	320.0	11984.8	-1.096
CTACA	357.0	14530.8	-1.094
CATCC	316.0	13667.7	-1.093
AGCAC	384.0	14451.4	-1.092
GTGGT	541.0	22758.9	-1.089
ATAAA	1012.0	38413.4	-1.086
GCTGT	520.0	20686.6	-1.082
TTGTC	496.0	20204.2	-1.067
GACAT	391.0	14738.0	-1.066
ATGTT	863.0	32764.4	-1.059
GTTAC	282.0	10590.5	-1.053
ACTGT	572.0	21633.4	-1.053
GCCAC	471.0	18590.5	-1.051
CGCCC	190.0	8635.2	-1.049
ACCTT	437.0	18852.4	-1.049
CTGTT	789.0	29933.9	-1.044
AGTTG	513.0	19739.9	-1.038
CCATG	546.0	20636.6	-1.038
TGCAG	680.0	28579.0	-1.033
CCAAT	290.0	12344.5	-1.030
CATCT	519.0	21522.9	-1.028
TCGAG	80.0	4320.4	-1.023
CAATT	401.0	19582.0	-1.021
TAGAA	684.0	25928.5	-1.012
GCAAG	374.0	14110.4	-1.010
ACTCG	47.0	3230.1	-1.009
GCAAA	452.0	18758.3	-0.998
TAAGC	285.0	11387.2	-0.989
CCCTG	545.0	20681.0	-0.988
AAAAG	984.0	37450.5	-0.981
GAGGT	572.0	21702.0	-0.978
ATGGA	613.0	23266.9	-0.977
CGACT	55.0	2750.5	-0.975
CGCTA	37.0	2025.0	-0.974
GCCGA	82.0	5104.1	-0.972
CTGGG	904.0	38219.6	-0.969
ACCAG	435.0	16491.5	-0.965
TACCA	353.0	13735.6	-0.965
GGGCT	395.0	17389.8	-0.965
CTGAC	405.0	15311.5	-0.963
TCCCA	787.0	29929.6	-0.954
TTAGA	599.0	22752.3	-0.950
TCCCG	171.0	7598.1	-0.947
ATGTC	406.0	15370.6	-0.946
AGCCT	695.0	27062.1	-0.933
GTCAT	368.0	14952.8	-0.923
CTTGT	519.0	23246.2	-0.917
TGTCA	556.0	21137.5	-0.914
GTTCT	584.0	22207.9	-0.910
GACTT	405.0	17869.6	-0.910
GTCCT	356.0	15078.3	-0.905
TAGGC	285.0	10777.3	-0.899
GACAA	351.0	13482.4	-0.899
TCTAC	266.0	13373.6	-0.892
ATGAC	335.0	13099.4	-0.892
CCCTC	356.0	15984.7	-0.892
GTATC	262.0	9926.5	-0.891
TAACC	230.0	10232.4	-0.887
TATCA	430.0	16375.9	-0.887
TCGCA	56.0	2363.9	-0.885
TCATG	472.0	20579.3	-0.883
CTCGT	123.0	4598.5	-0.880
AATCA	521.0	19831.1	-0.879
TTTAG	832.0	32800.6	-0.877
CTTCC	582.0	24215.0	-0.874
ATTAG	467.0	19167.6	-0.863
CACAG	539.0	20568.1	-0.859
TGATT	834.0	31875.5	-0.853
GTTGT	473.0	20709.1	-0.853
TGTGA	765.0	29207.9	-0.852
TAATG	509.0	20776.1	-0.850
GTTTG	706.0	29616.9	-0.844
AAATA	1054.0	46617.6	-0.843
ATTAT	813.0	32398.5	-0.843
TTAAT	869.0	34133.7	-0.843
AAAGA	865.0	37640.0	-0.843
TTATA	769.0	29911.0	-0.843
TGGAG	757.0	32609.5	-0.840
CAAGC	353.0	14109.3	-0.840
CAGCC	672.0	25663.3	-0.839
GAGTG	582.0	22234.9	-0.837
AGCCA	634.0	24209.2	-0.836
ATATC	378.0	14440.6	-0.821
TTCTG	928.0	37288.7	-0.815
GAGCT	412.0	17519.6	-0.815
GATCT	404.0	18093.6	-0.814
CCAAG	454.0	18478.0	-0.811
CTTAA	536.0	20475.9	-0.810
CCTCG	160.0	7055.9	-0.808
CACGT	144.0	5633.6	-0.805
GGTCC	202.0	9013.9	-0.801
AGTAC	254.0	10404.9	-0.797
GGTGC	337.0	13472.2	-0.795
CTAAC	232.0	9390.1	-0.791
AGTCG	74.0	2766.6	-0.790
CCGCA	100.0	3913.2	-0.789
ATCTT	669.0	26575.4	-0.786
CAGTC	348.0	13312.7	-0.784
GGCAA	336.0	14456.0	-0.783
AGAAT	776.0	29736.2	-0.771
ACCAT	475.0	18903.2	-0.770
AAATC	541.0	20722.7	-0.759
CCTTA	341.0	14189.7	-0.756
TGAGG	602.0	26981.7	-0.755
TTTAC	566.0	24191.0	-0.753
ACTGA	441.0	19385.6	-0.750
GGAGT	529.0	24295.0	-0.750
TTAAG	558.0	23100.4	-0.748
TGCAC	366.0	14745.8	-0.744
TGTAA	651.0	27687.3	-0.743
CTGCA	677.0	25984.3	-0.742
CGTGG	173.0	6995.5	-0.742
CAGGC	748.0	28723.0	-0.741
TCCTA	411.0	15911.5	-0.736
TAGGT	398.0	16010.7	-0.734
CCAGT	465.0	17862.7	-0.733
GTGAC	348.0	13357.2	-0.732
TGGGC	416.0	20203.7	-0.732
TGTCC	361.0	15718.3	-0.729
CTTAT	471.0	18723.2	-0.716
CTATC	189.0	9241.8	-0.716
ATCCT	466.0	18972.0	-0.710
TGGGA	883.0	36081.6	-0.707
AATAC	386.0	17466.9	-0.705
ATTCT	857.0	32965.2	-0.699
TACGC	37.0	1692.8	-0.699
CAAAC	416.0	16005.9	-0.697
TGCAT	562.0	21646.6	-0.696
GAGTT	482.0	22891.4	-0.691
ACCCG	115.0	4840.9	-0.690
AGGGT	451.0	17758.7	-0.690
TATTA	727.0	28866.3	-0.688
TATGA	461.0	19313.9	-0.683
GATAT	461.0	17729.3	-0.683
ATGCT	479.0	19189.8	-0.681
TCTAT	523.0	20140.6	-0.681
TTGCA	612.0	23970.6	-0.679
ACAGT	500.0	19399.5	-0.678
GTGCC	390.0	15026.6	-0.675
CTGAA	655.0	25668.0	-0.675
AGGAT	502.0	21327.8	-0.671
GGCCA	462.0	17999.9	-0.668
CTTTG	847.0	35093.2	-0.664
CATTA	468.0	18402.9	-0.663
AAATG	953.0	37087.0	-0.663
TGACT	489.0	19525.3	-0.662
ATGAA	689.0	29517.0	-0.660
TAGAT	437.0	19715.3	-0.658
TCCCC	425.0	16370.9	-0.655
TGTGG	691.0	26667.8	-0.653
AGGAG	743.0	30285.4	-0.650
GCCGC	80.0	5155.9	-0.649
TCGGA	53.0	2930.0	-0.648
CGTTA	70.0	3058.8	-0.648
GGACT	339.0	14436.6	-0.642
CCTTG	473.0	21462.8	-0.641
CCAGC	555.0	25248.8	-0.640
GTCTC	481.0	22338.6	-0.636
TGAGC	560.0	22181.7	-0.636
CACGG	68.0	4535.1	-0.624
CAATG	346.0	15076.3	-0.624
GGAAG	696.0	27628.9	-0.623
AGACC	349.0	13656.6	-0.619
GCTAT	321.0	12749.8	-0.618
CCGCT	95.0	4251.7	-0.614
CTAAT	497.0	19222.4	-0.612
CTGTG	759.0	29336.9	-0.609
GTCTA	268.0	10582.6	-0.607
CATAC	241.0	9788.8	-0.604
TTCTA	647.0	26605.4	-0.602
TACAA	430.0	19121.7	-0.602
GTCCA	295.0	11410.1	-0.598
ACCCA	432.0	17358.8	-0.595
GGATG	445.0	18569.1	-0.595
AACAA	649.0	25127.7	-0.591
GAGAT	643.0	24876.2	-0.590
GAAAC	408.0	20051.6	-0.588
GTAAT	454.0	19718.4	-0.588
CCTCT	606.0	23483.1	-0.584
ATCTG	529.0	20501.3	-0.584
AGACG	163.0	6598.0	-0.583
CAGCG	90.0	5115.0	-0.582
GTGGC	459.0	19607.8	-0.569
CTGTA	533.0	23292.7	-0.567
GTCGC	84.0	3265.0	-0.565
CAAAA	786.0	33211.4	-0.563
TAACA	454.0	18145.0	-0.558
TCAGA	529.0	22460.6	-0.557
GCCCC	249.0	12106.9	-0.555
TACTC	280.0	11441.3	-0.553
TTAGG	436.0	17878.2	-0.552
AGAGC	398.0	16508.3	-0.550
AACAT	631.0	24495.0	-0.542
AAGAC	381.0	16392.3	-0.542
GAAAG	672.0	27987.7	-0.541
CCCCT	356.0	15053.9	-0.539
CAGAG	654.0	27411.1	-0.539
TATGC	287.0	11843.9	-0.536
GTTAT	370.0	17583.8	-0.535
TGCCC	496.0	19282.8	-0.531
CCTGG	760.0	32414.4	-0.527
ACATG	499.0	20073.1	-0.526
ATGTG	645.0	26101.5	-0.520
CTTCA	565.0	22068.9	-0.517
GCCCT	366.0	14255.6	-0.512
TCATA	453.0	17659.0	-0.510
GCCAA	373.0	14585.4	-0.509
GGTTG	377.0	17071.3	-0.503
GTTCC	301.0	13445.9	-0.495
TGGTT	689.0	26925.1	-0.492
GTCAC	315.0	12312.8	-0.492
TTGAG	756.0	30934.7	-0.491
TCTAA	447.0	18652.6	-0.486
AATGC	415.0	16207.1	-0.484
AGATT	638.0	26430.3	-0.481
GGTTC	371.0	14576.3	-0.480
TGTTA	630.0	24731.7	-0.479
TATTC	478.0	20984.4	-0.477
ATGTA	579.0	22610.2	-0.475
TAATA	645.0	26022.0	-0.474
CTCAT	466.0	19912.1	-0.465
CCGGG	224.0	8779.5	-0.460
CCTTT	806.0	32936.4	-0.459
ACTAA	391.0	15333.2	-0.451
AAGAA	944.0	39479.8	-0.450
ATTTC	764.0	35035.0	-0.450
GTCGT	69.0	2886.2	-0.449
GTGCG	123.0	4847.7	-0.445
GAAAT	789.0	30804.9	-0.445
ACGGC	65.0	2866.1	-0.442
AAGCA	507.0	21894.2	-0.441
CAGAA	710.0	27749.6	-0.436
AACAC	363.0	14509.5	-0.432
AATCT	525.0	21910.5	-0.430
TGCGA	88.0	3504.8	-0.430
TTATG	561.0	23073.1	-0.429
TCAAT	410.0	16191.9	-0.428
TTCAC	496.0	21470.1	-0.426
AGCTA	419.0	16427.6	-0.426
GTCGG	67.0	2938.9	-0.424
TCCAG	594.0	24186.4	-0.418
TTTCC	917.0	37013.3	-0.417
GCGCG	115.0	4581.6	-0.416
AGGGC	310.0	14148.7	-0.411
ACATT	717.0	28067.6	-0.408
TTCAT	803.0	32500.8	-0.403
CAGAT	488.0	20113.7	-0.399
TAATC	369.0	16548.3	-0.394
GTAGG	314.0	12609.4	-0.393
CACAA	405.0	15924.6	-0.392
AGTGC	528.0	20756.6	-0.386
TGAAA	852.0	38125.3	-0.384
CTGTC	450.0	20039.1	-0.383
TTACC	293.0	13064.1	-0.383
ATATG	542.0	21914.0	-0.380
CGTCG	29.0	1275.0	-0.379
CAACA	441.0	17391.4	-0.376
TCGTT	119.0	4780.9	-0.374
CTTTA	661.0	28484.3	-0.373
AGGCG	227.0	9420.7	-0.369
TTACT	584.0	22949.3	-0.368
CTTTC	786.0	30866.6	-0.367
ACGCT	58.0	3215.7	-0.362
AGGCT	692.0	28678.1	-0.360
CAGTA	404.0	15975.8	-0.360
TTCAA	659.0	28054.6	-0.352
AATCG	74.0	3219.9	-0.352
TCTCA	692.0	27584.9	-0.351
ACTTC	379.0	16942.7	-0.350
TATAT	765.0	34961.3	-0.347
ACAGC	335.0	14411.3	-0.344
GGGCA	345.0	16654.2	-0.343
GACTG	383.0	15212.7	-0.342
ATCAC	363.0	14829.8	-0.341
TTGTG	722.0	29555.8	-0.340
CGCCG	48.0	3188.0	-0.338
CTCGG	202.0	8058.9	-0.337
AGGCA	611.0	24988.5	-0.336
CTCTA	412.0	16309.7	-0.327
AGCTC	417.0	16549.2	-0.325
GGGAC	269.0	12917.2	-0.324
AGTCC	319.0	12679.4	-0.317
CCGAG	197.0	7913.6	-0.316
TAGTT	602.0	23813.0	-0.314
TGAGT	604.0	23869.1	-0.311
TTCGT	105.0	4833.1	-0.310
GCTCA	444.0	20598.2	-0.309
TTCCT	905.0	37537.6	-0.308
CTCTT	739.0	29472.9	-0.307
GGTGG	495.0	26701.0	-0.307
CATTC	460.0	19314.1	-0.306
AAGAT	593.0	24215.0	-0.305
CAATC	263.0	10533.6	-0.300
TCCTT	720.0	31748.2	-0.296
TACTT	588.0	23709.7	-0.296
ACGAT	82.0	3364.4	-0.296
GTACT	263.0	10965.8	-0.295
GATTC	399.0	16225.9	-0.294
TACCC	227.0	9108.8	-0.291
TGAGA	771.0	33611.8	-0.279
AATAA	830.0	36917.6	-0.277
CTACG	52.0	2401.9	-0.273
AGCAA	504.0	20145.8	-0.272
TTCCA	646.0	27948.3	-0.266
ATAAT	724.0	28948.9	-0.265
GAGGG	497.0	20667.2	-0.264
GCACG	92.0	4459.2	-0.258
CCCGT	107.0	4602.5	-0.258
CCTGT	607.0	24111.8	-0.254
GGGTG	459.0	20097.8	-0.254
ACCCT	324.0	13868.6	-0.249
ACAGA	642.0	25551.7	-0.248
TCCAA	404.0	17590.3	-0.246
TTCCC	531.0	22795.4	-0.246
ACTGC	489.0	19504.0	-0.245
TAAAT	906.0	36561.7	-0.243
GTTAG	290.0	13256.8	-0.241
AGATC	327.0	14166.6	-0.240
CTCAG	716.0	28438.5	-0.238
CCCAG	711.0	33680.9	-0.237
CAGCA	463.0	21528.3	-0.227
GGCAG	530.0	22681.7	-0.226
ATCTC	432.0	21125.7	-0.223
CCAGA	451.0	20152.3	-0.223
CGCTG	130.0	5500.6	-0.223
CTGGA	701.0	29091.2	-0.222
ATGAG	513.0	21682.1	-0.219
ATTCG	46.0	3096.0	-0.218
CCCCG	163.0	6681.9	-0.217
GGGTC	278.0	11253.1	-0.216
GCCCA	486.0	19482.5	-0.216
GTGAG	562.0	25042.5	-0.216
TACGT	93.0	4079.3	-0.214
AGCGC	80.0	3699.8	-0.213
GGACG	62.0	3625.8	-0.213
CACAT	433.0	19162.5	-0.210
ATTAA	648.0	27752.1	-0.200
ATCCA	421.0	16981.8	-0.191
CTCAC	420.0	20090.3	-0.188
CAAAT	586.0	24315.8	-0.187
GAATC	323.0	13637.7	-0.184
GCAGT	512.0	21313.0	-0.182
GACCC	235.0	9600.6	-0.182
AGATA	457.0	21706.0	-0.182
ACAAA	701.0	29300.5	-0.182
CAGGA	542.0	27185.4	-0.182
CATGA	456.0	20122.0	-0.182
GCATG	422.0	17059.3	-0.180
CACTG	600.0	25980.7	-0.175
GACAG	460.0	19323.5	-0.175
CCAGG	776.0	31670.5	-0.169
AATCC	371.0	16465.2	-0.168
GCGGA	82.0	4783.4	-0.164
AGCCC	308.0	13890.3	-0.159
GGCCC	289.0	11831.1	-0.159
GCAAT	348.0	14311.3	-0.155
GCGGC	125.0	5251.6	-0.154
CGGGA	126.0	6456.3	-0.152
CCCTT	411.0	18827.2	-0.151
CACTT	569.0	22990.9	-0.150
TGTAT	754.0	31241.1	-0.150
TCAAA	639.0	26740.5	-0.149
ATCCC	313.0	14083.4	-0.146
ACAAT	394.0	17481.0	-0.142
CTGAG	707.0	28973.2	-0.135
GGCCG	167.0	7006.9	-0.134
AATGA	690.0	28214.6	-0.134
CGCGC	99.0	4266.5	-0.133
TGTGT	887.0	42454.9	-0.130
CAAGA	412.0	19905.6	-0.125
CTGCG	116.0	5783.8	-0.124
ATCTA	330.0	14572.4	-0.123
ACATA	471.0	19434.1	-0.119
CTATG	330.0	13898.6	-0.117
AAACA	760.0	31246.4	-0.117
AGACA	476.0	22880.3	-0.116
GCTCT	470.0	19661.9	-0.116
GGCTC	417.0	18244.0	-0.114
CGAGT	103.0	4780.5	-0.113
GTGTG	762.0	33495.3	-0.111
TCACT	564.0	25624.6	-0.107
GCGCA	85.0	3727.7	-0.102
GTAAG	331.0	13996.9	-0.101
GTGTC	358.0	14760.9	-0.101
GCACA	335.0	14079.1	-0.100
CCCGC	144.0	7266.5	-0.098
TCTCT	730.0	35375.7	-0.093
AGTAA	489.0	20509.7	-0.092
CAGAC	318.0	13233.9	-0.091
TCACG	111.0	5728.2	-0.087
TGTCT	707.0	29391.6	-0.087
ATGCA	427.0	17737.2	-0.087
GTATG	337.0	14155.2	-0.085
TATCT	506.0	21258.4	-0.084
CTCTG	703.0	31355.2	-0.081
GCGCT	88.0	3970.5	-0.079
TGCGC	92.0	4093.2	-0.075
ATTCC	436.0	18058.9	-0.074
GCAGG	475.0	20451.4	-0.071
AATTA	703.0	30582.3	-0.070
GCACT	295.0	14878.7	-0.068
GTCCC	275.0	11625.2	-0.065
ACACG	72.0	4101.1	-0.064
ATTCA	504.0	24063.5	-0.063
GCCAG	498.0	20609.2	-0.063
AGTTA	429.0	18771.9	-0.060
AGTTC	423.0	18283.3	-0.056
AGTCA	404.0	16898.7	-0.054
GCGAC	56.0	2641.9	-0.052
GAGGC	508.0	23604.8	-0.051
TCACA	464.0	19455.6	-0.051
GAGCC	374.0	18333.2	-0.044
GGGGC	336.0	14212.4	-0.042
CACGC	135.0	6243.2	-0.040
TCCCT	527.0	22139.4	-0.036
TATGT	604.0	26590.7	-0.033
TCTGT	829.0	36151.0	-0.032
CTCTC	490.0	20588.3	-0.030
CGGCG	70.0	3401.6	-0.028
CACTC	325.0	14641.0	-0.026
CGGGC	134.0	6278.0	-0.025
GCGGG	148.0	7709.8	-0.025
CGGAC	24.0	2336.5	-0.023
CACAC	375.0	17364.0	-0.023
GCCCG	175.0	7785.8	-0.023
ACTCA	340.0	15762.7	-0.023
AATTC	503.0	21706.4	-0.020
GGGCG	183.0	8198.7	-0.018
GACTC	249.0	11350.5	-0.017
GGCAC	282.0	12336.1	-0.016
CCGCG	77.0	3880.3	-0.015
CCGGA	71.0	4054.3	-0.012
GTGGG	465.0	22042.9	-0.007
ACACA	464.0	21534.3	-0.007
GAGAC	511.0	22012.0	-0.007
GGCGC	155.0	7247.7	-0.007
GGGCC	279.0	12615.8	-0.003
GGAGG	761.0	32586.2	-0.003
CGGAG	126.0	6873.1	-0.003
CCCGG	195.0	9721.3	-0.002
GACAC	215.0	10426.1	-0.002
GACGC	48.0	2710.1	-0.002
GGCGG	159.0	9097.9	-0.001
GCGCC	141.0	7032.3	-0.001
CGCAG	87.0	4652.9	-0.001
GGGGG	313.0	15041.1	-0.001
GAGTC	288.0	14244.6	-0.000
