OligoSequence	Target Occurences	Background Occurences	Enrichment(ln p, up to 2 mismatches)
TCAAG	36903.0	14408.4	-4176.832
GCTCA	43508.0	17960.6	-3903.916
GGAGT	42424.0	18356.0	-3268.647
ACCTC	42512.0	18587.4	-3150.192
AGTGC	37765.0	16404.1	-2990.196
CAAGC	26784.0	11040.3	-2799.821
GCAGT	33321.0	14430.8	-2774.285
GGTTC	27142.0	11316.1	-2724.201
GTTCA	30200.0	12983.2	-2654.564
GGCTC	33759.0	15210.7	-2412.083
AACCT	26515.0	11398.0	-2407.986
CTCAC	40965.0	19060.6	-2405.622
CAACC	23226.0	9713.6	-2388.455
GTGCA	32873.0	14856.9	-2339.597
TCACT	43199.0	20512.3	-2275.392
GCGAT	13732.0	5060.3	-2239.716
GAGTG	31288.0	14206.1	-2215.664
ACTGC	32686.0	14994.9	-2193.198
GCAAC	20949.0	8813.8	-2154.394
CCTCC	69912.0	35296.6	-2131.936
TGGAG	41587.0	19947.0	-2123.155
AGTGG	31190.0	14395.4	-2068.233
TGCAG	38916.0	18726.5	-2005.364
GTGAT	28375.0	12994.9	-1992.941
TGCAA	31690.0	15293.3	-1719.488
AGGCT	41488.0	20779.0	-1718.036
TCCTG	52821.0	27379.5	-1634.600
CACTG	37025.0	18528.5	-1603.253
AAGTG	28491.0	13759.9	-1585.205
CCAGG	45803.0	23649.6	-1546.492
GAGTC	21416.0	9888.3	-1546.364
CAGTG	34503.0	17474.4	-1435.612
TTCAA	29003.0	14339.6	-1434.596
AGCGA	9311.0	3567.6	-1418.350
CTGGA	35693.0	18238.4	-1400.560
AAGCG	9245.0	3552.3	-1398.009
TGATC	24690.0	11993.4	-1382.798
GCCTC	59968.0	32601.2	-1290.174
CGATC	10185.0	4161.1	-1268.535
GATTC	19901.0	9495.7	-1264.099
CCCAG	46686.0	25007.2	-1253.566
ATATA	14847.0	6698.8	-1247.503
TCTCG	19449.0	9275.0	-1243.246
ATTCT	34885.0	18223.9	-1217.059
AGTCT	28040.0	14290.5	-1195.493
TCCGC	11381.0	4925.5	-1153.738
CTCAA	24238.0	12182.4	-1151.345
CTGCA	35425.0	18794.8	-1120.116
TATAT	17786.0	8595.3	-1085.440
CGATT	8433.0	3454.4	-1057.852
ACGGA	7148.0	2797.4	-1043.507
CTCCT	52906.0	29455.7	-1028.700
CTGCC	40248.0	21950.7	-1018.653
GCAAT	19052.0	9506.2	-984.280
TTGAG	30997.0	16555.4	-978.936
CAGGC	46669.0	25938.4	-973.946
GGCTG	40087.0	22011.6	-970.031
GATCT	23787.0	12336.1	-956.148
GAGAC	25920.0	13866.2	-848.348
GTGGC	22890.0	12067.9	-842.796
GCTGG	51878.0	29597.2	-842.684
CTCCG	11402.0	5413.7	-798.856
CGGGT	8366.0	3708.4	-798.406
TTTGA	37410.0	20975.2	-797.037
CTCTG	42629.0	24174.1	-792.321
CGGAG	8572.0	3834.2	-787.902
TGTCG	7791.0	3416.9	-777.406
TCCCA	35614.0	20013.3	-758.363
GTCGC	7190.0	3110.4	-757.616
GTCTC	31683.0	17877.4	-677.537
TCTTG	33472.0	18991.3	-674.340
AGTGA	21184.0	11505.9	-655.861
CCGCC	15280.0	7947.5	-652.717
TCGGC	12165.0	6119.4	-641.273
CTCGC	8927.0	4242.5	-636.795
TCGCG	716.0	710.1	-634.279
CGCCT	15307.0	8003.8	-633.471
GTCAC	14733.0	7670.8	-628.632
TTTTG	73466.0	44005.1	-619.145
GATCC	13321.0	6847.0	-618.771
TTTTT	470714.0	188409.6	-617.435
CCGGG	10324.0	5086.7	-614.613
GCGCA	3606.0	2325.5	-611.108
TCACG	5145.0	3192.3	-601.874
CTCCC	45221.0	26601.5	-597.621
CAAGT	20173.0	11123.9	-568.162
TCGAG	2555.0	1800.6	-552.906
ACCGC	2946.0	2348.3	-547.098
AAGCA	16716.0	9113.5	-525.606
GACGG	8991.0	4467.5	-519.699
TGCCT	41022.0	24379.2	-511.050
GGGTC	11482.0	5973.5	-507.054
CTGTC	25794.0	14831.6	-499.949
TGAGA	28790.0	16807.5	-475.649
CCTGG	34048.0	20238.6	-452.132
GCTCG	2359.0	1870.3	-450.328
ATCCT	17088.0	9560.3	-445.536
CGAGT	3667.0	3380.5	-444.532
TCGCC	9016.0	4620.0	-443.386
GACAG	18162.0	10266.8	-433.366
GGGTT	25861.0	15168.6	-420.400
CGCAA	2925.0	1740.7	-420.170
CAATC	12704.0	6920.7	-416.660
CTCGG	12891.0	7107.0	-388.909
TCGCT	8716.0	4564.7	-380.193
ATCTC	25277.0	14964.2	-378.417
AGCTC	19661.0	11416.1	-370.557
GCCCA	25359.0	15051.4	-369.991
GGTCT	20972.0	12278.9	-362.985
TTATT	40151.0	24641.8	-356.111
GGATC	5889.0	4599.3	-354.473
CCTGC	28999.0	17520.8	-340.982
CTGGG	41556.0	25655.4	-338.271
CCCGG	12150.0	7096.4	-334.729
CTCGA	5121.0	3440.1	-333.215
ACGAT	4030.0	1872.1	-332.857
TCTCA	30249.0	18464.7	-313.393
AGACA	18894.0	11175.3	-302.837
GATCA	8000.0	5387.0	-300.132
TCCCG	12119.0	6901.7	-288.575
GACTC	6546.0	5302.0	-277.587
TGGCA	18156.0	10801.1	-276.949
CGACC	2207.0	1401.8	-270.029
AGACG	9103.0	5069.6	-264.955
TCTGT	35380.0	22090.6	-264.115
CGCAG	2713.0	2151.7	-258.532
AGAGT	16246.0	9644.4	-257.854
ATTTT	69238.0	44354.0	-256.102
TGGCG	8366.0	4636.9	-254.066
GGGCT	15722.0	9361.5	-243.273
CTTTT	55824.0	35697.9	-242.355
GCGGT	2361.0	1729.5	-242.049
GTGGT	17096.0	10279.1	-236.305
TGTCA	18053.0	10916.1	-233.167
CACCT	23259.0	14352.1	-226.352
CGCTC	7393.0	4120.8	-217.725
GGTCA	6554.0	5773.0	-217.251
AAAGT	18330.0	11197.7	-210.662
CTTGG	20660.0	12729.1	-210.105
ATTAT	15899.0	9612.4	-209.841
TGCCG	2476.0	2015.0	-207.802
TTAAA	19639.0	12073.3	-206.985
GCGAC	1235.0	978.8	-205.058
GCGTC	1685.0	1430.2	-199.583
GTTGC	15019.0	9097.2	-195.802
ATCTT	20169.0	12492.6	-192.988
GGGGT	11094.0	9101.7	-190.482
TCTCC	33763.0	21572.0	-183.631
CGGCT	11469.0	6845.1	-180.763
GTCTT	22287.0	13960.8	-180.606
CCTCG	7460.0	4933.5	-179.940
TTTAA	27390.0	17378.2	-176.231
CGGTC	1419.0	1299.1	-175.066
AGCGC	1829.0	1641.4	-173.134
CACGC	6147.0	5126.1	-170.683
CAGGT	21610.0	13569.1	-170.435
CGTGC	3606.0	2825.4	-170.261
GAAGT	8208.0	6807.4	-170.229
CCAAG	10989.0	9447.5	-165.086
AGCAA	13664.0	8348.0	-164.257
GGCGT	6116.0	4188.7	-162.150
GCTCT	22074.0	13938.6	-160.233
TCGCA	1418.0	1205.1	-155.703
TCGTG	3780.0	2636.5	-152.003
TTGGC	20958.0	13246.9	-151.840
TGAAG	10366.0	8765.3	-149.039
TGCGA	3754.0	2044.2	-147.604
AGCCT	30084.0	19523.6	-146.211
CTTGC	16854.0	10546.4	-145.928
GACTG	8072.0	6379.4	-140.196
TGATT	19495.0	12345.4	-139.353
AATCT	15115.0	9559.9	-136.513
CACGG	2286.0	2034.5	-134.379
TTTAT	37581.0	24564.0	-132.488
TCCGG	2295.0	2074.6	-130.764
TATTT	48902.0	32234.0	-130.265
CCGGC	4621.0	4567.8	-125.540
AGTCG	1388.0	1190.7	-122.438
CAGTC	10961.0	7807.1	-122.105
GCAGC	13252.0	8292.3	-119.206
GATTA	17525.0	11157.1	-117.939
AACTC	14762.0	9321.2	-115.226
CGCTG	3430.0	2872.4	-115.063
AGACT	9364.0	7129.1	-114.232
GTACA	6471.0	4328.0	-113.895
GCACT	7254.0	6739.4	-113.826
AGTGT	11709.0	8483.9	-112.721
ACTGG	8874.0	7455.0	-112.089
TGGGT	17535.0	11218.4	-109.476
GGACT	9134.0	7919.8	-108.362
CTGGC	17098.0	13482.3	-107.558
TCAAC	6333.0	4966.3	-107.114
CAAGG	7983.0	6734.3	-106.991
ACGGC	1613.0	1244.3	-104.737
TTTTA	49494.0	32962.9	-103.971
TCCAG	12985.0	12065.1	-103.500
TAGTG	7457.0	5326.9	-102.394
TTGCC	20553.0	13304.2	-102.313
CAATT	13146.0	8315.1	-101.933
CGGCC	6276.0	4252.2	-100.432
ACCCA	15884.0	10174.2	-98.907
GGCGC	6621.0	4986.1	-97.246
GCTCC	9080.0	8521.9	-96.846
CTAGG	8271.0	5825.1	-96.508
TCTGC	23823.0	15575.4	-95.702
AACGT	1516.0	1365.0	-94.282
AATGC	7588.0	5889.5	-92.325
AAGCT	11626.0	8170.7	-89.200
AATTC	13362.0	8554.5	-86.197
GTAGT	6672.0	5019.2	-84.221
CTCAG	33877.0	22864.3	-83.937
GTGGA	8904.0	7046.9	-81.755
CACGA	3856.0	2255.7	-80.671
GTGAC	6526.0	5184.0	-79.920
GCAAG	8312.0	6277.7	-79.549
GCAGG	9608.0	8826.9	-78.909
ACTCC	14655.0	10449.9	-77.739
CGTGG	2799.0	2526.3	-77.162
GTGCG	4635.0	2775.9	-76.845
TCAAT	6065.0	5997.0	-75.447
CAGCC	28493.0	19519.4	-75.376
TGGGC	15632.0	10166.8	-75.372
CCCAA	18330.0	12043.6	-70.696
ATTAC	16464.0	10771.6	-70.460
TCATG	11696.0	8998.3	-70.356
CGCGA	2462.0	1391.7	-70.319
TCGAC	1724.0	928.8	-70.286
AGGGT	12472.0	8061.3	-69.494
CCGAG	4960.0	4335.2	-69.087
ACGCT	1531.0	1533.0	-68.995
GTGCC	10856.0	9118.3	-68.582
CTACC	6247.0	4821.8	-68.212
GTGCT	16343.0	10712.0	-67.512
CCACC	30423.0	20381.4	-66.905
CGCCC	10893.0	7454.8	-66.297
TGGCT	26433.0	17657.4	-65.033
CTGAC	10070.0	8423.8	-63.941
CAATG	7668.0	6694.8	-63.940
AGTAC	6004.0	3734.0	-63.861
TATTA	12344.0	8014.3	-63.726
ATGTA	8391.0	5336.7	-63.661
GCCGT	1867.0	1461.3	-62.441
CTGCG	3089.0	2859.4	-62.210
CACCC	18248.0	12076.0	-60.608
AGGTT	14948.0	9821.7	-59.930
GCCGC	2180.0	2219.4	-59.468
GGTGC	12125.0	7959.3	-59.009
GACCT	12245.0	8146.2	-58.633
CGCAC	1859.0	1803.6	-58.015
CCAAA	16129.0	10652.0	-57.391
CTTGA	15119.0	9962.5	-56.988
CATGC	11784.0	9596.4	-54.975
CACCG	4218.0	3685.1	-53.578
TTCGA	2048.0	1471.7	-51.090
CAAAC	9228.0	6876.9	-51.081
TACAA	7409.0	5811.3	-50.635
CAGGG	14730.0	10430.8	-50.437
CATCC	7924.0	7092.1	-49.733
GATAC	3682.0	2813.3	-49.123
TAGAG	12802.0	10378.1	-49.063
TTAAG	10793.0	7294.6	-48.238
TCACC	20204.0	13555.0	-47.756
ACTCA	8467.0	7162.5	-46.526
GAGGC	10902.0	9248.9	-46.005
GCTGC	9122.0	9408.0	-45.613
CCTAG	7842.0	5677.2	-45.315
TACTG	8792.0	6094.2	-44.386
CCTCA	29032.0	20675.2	-43.854
ACCTA	4784.0	3971.9	-43.432
GGGTG	8335.0	7498.7	-43.318
CACAG	11102.0	9475.6	-43.230
ACTCT	15918.0	10643.6	-42.998
ATTGC	8276.0	6768.4	-42.168
ATGCA	8378.0	6729.3	-42.132
CGGGG	4427.0	3891.3	-41.901
AAACT	12432.0	9045.1	-41.809
ATGCT	8379.0	7522.4	-41.621
TGGAA	12604.0	9691.6	-41.411
TCTAG	6462.0	6009.7	-41.253
TTGAA	16326.0	10944.6	-41.192
TCACA	9970.0	8582.8	-40.323
TGCCA	14082.0	12188.5	-39.868
TAGGC	7361.0	4788.0	-39.515
TGCAC	8197.0	7626.6	-39.343
ATGAT	12094.0	8042.8	-38.957
GCCTG	17284.0	15171.9	-37.785
GGAAT	9159.0	6785.7	-37.712
TTATA	12154.0	8097.6	-37.578
AGTTC	10074.0	7709.2	-37.483
GCTTA	7493.0	4896.3	-36.967
CCTAC	5176.0	4310.1	-36.590
TGTTG	26014.0	17741.0	-36.027
GCCTT	16766.0	11311.3	-35.675
AACCG	922.0	927.9	-34.557
CCCTG	13376.0	11780.5	-34.480
GCCAT	12748.0	8546.5	-33.620
TCCAA	7315.0	7416.6	-32.934
ACGTC	1341.0	1215.6	-32.884
CGTCC	1872.0	1772.0	-32.349
GGGAT	18054.0	12247.5	-32.310
ATAAT	10376.0	6922.5	-31.769
ATACT	6739.0	4545.2	-31.741
TATTG	8987.0	7399.8	-31.642
GCGCT	1830.0	1883.4	-30.647
TGACT	9252.0	7922.1	-30.622
GCCAC	14923.0	13256.1	-29.872
CCAGC	14199.0	13933.3	-29.440
TAAAG	8755.0	6560.7	-29.267
GATCG	1208.0	1259.7	-28.557
CTTAC	7466.0	4944.4	-28.329
GTAAT	7852.0	5593.5	-28.002
GGCTT	11784.0	9457.5	-27.956
AGGCG	6466.0	5462.5	-27.494
TCTGG	14045.0	12254.8	-27.289
GGCCT	17488.0	11939.3	-26.358
CTGAA	10907.0	8980.8	-24.670
TCCAC	14789.0	10078.3	-24.050
TTACT	12679.0	8606.5	-23.999
TGTAG	10837.0	7448.3	-23.909
AGCGT	1806.0	1513.6	-23.798
GTCCA	5638.0	5260.2	-23.330
TGGTG	19603.0	13459.2	-23.298
GGTAC	3277.0	2735.9	-22.980
TGCTG	22010.0	16681.4	-22.906
ACAGT	11267.0	7948.8	-22.782
GCCTA	6143.0	4694.3	-22.655
TCAGG	14929.0	11385.4	-22.150
CGCCG	1186.0	1191.7	-21.753
CAGCG	2367.0	2249.8	-21.678
CCTTG	15857.0	10864.3	-21.414
GAACT	11624.0	7903.3	-21.348
GAGCG	2165.0	1655.0	-21.339
AGTCC	6186.0	5547.4	-20.943
ATATT	15227.0	10767.0	-20.890
GGCTA	9641.0	8021.8	-20.590
TGTAA	10465.0	7804.0	-20.378
AAGTC	5752.0	5780.1	-19.770
AACTG	7437.0	6982.8	-19.152
GTTGA	6651.0	5757.1	-19.119
GGCAG	11217.0	9404.7	-19.057
ATTAA	9449.0	6416.9	-18.770
GCATC	5198.0	4956.2	-18.696
CGGGC	3287.0	2564.3	-18.272
GCTGT	11321.0	9764.1	-18.058
CGGTT	1962.0	1719.9	-17.478
CTCCA	17286.0	14275.6	-16.508
CTGTA	10929.0	8516.1	-16.199
TTCAC	14932.0	12752.3	-15.761
TGATA	6779.0	5202.9	-15.343
TCCTC	19709.0	15886.5	-15.295
TAATA	8770.0	5984.9	-15.274
TAAAA	16267.0	11263.3	-14.734
CGTGA	6657.0	4516.1	-14.476
GTAAC	4552.0	3235.5	-14.392
CAAAG	15506.0	10736.7	-14.241
CCCCC	9301.0	7348.7	-13.965
TGCTC	16101.0	11571.3	-13.941
TAACT	7909.0	5887.7	-13.918
CAACT	7404.0	5970.4	-13.444
AATTT	31217.0	21862.6	-13.355
GGATT	20335.0	14345.3	-12.960
AATAT	11384.0	7856.1	-12.815
AAATT	17290.0	12023.3	-12.795
ATAGC	5949.0	4042.6	-12.718
AACTT	12267.0	8497.5	-12.444
TTGGA	12686.0	9385.9	-11.991
ACCGA	1129.0	968.7	-11.976
GGCAT	12503.0	8662.2	-11.894
TCATA	8131.0	5582.7	-11.853
GCACG	4172.0	2811.8	-11.763
CTTAA	9307.0	6419.5	-11.249
TTGAC	8588.0	5920.9	-10.792
ACTGA	7580.0	6597.8	-10.670
GTCGT	1439.0	1109.9	-10.633
ACTGT	12394.0	8965.5	-10.490
TTCTC	33798.0	23786.0	-10.485
TCAGT	10998.0	9973.9	-10.369
GTGTC	7864.0	7254.2	-10.291
TTAAT	15227.0	10624.9	-10.039
TGAAA	12780.0	9884.0	-9.859
CATAG	6538.0	4497.0	-9.532
AGTCA	6882.0	6618.0	-9.496
CGGTG	2646.0	2290.8	-9.273
CCGGA	2093.0	1722.8	-9.168
GTGAA	7046.0	6795.5	-9.055
TTGCG	1540.0	1450.5	-9.014
GGCAC	11692.0	8146.5	-8.880
ATCAC	7789.0	6393.8	-8.768
TGACC	11493.0	8011.4	-8.635
ATTTA	20088.0	14115.8	-8.408
CTCAT	11016.0	10117.4	-8.389
ACCTG	11112.0	9396.5	-8.328
CTAAC	3639.0	3410.7	-8.097
TTGCA	11009.0	10152.5	-8.092
GTATA	5878.0	4054.1	-8.005
TGCCC	20453.0	14390.8	-7.881
GGTGG	11829.0	9828.9	-7.613
TGGCC	17216.0	12914.2	-7.544
TTTAG	14356.0	14427.1	-7.495
TGGGG	13214.0	11494.3	-7.486
CCCCG	3374.0	3117.7	-7.456
TATAA	8545.0	6018.4	-7.363
ATCAA	4940.0	4808.4	-7.327
TGACA	7817.0	6581.8	-7.307
ATTGA	7425.0	6227.2	-7.205
GTCAA	4070.0	4197.4	-7.129
GAGTT	11658.0	9581.1	-6.847
CTGCT	14293.0	13820.7	-6.826
GAGAT	14462.0	11181.0	-6.826
GTCAT	7444.0	5966.3	-6.790
TTGAT	10955.0	9548.8	-6.701
ATCGC	1281.0	1425.5	-6.673
GTTCT	11216.0	9718.4	-6.606
TCAAA	13134.0	10114.9	-6.351
TGCAT	9518.0	8948.0	-6.255
TAACC	4930.0	3536.6	-6.182
GAATC	5058.0	4627.1	-6.133
TTCTG	20346.0	18304.0	-5.859
TAATT	21758.0	16309.0	-5.814
GCTAA	9713.0	8987.4	-5.799
CCAGT	8471.0	8614.1	-5.761
CTCTC	14348.0	18893.1	-5.714
GCGGG	2777.0	2562.6	-5.631
CGAGC	1602.0	1496.7	-5.580
ACAAT	8610.0	6038.4	-5.312
CGAAC	2662.0	1826.0	-5.304
CAGAC	7241.0	6117.7	-5.295
TGGAC	5783.0	4958.4	-5.206
CGGCA	1658.0	1644.2	-5.166
GCACA	9409.0	7043.4	-5.041
ACTAC	7529.0	5937.9	-4.776
GAGTA	10581.0	8227.7	-4.759
ATCCG	2454.0	1688.2	-4.704
GCTGA	10086.0	9036.0	-4.669
GTTAT	6548.0	5483.3	-4.036
ACTTC	9767.0	7832.5	-3.982
TTACA	19040.0	13524.7	-3.950
TCGGT	1574.0	1547.8	-3.934
TACTT	11320.0	8008.9	-3.901
TAAGA	7808.0	5508.7	-3.703
TATAC	4869.0	3418.2	-3.567
TGAGT	12614.0	10504.1	-3.523
GGTCC	4221.0	4144.3	-3.502
TAAAT	13103.0	9306.4	-3.264
TATAG	7173.0	5069.4	-3.224
ACAGG	23793.0	16968.5	-3.130
CCCAC	14330.0	10499.9	-2.828
CTAGC	4430.0	3977.1	-2.731
CTGGT	14631.0	12172.1	-2.650
TTCAG	13352.0	12125.0	-2.604
GTGTT	13380.0	11095.4	-2.593
TACAG	21207.0	15163.4	-2.542
GCATG	12263.0	8735.3	-2.531
GAGCC	11891.0	9375.8	-2.315
CAGGA	10385.0	10821.5	-2.210
GACCG	1326.0	926.1	-2.135
CTGTG	16137.0	14593.3	-2.106
GGCGG	3652.0	2970.2	-1.999
CGCGT	672.0	775.6	-1.997
TGTGA	15318.0	11328.1	-1.860
CGATA	828.0	662.8	-1.641
ATTGT	10314.0	8509.7	-1.495
GCTAG	6372.0	4558.7	-1.436
CATGA	11425.0	8191.4	-1.436
AGGCA	14814.0	12188.0	-1.379
CTCGT	3742.0	2677.2	-1.230
GTCTG	10336.0	8780.2	-1.206
AGAGA	15091.0	14156.6	-1.184
TTAAC	6968.0	5003.1	-1.122
ACAGA	14325.0	10308.3	-1.031
GTGTA	7071.0	5092.0	-0.887
TATGT	11015.0	7936.1	-0.874
AAAAT	18594.0	13424.8	-0.701
CGGGA	2164.0	2363.9	-0.688
TCAGC	24912.0	17988.7	-0.675
GATAT	5324.0	4861.3	-0.664
TCTGA	10424.0	10151.3	-0.638
GCATT	8788.0	8174.0	-0.625
GTTAA	6246.0	4779.9	-0.565
TTATG	8945.0	7084.0	-0.557
TTAGA	8524.0	6807.9	-0.550
GTACG	868.0	631.4	-0.533
ACTTT	19345.0	14001.1	-0.475
TCCTA	8578.0	6636.6	-0.438
TGCGG	2426.0	2076.0	-0.422
GCCGG	2778.0	2495.7	-0.408
TGGGA	25542.0	19216.4	-0.391
CGGCG	1079.0	1165.5	-0.370
AATTA	10702.0	7771.9	-0.337
ACCTT	11561.0	8394.6	-0.332
TCCCC	10066.0	10241.2	-0.310
ACTAT	6620.0	4821.2	-0.285
ATGGA	11231.0	8164.7	-0.280
CATTG	8951.0	7921.8	-0.279
GTCCT	8249.0	7433.5	-0.279
GGAGC	6825.0	5970.5	-0.270
TGAGC	13629.0	11173.9	-0.246
GTATT	13259.0	11436.8	-0.235
CGACT	1512.0	1115.4	-0.227
CCACG	4031.0	4292.7	-0.220
TGAAC	9409.0	6859.8	-0.204
GAATT	10657.0	7770.1	-0.181
ACTCG	1377.0	1419.9	-0.179
ACAGC	7257.0	6349.1	-0.170
AAATG	13680.0	9972.9	-0.154
GCGCG	3082.0	2270.6	-0.144
AACGA	1302.0	970.9	-0.131
AGCGG	1821.0	1632.0	-0.130
GAGAG	8369.0	7998.3	-0.127
AGTTT	17663.0	16260.9	-0.123
TCGAA	2857.0	2110.4	-0.120
ACACT	6398.0	6121.2	-0.119
TCCGA	1515.0	1367.6	-0.111
CTCTT	18567.0	18805.3	-0.109
TCTCT	21315.0	26150.6	-0.105
GGGGG	7563.0	5545.7	-0.102
AGGAT	8354.0	7946.5	-0.095
GTTTA	9201.0	7819.8	-0.092
TTATC	6954.0	6640.5	-0.092
TTTCA	20629.0	20215.4	-0.091
TCTTA	10935.0	8254.4	-0.091
GTACT	5025.0	3700.7	-0.089
ATGTT	15725.0	12516.6	-0.073
CACGT	2684.0	2629.8	-0.071
CGTCT	3023.0	2525.8	-0.070
TTGCT	22202.0	16206.3	-0.070
GCGTG	6412.0	4724.1	-0.058
AAGTT	9912.0	8046.4	-0.056
TTGTG	14058.0	11869.8	-0.056
CGAGA	2556.0	1906.1	-0.055
TATCG	906.0	758.5	-0.054
CTTCC	16519.0	16229.7	-0.049
GATTT	15181.0	12381.6	-0.043
ATCTA	5122.0	4457.9	-0.041
CCGCA	2384.0	2078.6	-0.041
TAAGC	5334.0	3948.6	-0.037
TGGAT	8692.0	8210.8	-0.032
ATTCA	9590.0	8182.8	-0.030
AGGGC	6188.0	5836.9	-0.028
AGATC	5441.0	5016.2	-0.026
CACAC	9812.0	9852.5	-0.024
AGTAA	7182.0	5312.8	-0.024
CCGTG	3444.0	2958.4	-0.023
GAAAC	6482.0	5937.9	-0.021
CTAGA	6709.0	4970.4	-0.020
GAGCT	8266.0	7496.8	-0.020
GCTTG	8082.0	7299.2	-0.018
GTAGC	12062.0	9727.1	-0.018
GCTAT	6219.0	4868.4	-0.018
GCGTT	1632.0	1678.1	-0.016
ACAAG	6297.0	5432.7	-0.011
CTGAG	16291.0	14035.5	-0.011
GGTGT	12271.0	9156.1	-0.010
TACGA	857.0	669.0	-0.010
CGCCA	6301.0	4691.3	-0.009
TTTGG	20991.0	16422.1	-0.007
GATTG	6185.0	5743.5	-0.007
CTTTG	15978.0	16003.1	-0.006
GGTTT	16481.0	16543.8	-0.005
TGGTT	12546.0	11700.0	-0.004
AAGTA	9787.0	7312.9	-0.004
TGTTC	9566.0	9729.7	-0.003
AAACG	1939.0	1489.4	-0.003
TGTTA	10107.0	8343.2	-0.003
ACGCA	1351.0	1333.3	-0.003
TACCT	8344.0	6439.4	-0.001
TTGTT	34973.0	26424.8	-0.001
TGGTC	13206.0	10393.1	-0.001
GTCCC	5883.0	5908.6	-0.001
CGTAC	749.0	605.1	-0.001
ATAAC	4583.0	3471.0	-0.001
CCGCG	1591.0	1652.9	-0.001
GCGTA	883.0	712.5	-0.000
CAGAG	16946.0	12578.1	-0.000
GTGGG	9228.0	8277.6	-0.000
CTATT	9574.0	7982.5	-0.000
GTTTT	39686.0	29238.2	-0.000
ACCCT	7176.0	6814.4	-0.000
CGTCG	549.0	459.0	-0.000
TATGA	6394.0	5342.5	-0.000
GGCCG	3033.0	2560.3	-0.000
GCTTC	9890.0	8991.8	-0.000
GCAAA	6703.0	6236.1	-0.000
TGATG	8627.0	8976.4	-0.000
CGCGC	1714.0	1923.3	-0.000
ATACG	1026.0	829.0	-0.000
AGATT	10549.0	8635.8	-0.000
GGCCC	6804.0	5875.4	-0.000
ACGTA	1210.0	972.2	-0.000
TCATT	14849.0	13558.3	-0.000
TTGGG	13301.0	10272.0	-0.000
ATCAT	9707.0	7295.1	-0.000
CATAC	4445.0	3400.3	-0.000
CCTGA	17063.0	13614.4	-0.000
ATAGG	5815.0	4424.6	-0.000
AACCA	6381.0	5681.6	-0.000
CAACG	1051.0	996.8	-0.000
CTAAA	7042.0	5889.5	-0.000
AAATA	13806.0	10336.2	-0.000
ATCGT	1302.0	1269.3	-0.000
ACCAC	12155.0	11293.0	-0.000
CTTCT	17676.0	17479.6	-0.000
CGCGG	1101.0	1180.9	-0.000
GGTTG	7325.0	6445.7	-0.000
GGGGC	5956.0	5869.0	-0.000
GGGCA	6862.0	7058.6	-0.000
TACCG	1025.0	864.6	-0.000
TACGG	1004.0	829.7	-0.000
ATACA	6811.0	5372.0	-0.000
CGGAT	1450.0	1173.0	-0.000
CGCTA	1218.0	997.8	-0.000
ATATG	7157.0	5454.5	-0.000
TTGTC	11065.0	9720.8	-0.000
GTTCG	1519.0	1230.3	-0.000
TTCTA	9811.0	9170.8	-0.000
AACGG	1244.0	1021.6	-0.000
ACGGT	1464.0	1351.2	-0.000
ATTTG	12978.0	12420.3	-0.000
TTTGC	15131.0	14713.1	-0.000
GACAC	4155.0	4191.1	-0.000
AATGT	10177.0	8070.3	-0.000
CCCTC	9753.0	12037.7	-0.000
CAAGA	7609.0	6676.1	-0.000
AATTG	7807.0	6272.9	-0.000
ATAGT	6447.0	4952.6	-0.000
CAGTT	11727.0	9970.5	-0.000
TTACC	6556.0	5037.9	-0.000
TAATC	6801.0	5499.5	-0.000
CCAAC	4956.0	5101.7	-0.000
AGCCA	14612.0	12108.2	-0.000
ACTTA	6506.0	5008.9	-0.000
CGAGG	2657.0	2288.9	-0.000
CACTC	13321.0	10078.0	-0.000
TGTCT	16375.0	15409.0	-0.000
AGTAT	6954.0	5349.2	-0.000
TACTA	4865.0	3790.6	-0.000
GTTAC	4885.0	3806.9	-0.000
GATAG	4285.0	3357.3	-0.000
CGTAA	1035.0	880.5	-0.000
TTTTC	42301.0	32496.3	-0.000
TCTTT	45237.0	35929.4	-0.000
TTTCT	43812.0	38864.0	-0.000
TGTTT	38356.0	29534.2	-0.000
TTTGT	41733.0	33332.0	-0.000
TTCTT	43440.0	33082.1	-0.000
AACAT	8462.0	6753.4	-0.000
CATTT	20840.0	18241.1	-0.000
GTTGG	11536.0	9081.8	-0.000
TAACG	923.0	796.0	-0.000
CCCCA	10254.0	10008.1	-0.000
TAGAC	3832.0	3279.1	-0.000
CTATA	5388.0	4203.2	-0.000
GGCGA	1923.0	1576.6	-0.000
ACGTG	2351.0	2502.2	-0.000
CCGTC	2551.0	2062.1	-0.000
GTATG	5360.0	4191.7	-0.000
GTCGG	1355.0	1143.1	-0.000
TTCCT	19531.0	21825.5	-0.000
AATAA	10739.0	8226.4	-0.000
CGTAG	1176.0	1005.8	-0.000
GTCGA	772.0	686.0	-0.000
GCACC	7051.0	6926.8	-0.000
AGGTG	15273.0	11605.3	-0.000
CGGTA	768.0	684.4	-0.000
ACATA	6574.0	5118.4	-0.000
GAACC	4200.0	3997.8	-0.000
TTCCG	2667.0	2163.5	-0.000
AGAGC	6692.0	6108.3	-0.000
GAAAT	10129.0	7891.5	-0.000
TAATG	7611.0	5901.8	-0.000
TATTC	8244.0	7272.0	-0.000
AACTA	5106.0	4020.1	-0.000
TGTGC	11271.0	10277.1	-0.000
AATCG	989.0	1036.9	-0.000
GGACG	1440.0	1222.3	-0.000
ACATC	4958.0	4794.4	-0.000
GCATA	4691.0	3720.7	-0.000
AATAC	5673.0	4539.9	-0.000
GCGGC	2055.0	1976.5	-0.000
CATGG	8849.0	7560.0	-0.000
TGCTA	7109.0	6017.8	-0.000
TTCGC	2459.0	2312.6	-0.000
CATAA	5956.0	4683.3	-0.000
GTTTC	14432.0	15472.8	-0.000
GGAGA	10214.0	8481.6	-0.000
TGCGC	2453.0	2352.6	-0.000
TGTGG	12214.0	10876.2	-0.000
ATCGA	923.0	822.8	-0.000
CGACG	329.0	336.3	-0.000
CCTGT	13480.0	12336.5	-0.000
CTTAT	7942.0	6761.9	-0.000
TAGCC	6515.0	5354.5	-0.000
CTTGT	13083.0	10876.1	-0.000
TCCGT	2506.0	2069.7	-0.000
TCGTA	1062.0	939.5	-0.000
GACGA	1117.0	984.2	-0.000
CACAA	8432.0	6572.9	-0.000
GGCAA	6043.0	5487.7	-0.000
GACTT	8077.0	6850.1	-0.000
AATCC	8096.0	6321.7	-0.000
TACGC	798.0	729.6	-0.000
ATAGA	5956.0	4706.1	-0.000
CTTCA	10758.0	10278.0	-0.000
CCATG	12884.0	11857.0	-0.000
CGTCA	1654.0	1414.2	-0.000
TTTCG	3894.0	3146.4	-0.000
CCTCT	23132.0	18130.5	-0.000
TAGCG	1001.0	899.2	-0.000
ATCCC	5725.0	6147.2	-0.000
TACAT	7705.0	6049.8	-0.000
CTACG	923.0	841.0	-0.000
CACTA	5985.0	4756.6	-0.000
GAATG	7804.0	6650.8	-0.000
GCGGA	1822.0	1559.7	-0.000
TACGT	1365.0	1199.1	-0.000
TGACG	1551.0	1347.2	-0.000
CGTAT	1126.0	1009.5	-0.000
GCCAG	11532.0	10991.5	-0.000
TAAAC	6013.0	4790.2	-0.000
TGTAC	5611.0	4487.6	-0.000
ATTGG	6038.0	5860.2	-0.000
ACCGG	1195.0	1071.5	-0.000
TTGTA	15442.0	13179.8	-0.000
AGCTG	16807.0	16212.1	-0.000
ACGAA	1042.0	952.5	-0.000
TTACG	1212.0	1125.7	-0.000
TGCTT	15882.0	13935.8	-0.000
AAAGC	6554.0	6313.1	-0.000
ATTTC	14178.0	13920.9	-0.000
ATACC	4183.0	3416.5	-0.000
CCGTA	916.0	854.9	-0.000
CACTT	11989.0	10428.6	-0.000
CCCGC	5363.0	4632.2	-0.000
AGCTT	10325.0	9239.8	-0.000
TCTTC	15017.0	15246.6	-0.000
ATAAA	10555.0	8565.6	-0.000
GAGCA	6462.0	6274.6	-0.000
GGGAA	6818.0	7096.9	0.000
GGAAG	7227.0	7978.5	0.000
GAAGG	6408.0	6823.5	0.000
AAGGA	7533.0	7384.0	0.000
GGATA	3990.0	3854.6	0.000
ACCAA	5152.0	4943.6	0.000
CAACA	5854.0	6244.2	0.000
ACATT	10874.0	8601.8	0.000
TTCGG	1680.0	1652.6	0.000
TCGGG	1855.0	1988.3	0.000
GGGTA	3824.0	3385.2	0.000
GGTAT	5078.0	4506.7	0.000
TATGG	5245.0	4654.6	0.000
ATGGG	7766.0	7942.0	0.000
GGGCC	6061.0	5523.3	0.000
GCCCG	5295.0	4953.3	0.000
CCCGA	4182.0	3775.7	0.000
CCGAT	1018.0	988.7	0.000
TAGCT	15592.0	13118.3	0.000
TTAGC	6432.0	6514.5	0.000
CCTTA	6644.0	5845.6	0.000
CTTTA	11043.0	10213.1	0.000
TTAGG	6043.0	5930.3	0.000
TAGGA	6509.0	5553.1	0.000
GGATG	6392.0	6726.0	0.000
GATGG	12780.0	11393.4	0.000
GTGTG	17716.0	15452.1	0.000
TAGGT	5654.0	5093.4	0.000
GAGAA	7999.0	8270.8	0.000
AGAAT	9271.0	7837.6	0.000
AGGGA	8308.0	8070.2	0.000
TCGAT	1791.0	1566.0	0.000
TAGTC	4319.0	4143.3	0.000
TAGAA	7780.0	6306.4	0.000
AGAAA	12065.0	10934.2	0.000
ATAAG	4944.0	4327.9	0.000
TAAGG	4754.0	4390.2	0.000
AAGGG	6468.0	6117.6	0.000
AGGGG	6415.0	6141.8	0.000
GGGGA	7064.0	6551.1	0.000
CCTAT	5013.0	4789.3	0.000
TTTAC	10830.0	8805.8	0.000
TACTC	5592.0	4951.6	0.000
CTCTA	7019.0	6995.2	0.000
TCTAT	7805.0	7101.3	0.000
CTATC	4866.0	4066.0	0.000
TATCA	5898.0	5369.2	0.000
ATCAG	5837.0	6000.5	0.000
TCAGA	8648.0	8522.3	0.000
GACAT	5666.0	4712.5	0.000
CATAT	7586.0	6184.9	0.000
CCCCT	8734.0	9306.0	0.000
CCCTT	9036.0	10504.0	0.000
AGGAC	4728.0	4759.9	0.000
GACTA	6602.0	5566.7	0.000
CTATG	5903.0	5334.9	0.000
ATGAG	7994.0	7422.7	0.000
AACCC	4727.0	4958.9	0.000
CCCAT	7597.0	7609.6	0.000
CCATC	10479.0	8819.7	0.000
TCCCT	12656.0	14842.5	0.000
ATCCA	8683.0	7268.1	0.000
CAAAA	10586.0	9533.4	0.000
ACACC	7224.0	6899.6	0.000
ACCCC	5840.0	5507.9	0.000
CCTAA	5934.0	4934.2	0.000
GTAAG	4170.0	3703.8	0.000
AAGGT	6708.0	5972.0	0.000
AGGTC	6481.0	5521.9	0.000
GTCAG	6965.0	6895.7	0.000
CAGCT	19369.0	15270.6	0.000
AGCTA	8103.0	7133.1	0.000
ATCGG	781.0	834.1	0.000
CCATA	5041.0	4351.9	0.000
TACCC	4670.0	3962.3	0.000
CCGAA	1304.0	1267.4	0.000
CGAAA	1074.0	1066.6	0.000
GAAAA	10592.0	8991.3	0.000
TTGGT	12427.0	11217.7	0.000
GGTTA	4505.0	4119.3	0.000
ATATC	5042.0	4582.0	0.000
TATCC	4577.0	4403.6	0.000
TCCTT	16058.0	18343.9	0.000
CCTTC	12344.0	13924.9	0.000
TTCCC	13775.0	13415.0	0.000
CCCGT	1996.0	2011.7	0.000
ACTAA	4876.0	4149.6	0.000
CTAAT	11319.0	10603.3	0.000
ACCCG	2938.0	2560.5	0.000
TCATC	7651.0	7645.3	0.000
CATCT	12388.0	10479.0	0.000
TCTAC	5444.0	5297.3	0.000
CTACT	6014.0	5983.7	0.000
TACCA	6142.0	4951.7	0.000
ACCAT	12321.0	10127.9	0.000
CCACA	10061.0	9960.9	0.000
CATCG	1163.0	1299.6	0.000
GCCCT	8001.0	7799.9	0.000
TATCT	9465.0	8368.2	0.000
CCTTT	18604.0	17964.4	0.000
TATGC	4844.0	4125.8	0.000
AGACC	5814.0	5030.8	0.000
GACCA	5773.0	4943.2	0.000
AAGAG	8692.0	7388.6	0.000
AAGCC	6799.0	6239.5	0.000
AGCCC	6963.0	6762.9	0.000
CAGTA	6976.0	5735.3	0.000
TAAGT	7150.0	5766.5	0.000
AGTTG	8173.0	6553.9	0.000
CAATA	4927.0	4395.1	0.000
AACAG	6968.0	6684.2	0.000
CTAAG	5040.0	4288.0	0.000
AAAAC	8804.0	7286.3	0.000
AAACC	5915.0	5739.3	0.000
CCACT	11372.0	10467.5	0.000
CATCA	6797.0	7379.9	0.000
GAACG	984.0	966.7	0.000
AACGC	860.0	893.1	0.000
CAAAT	9634.0	7841.9	0.000
AAATC	6959.0	6216.6	0.000
AATCA	7441.0	6350.5	0.000
ATTAG	5330.0	5434.2	0.000
TAGGG	4875.0	4607.8	0.000
CTTAG	6933.0	5886.3	0.000
CTGTT	19752.0	15296.3	0.000
GTTTG	12568.0	13026.8	0.000
CCATT	13330.0	10993.4	0.000
GTCTA	4102.0	3908.2	0.000
CTAGT	4958.0	4595.1	0.000
TAGTA	7744.0	7933.2	0.000
CTGAT	8017.0	7954.7	0.000
TGCGT	2055.0	2039.6	0.000
CGTTC	1624.0	1589.7	0.000
GATGC	4384.0	4690.4	0.000
GCAGA	7798.0	7472.8	0.000
CAGAA	8613.0	8570.7	0.000
TGAGG	11223.0	9831.6	0.000
GAGGG	7213.0	6940.4	0.000
GCTTT	15088.0	13825.9	0.000
AAGGC	5962.0	5609.4	0.000
TGTAT	15111.0	12419.0	0.000
GACAA	5088.0	4540.9	0.000
ACAAA	8751.0	8009.1	0.000
AGTTA	6132.0	5207.7	0.000
ATGAA	8319.0	7216.6	0.000
AATGG	9972.0	7932.7	0.000
ATGGT	8862.0	8213.8	0.000
TCTAA	6458.0	6121.1	0.000
AAAAA	26391.0	21261.7	0.000
AAAAG	10388.0	9128.8	0.000
GGAGG	10307.0	10653.3	0.000
AGGCC	7820.0	7119.0	0.000
GGCCA	10078.0	9442.9	0.000
ACCAG	7290.0	6709.5	0.000
ATTCC	7699.0	7626.5	0.000
TAGAT	5849.0	5247.7	0.000
ACGGG	3292.0	2940.2	0.000
CTTCG	1932.0	2020.0	0.000
CGAAT	1032.0	1057.2	0.000
ATGTG	9854.0	8759.7	0.000
TGTGT	19062.0	18305.2	0.000
TGGTA	7921.0	6340.6	0.000
GGTAG	5103.0	4197.2	0.000
GTAGG	4341.0	3847.2	0.000
TCCAT	9005.0	9754.9	0.000
ACTAG	3628.0	3171.4	0.000
GTATC	3903.0	3583.7	0.000
ACAAC	4890.0	4054.4	0.000
TCGGA	1141.0	1102.1	0.000
CGGAC	928.0	884.2	0.000
TACAC	4166.0	3756.7	0.000
CACCA	18584.0	17592.9	0.000
ATGGC	9139.0	7222.1	0.000
GGGCG	2456.0	2490.7	0.000
CTTTC	15694.0	19975.3	0.000
AAGAT	7581.0	6501.0	0.000
ATGCC	10398.0	8648.5	0.000
CCCTA	4460.0	4451.0	0.000
GGGAG	9856.0	9677.6	0.000
AAAGG	7385.0	7089.3	0.000
ACTTG	8151.0	6954.1	0.000
ATCTG	10317.0	8811.6	0.000
GGTCG	1024.0	981.3	0.000
GAGGT	8018.0	7264.4	0.000
ATGTC	6252.0	6280.6	0.000
GGTGA	9616.0	7927.4	0.000
GATGT	6548.0	6006.0	0.000
CCGAC	1276.0	1197.0	0.000
CGACA	914.0	995.6	0.000
GCGAG	1623.0	1647.7	0.000
CCAGA	10109.0	8614.7	0.000
CAGAT	8147.0	7647.4	0.000
AGATG	13525.0	11309.7	0.000
GACCC	4126.0	4073.5	0.000
GCGCC	4102.0	4396.9	0.000
AGATA	6653.0	5653.8	0.000
AGAAC	5083.0	5027.9	0.000
TTTCC	18467.0	19646.9	0.000
ACACG	1627.0	1765.0	0.000
GTACC	3323.0	2914.4	0.000
GGGAC	8371.0	7136.2	0.000
GATAA	5053.0	4351.9	0.000
GTAGA	8997.0	8791.3	0.000
GTTGT	10218.0	8427.0	0.000
GTGAG	10921.0	10290.5	0.000
GAGGA	7030.0	7767.5	0.000
GCCGA	1728.0	1714.3	0.000
GTTCC	5566.0	6426.1	0.000
AGCAG	10919.0	8732.3	0.000
ACCGT	2222.0	2006.4	0.000
TGAAT	10253.0	8447.1	0.000
TTCGT	2141.0	2115.2	0.000
GTCCG	1144.0	1187.2	0.000
CGTGT	2894.0	2966.0	0.000
GCCCC	6467.0	6698.1	0.000
GGAAC	4822.0	4250.6	0.000
GAACA	5363.0	5138.2	0.000
AACAA	7488.0	6595.2	0.000
ACGCC	5385.0	4410.1	0.000
CACAT	8001.0	7680.1	0.000
TAACA	6101.0	4914.8	0.000
AACAC	4909.0	4917.3	0.000
ACACA	7842.0	7943.4	0.000
TTCAT	13995.0	12420.4	0.000
GCTAC	3801.0	3709.6	0.000
TTCCA	12363.0	12553.1	0.000
GGTAA	4343.0	3928.2	0.000
CATTC	11702.0	9882.1	0.000
AAAGA	9933.0	8910.4	0.000
GAAAG	7350.0	7060.7	0.000
AGGAA	8833.0	8903.4	0.000
GGAAA	8446.0	7970.2	0.000
AGAGG	8864.0	8421.5	0.000
AGGAG	9685.0	9967.0	0.000
TGTCC	8592.0	8314.5	0.000
ACATG	7502.0	6707.3	0.000
CTACA	8672.0	7601.1	0.000
GCCAA	5888.0	5619.5	0.000
CAGCA	9230.0	9524.8	0.000
GATGA	6093.0	6087.7	0.000
GACGC	1010.0	1205.1	0.000
AGCAC	6086.0	5952.9	0.000
AGTAG	14953.0	14747.7	0.000
TTAGT	9867.0	11003.7	0.000
AATGA	9176.0	7379.8	0.000
GAATA	6346.0	5100.8	0.000
AAGAA	9760.0	8883.9	0.000
AGAAG	7943.0	8285.5	0.000
TAGTT	8550.0	8124.7	0.000
CCAAT	4642.0	4784.1	0.000
CGCTT	2643.0	2394.9	0.000
GAAGA	6724.0	6868.2	0.000
ACGAG	1364.0	1315.6	0.000
AAGAC	6188.0	5160.9	0.000
AGGTA	5237.0	4951.8	0.000
CCGCT	2610.0	2428.2	0.000
CCGGT	1384.0	1371.9	0.000
AGCAT	7568.0	6750.7	0.000
CATGT	12322.0	10919.6	0.000
GTAAA	6619.0	5395.7	0.000
TAGCA	5756.0	4867.7	0.000
CATTA	6520.0	5309.3	0.000
CGTTT	3136.0	3139.5	0.000
CGGAA	1268.0	1298.6	0.000
ATGAC	4797.0	4330.0	0.000
GGACC	3880.0	3667.9	0.000
CGTTG	1812.0	1614.1	0.000
AAACA	10422.0	8636.1	0.000
AATAG	6208.0	5206.2	0.000
TCGTC	1531.0	1460.4	0.000
GACGT	1314.0	1295.3	0.000
CGCAT	1306.0	1222.0	0.000
GGACA	5387.0	4917.0	0.000
AGCCG	1883.0	2118.4	0.000
GTTAG	4156.0	4534.2	0.000
ACGCG	560.0	651.5	0.000
GCGAA	876.0	885.7	0.000
TCGTT	2258.0	2139.9	0.000
ATTCG	977.0	1162.3	0.000
CGAAG	1373.0	1260.2	0.000
CCGTT	1673.0	1669.9	0.000
CGTTA	986.0	957.7	0.000
ATGCG	1427.0	1418.8	0.000
GAAGC	5654.0	5804.7	0.000
CGATG	1134.0	1198.5	0.000
ACGTT	1982.0	1807.7	0.000
ACGAC	704.0	758.1	0.000
