OligoSequence	Target Occurences	Background Occurences	Enrichment(ln p, up to 2 mismatches)
GGCTT	136.0	18427.5	-15.054
ATCGA	32.0	2448.9	-14.543
AACCA	114.0	15338.7	-13.441
TTTCG	56.0	6220.7	-12.876
CGCTA	26.0	1998.0	-12.651
CATCG	32.0	2754.9	-12.240
CGTGG	47.0	4977.6	-12.220
TCGAC	24.0	1796.5	-12.088
GCGTA	6.0	1915.4	-12.015
TTCGT	50.0	5464.0	-11.558
CGTTT	63.0	7737.9	-11.233
CGAAG	34.0	3312.8	-10.659
TTCCG	39.0	4151.1	-10.513
GCCTT	130.0	19522.7	-10.381
TACTC	83.0	11233.0	-10.369
GCATA	84.0	11481.7	-10.267
GCTTA	94.0	13300.9	-10.064
TCGTA	29.0	2642.4	-10.045
GCGCT	32.0	3110.0	-10.020
GCGTT	35.0	3611.7	-9.914
GGGGG	80.0	11025.3	-9.781
CGCAT	27.0	2535.2	-9.769
ACCCC	71.0	9549.8	-9.254
CGCCT	60.0	7751.7	-9.234
CCGTG	40.0	4722.2	-8.728
GACTT	125.0	19476.3	-8.578
AAGCG	41.0	4787.8	-8.464
GACAA	89.0	13169.9	-8.293
AAATC	126.0	19902.8	-8.275
TTGCA	149.0	24285.4	-8.042
CCGAA	28.0	3005.0	-8.015
TCGCC	38.0	4633.8	-7.672
GCATT	131.0	21310.2	-7.662
GGACT	88.0	13242.8	-7.651
AAGAT	134.0	21887.1	-7.585
TTCGC	30.0	3352.6	-7.175
TAACG	25.0	2691.9	-7.138
GCGCA	27.0	3030.9	-7.101
AAGGC	87.0	13299.2	-7.071
TCCGT	35.0	4264.3	-7.029
ATACT	105.0	16641.2	-7.014
GTGGG	101.0	15921.1	-7.002
ATTTT	549.0	101697.7	-6.986
TGAGG	129.0	21262.3	-6.928
ATAAC	81.0	12485.7	-6.879
TTCAG	161.0	27495.2	-6.738
CTAAG	80.0	12350.9	-6.695
ACCAA	87.0	13512.9	-6.659
TCTTA	138.0	23339.0	-6.644
CAACC	79.0	12226.9	-6.492
TGGCA	120.0	20041.6	-6.411
AATCT	132.0	22162.2	-6.400
TTGCG	28.0	3394.7	-6.273
AGCGC	25.0	2909.8	-6.133
TACCC	59.0	8705.3	-6.082
TTTTA	462.0	86487.7	-6.071
ACAAC	71.0	11061.1	-5.694
CGGAA	25.0	3028.8	-5.641
CGCTT	13.0	4473.9	-5.595
TCAAG	119.0	20419.2	-5.514
TACGC	9.0	1592.5	-5.333
TGGAC	70.0	11272.7	-5.296
TAAGC	71.0	11283.0	-5.277
TCCGA	23.0	2774.7	-5.263
GAGAA	142.0	25076.0	-5.170
TGGAG	160.0	28602.7	-5.131
ATAGA	100.0	17127.8	-5.088
TTACT	144.0	25722.7	-5.084
GGGGT	82.0	13513.2	-5.022
GGAGC	69.0	11239.4	-4.948
TTACC	82.0	13577.7	-4.920
CCCCT	79.0	13201.7	-4.766
TGCAT	126.0	22386.4	-4.739
TTGAC	93.0	15887.8	-4.728
TCAGA	119.0	21203.4	-4.538
CTTAA	119.0	21227.6	-4.510
CGATT	33.0	4672.1	-4.509
AGCGT	15.0	3556.1	-4.463
GATCG	21.0	2643.1	-4.413
AGCTT	123.0	22172.6	-4.363
ATCGT	25.0	3396.7	-4.337
GTACC	44.0	6772.8	-4.318
AGCAT	103.0	18223.6	-4.316
GACGA	19.0	2318.5	-4.305
CTTAT	112.0	20069.7	-4.302
CGTCG	2.0	913.8	-4.300
GTAAC	56.0	9154.5	-4.278
AGCCT	130.0	23680.7	-4.233
GGTCT	91.0	16032.3	-4.195
GTTCG	20.0	2546.5	-4.116
TTAAA	244.0	46749.7	-4.096
GGGCT	80.0	13894.6	-4.095
CGGGT	28.0	4055.3	-4.073
AAAGT	156.0	29117.5	-4.049
TTTAC	148.0	27344.8	-4.028
CTTTT	394.0	77489.3	-3.979
AGGAC	67.0	11371.3	-3.978
CAATG	88.0	15458.9	-3.970
AATCG	18.0	3125.5	-3.960
ACTTG	106.0	19059.8	-3.943
CATAC	57.0	9610.4	-3.875
TTACG	13.0	3425.6	-3.865
TGAAT	153.0	28722.8	-3.863
GCGAT	33.0	4972.0	-3.757
GATAA	88.0	15630.6	-3.754
GGCGT	29.0	5481.4	-3.747
AATTG	118.0	21658.4	-3.746
GCAGT	109.0	20038.5	-3.742
ACCGC	23.0	3265.8	-3.728
TTTTG	420.0	83399.0	-3.700
GTCTG	88.0	15674.7	-3.700
CGACT	19.0	2487.7	-3.691
TACCG	16.0	1951.0	-3.686
GATTT	188.0	35958.0	-3.656
AACTT	143.0	26884.9	-3.642
CGCGT	10.0	1351.8	-3.638
AATTT	298.0	58665.7	-3.637
CCCGG	43.0	6916.0	-3.604
CTGAT	105.0	19120.2	-3.586
GAGGG	82.0	14541.4	-3.565
ATCTT	153.0	29103.7	-3.539
TTTAA	304.0	60214.8	-3.533
TAGCG	7.0	2163.0	-3.523
TTTTC	374.0	74657.7	-3.512
CTTGC	96.0	17631.1	-3.498
TCTAG	82.0	14599.6	-3.494
TGCGA	23.0	3303.9	-3.489
ACGAC	14.0	1836.1	-3.448
AACCG	9.0	2587.1	-3.433
CCTCA	119.0	22260.1	-3.425
TTGGC	113.0	21165.8	-3.419
TAAAG	122.0	22853.2	-3.392
TATCG	17.0	2212.5	-3.389
ACGAA	22.0	3163.4	-3.345
TTGGA	129.0	24318.7	-3.345
GTGTA	78.0	13987.3	-3.339
TACTA	74.0	13261.6	-3.331
GGCCT	75.0	15878.9	-3.314
TCTGA	127.0	24082.2	-3.301
TTCGG	12.0	3330.8	-3.291
CAAGC	76.0	13783.8	-3.289
CGTAC	8.0	1661.6	-3.204
TGACG	20.0	2832.2	-3.201
ACGAT	17.0	3361.7	-3.190
ACCCG	24.0	3612.9	-3.188
CAGCT	118.0	22272.2	-3.157
TTTTT	1501.0	286282.2	-3.141
CTTAC	72.0	12956.9	-3.109
ACTAG	54.0	9425.7	-3.107
CGAGC	19.0	2676.8	-3.102
GGAGA	108.0	20445.3	-3.067
TTTCA	240.0	47680.9	-3.060
TCGGA	12.0	2509.2	-3.024
AATAG	95.0	17846.4	-3.001
GTCCG	15.0	1966.3	-2.986
TGCGT	27.0	4301.0	-2.985
GTAGC	64.0	11644.9	-2.947
CGAAT	20.0	2940.4	-2.904
TACGA	10.0	2285.2	-2.895
TACCA	72.0	13138.2	-2.892
AAGCA	111.0	21196.0	-2.882
GAAGG	94.0	17745.4	-2.843
AATGA	136.0	26393.6	-2.832
ACTTT	205.0	41021.2	-2.824
TAACC	53.0	9815.2	-2.817
CGTAA	19.0	2781.2	-2.811
CTCTT	164.0	32262.3	-2.810
ACGTC	18.0	2600.1	-2.780
GGCAA	72.0	13263.2	-2.750
CCGAT	10.0	2144.8	-2.719
TGGGG	108.0	20835.9	-2.718
GAATT	134.0	26260.8	-2.710
GTCCA	55.0	9954.4	-2.698
ATGCT	98.0	18731.3	-2.665
CAGAT	98.0	18735.9	-2.660
TTAGC	83.0	15613.3	-2.650
TGGCG	33.0	5708.4	-2.643
TAGCA	72.0	14770.1	-2.630
GCTTG	82.0	15396.7	-2.612
CTCGT	12.0	4156.0	-2.603
CTTAG	81.0	15420.1	-2.589
GTGGA	82.0	15424.0	-2.585
TCGCA	14.0	2438.1	-2.575
TAAAT	181.0	36243.1	-2.575
CGTAT	20.0	3076.6	-2.566
CTGGT	95.0	18333.5	-2.544
ATGAT	115.0	22438.4	-2.544
ACGCC	16.0	4410.6	-2.534
CGGAC	2.0	1793.3	-2.532
CCCCG	27.0	4523.9	-2.531
TGATC	92.0	17554.9	-2.530
AGCGG	20.0	3091.5	-2.530
AGATT	130.0	25651.2	-2.508
TAACA	93.0	17844.5	-2.507
ACAAT	93.0	17858.6	-2.495
ACCGA	14.0	2594.3	-2.491
AGGTC	58.0	10604.9	-2.477
ATCGG	14.0	1943.5	-2.475
CTGGC	95.0	18417.5	-2.471
CTTCA	118.0	23149.0	-2.433
TACTG	89.0	17139.4	-2.432
ACGGC	4.0	2086.7	-2.429
GCTTT	164.0	32879.4	-2.417
CGACA	16.0	2354.3	-2.402
CCGAC	15.0	2162.7	-2.396
CACCG	29.0	4814.3	-2.384
ATGAG	98.0	19055.4	-2.384
AGTGT	99.0	19348.8	-2.366
ATGGC	74.0	14131.4	-2.364
ATCAA	79.0	15151.1	-2.357
TAAGA	100.0	19642.4	-2.348
GAAGC	75.0	14413.6	-2.334
TCGAA	23.0	3793.7	-2.333
TAACT	94.0	18346.1	-2.305
TGAGT	109.0	21658.4	-2.281
GACCC	43.0	7759.0	-2.259
TGGTC	74.0	14250.7	-2.250
GTTCT	109.0	21718.9	-2.237
GTACT	47.0	10754.8	-2.236
ACCTC	98.0	19241.0	-2.235
AAGCC	69.0	13266.2	-2.232
GAATA	95.0	18711.0	-2.226
GTTGG	85.0	16591.2	-2.225
CCGCT	21.0	3436.3	-2.222
GACTA	49.0	10141.2	-2.221
AAGTA	100.0	19805.8	-2.219
TGATA	93.0	18210.7	-2.197
AACGA	15.0	3144.8	-2.195
AGGGC	58.0	10863.3	-2.186
TATGA	92.0	17959.3	-2.185
CAACG	8.0	2192.3	-2.175
CTAGT	58.0	10888.2	-2.159
ACTGA	95.0	18816.5	-2.143
CGGGC	23.0	3897.6	-2.136
CGACC	14.0	2211.0	-2.133
GCGAA	15.0	2561.0	-2.124
CTGCG	25.0	4332.1	-2.114
TGTGA	129.0	25941.6	-2.110
GAGTA	71.0	13652.1	-2.103
GGCGC	30.0	5218.4	-2.074
TTGTC	105.0	20834.0	-2.069
GGCAT	75.0	15464.7	-2.065
TGGGC	81.0	16005.2	-2.058
GTACA	61.0	11753.1	-2.020
TCGAT	19.0	3131.6	-2.007
CTGAG	121.0	24347.2	-2.001
CCCGA	25.0	4403.7	-1.994
CAAGT	90.0	17940.5	-1.989
ACAGC	68.0	13279.5	-1.984
ACTAA	73.0	14296.9	-1.980
GAGCG	21.0	3569.0	-1.967
CTGAC	68.0	14427.3	-1.965
CCCCC	53.0	10114.6	-1.964
GCAAG	67.0	13060.7	-1.956
AGAAC	76.0	15106.1	-1.945
AATGC	83.0	16414.2	-1.938
GTTTT	312.0	65423.7	-1.936
CGAAC	17.0	2758.0	-1.929
CTGTG	125.0	25342.5	-1.928
CGGCT	12.0	6056.0	-1.916
CCTGA	104.0	21069.8	-1.904
GGGTT	98.0	19704.6	-1.889
TACAC	54.0	10447.8	-1.870
CGATA	10.0	1900.7	-1.854
TGACT	102.0	20612.0	-1.837
GAACT	87.0	17345.4	-1.834
TCGGC	25.0	5562.1	-1.827
CCAAA	108.0	22034.8	-1.824
AAGTG	121.0	24635.6	-1.822
CGTAG	11.0	2521.1	-1.814
GCCTA	49.0	9544.0	-1.813
CCTCC	144.0	29804.8	-1.812
ATAGC	36.0	10918.7	-1.805
GATAC	46.0	8841.5	-1.803
TGTTA	119.0	24379.8	-1.799
TTGGG	113.0	23220.5	-1.798
TAGCC	54.0	10528.6	-1.791
GTATT	123.0	25280.0	-1.789
CAGAC	61.0	12010.7	-1.781
AGTAC	51.0	9817.6	-1.779
TGGCC	66.0	17245.7	-1.777
AGATG	113.0	23259.7	-1.774
AGCAG	93.0	18776.7	-1.774
GATGC	52.0	10064.4	-1.772
TTCTC	173.0	36090.9	-1.762
CATGT	110.0	22420.8	-1.761
CAGAA	121.0	24743.8	-1.757
TCGAG	13.0	3635.7	-1.749
TCGTG	26.0	4783.4	-1.744
GAGCA	72.0	14327.5	-1.742
TCGTT	29.0	5230.9	-1.737
AGTAA	90.0	18293.8	-1.733
CCTGG	123.0	25402.5	-1.719
CTTGT	115.0	23644.9	-1.716
TTTGG	187.0	39301.3	-1.716
AACGT	24.0	4364.1	-1.715
GAACC	27.0	9528.1	-1.712
TAGGA	78.0	15681.5	-1.697
CCTAA	59.0	12759.7	-1.697
TCCGC	26.0	4817.1	-1.696
TTCTG	185.0	38676.5	-1.682
AACGC	9.0	2224.9	-1.674
GAAAC	87.0	17573.9	-1.671
TGATG	111.0	22860.1	-1.667
GACTG	69.0	13914.9	-1.664
GGTAC	36.0	6875.0	-1.658
TGGCT	130.0	27023.5	-1.651
TCGTC	10.0	2918.6	-1.641
TTAAC	88.0	17888.4	-1.640
CTCCC	120.0	24964.7	-1.631
AAGCT	86.0	18675.9	-1.615
AGTAG	93.0	19014.8	-1.615
CTAAC	39.0	9143.7	-1.615
GGTCC	35.0	6691.6	-1.607
ACCAC	72.0	14504.9	-1.605
CCGTT	21.0	3787.9	-1.601
GATTC	79.0	16079.6	-1.600
ACTTC	90.0	18494.5	-1.598
ATCGC	17.0	2934.0	-1.595
TGCAC	68.0	13756.1	-1.588
CTGCC	106.0	21859.3	-1.583
GCGGT	6.0	2969.9	-1.569
AGATC	60.0	12678.0	-1.564
ATCCG	17.0	2955.6	-1.557
GTGTT	114.0	23645.5	-1.549
ATCTA	67.0	13558.8	-1.544
CCGCG	9.0	2416.7	-1.543
TTAAG	114.0	23658.8	-1.542
TCTGG	106.0	21935.3	-1.538
TGAAG	119.0	24844.5	-1.535
ACTCG	12.0	2850.6	-1.534
GGATT	97.0	23738.0	-1.530
CGTGT	21.0	5390.2	-1.526
GAGGA	92.0	18883.8	-1.524
AGTTG	86.0	17807.0	-1.516
CGGCC	26.0	4956.6	-1.509
CCAAG	78.0	15948.9	-1.507
TGCCA	91.0	18919.0	-1.503
AGTTC	85.0	17558.7	-1.502
TGAGC	79.0	19264.3	-1.500
TGCGC	18.0	3207.6	-1.495
CGAGT	13.0	4088.7	-1.494
AGCTC	75.0	15445.4	-1.491
AACGG	14.0	2359.8	-1.487
CGATC	22.0	4084.3	-1.486
CTCAT	93.0	19230.2	-1.480
AACCT	70.0	18280.0	-1.460
CGCAA	15.0	2585.8	-1.460
AGTTT	195.0	41745.4	-1.451
GGGCG	23.0	4802.9	-1.448
CGTCC	16.0	2806.3	-1.447
GTCGG	9.0	1973.5	-1.442
TTCGA	16.0	3836.5	-1.440
CCCTG	83.0	17159.8	-1.413
ACATC	55.0	12450.6	-1.405
GATGA	85.0	17715.3	-1.404
GCCGT	7.0	2693.6	-1.402
TAAGG	54.0	13721.1	-1.398
ATTGC	80.0	16659.5	-1.390
AAGTC	71.0	14559.0	-1.382
CTTCG	18.0	3977.4	-1.380
TAGAT	85.0	17757.5	-1.378
ACCAT	84.0	17497.1	-1.371
CCCCA	76.0	15897.2	-1.366
CTAGA	65.0	13293.4	-1.363
GTGAG	92.0	19170.9	-1.353
CGATG	13.0	2948.1	-1.350
ATGCG	12.0	2632.9	-1.349
CCTCG	29.0	5551.1	-1.340
CGTTA	17.0	3089.8	-1.340
CCCGT	19.0	3531.1	-1.336
TTCAA	139.0	29526.9	-1.336
GCACT	53.0	13786.2	-1.335
GCCCC	45.0	9095.7	-1.333
GCAAT	71.0	15437.8	-1.330
AGAAA	188.0	40294.0	-1.321
GGAAT	89.0	18688.6	-1.313
GATCC	51.0	10349.2	-1.308
TGTAC	61.0	12607.3	-1.307
TGTTC	105.0	22094.2	-1.297
CACAG	86.0	18170.8	-1.295
ATATC	66.0	13663.0	-1.287
CCGTA	9.0	2249.3	-1.284
AACTA	68.0	14200.5	-1.274
TGTCG	22.0	4246.7	-1.274
TTTGT	286.0	67223.2	-1.273
TATTT	326.0	76913.3	-1.273
TTTAG	138.0	33905.4	-1.273
TTGTT	234.0	56959.8	-1.273
TTTGA	213.0	49068.4	-1.273
ATATT	129.0	37636.2	-1.273
TTTCT	330.0	83387.8	-1.273
TCTTT	249.0	73274.0	-1.273
ATTTC	164.0	37722.1	-1.273
TTCTT	235.0	71643.6	-1.273
TTATT	246.0	63832.5	-1.273
TGTTT	245.0	66087.0	-1.273
CATTT	218.0	51400.4	-1.273
ATTTG	156.0	38904.7	-1.273
ATTTA	161.0	44829.7	-1.273
TTTAT	241.0	65832.1	-1.273
AAATT	174.0	43417.8	-1.273
GGGTA	45.0	9170.4	-1.270
CACGA	19.0	3580.5	-1.268
GGGTG	66.0	13701.2	-1.262
TAGAC	46.0	9428.4	-1.259
GCGGG	23.0	4486.7	-1.255
AAAGC	87.0	18472.2	-1.254
TAATG	96.0	20481.7	-1.248
ACGTG	12.0	5113.4	-1.245
TAGCT	90.0	19091.4	-1.243
GGAGT	97.0	23243.5	-1.236
GGTTC	63.0	13236.8	-1.227
GACCG	7.0	2248.3	-1.219
AGACA	103.0	21963.9	-1.218
CTAAA	90.0	19149.7	-1.212
CGACG	6.0	832.9	-1.206
TGACC	66.0	13788.9	-1.205
AGCTG	107.0	22860.0	-1.204
GGATA	57.0	11997.6	-1.201
GACCA	38.0	10878.2	-1.198
ATCTG	92.0	19477.6	-1.186
TCGGG	11.0	3217.3	-1.180
TCCTG	145.0	31188.7	-1.174
CCTTA	69.0	14695.0	-1.166
CAATC	43.0	10848.7	-1.161
GTTTC	129.0	27762.0	-1.157
CTAGC	41.0	8346.0	-1.151
CGCAG	19.0	3671.0	-1.150
CCGCA	14.0	3203.5	-1.146
ACCGT	15.0	3618.5	-1.137
TGCGG	4.0	3272.8	-1.137
CATAA	79.0	16824.5	-1.135
CCTTC	100.0	21564.1	-1.133
CTGGA	123.0	26591.2	-1.133
AGCAA	91.0	19586.3	-1.130
CCGCC	29.0	7344.3	-1.129
ACGCG	7.0	1071.8	-1.123
CCCTC	67.0	14187.1	-1.120
GCATC	43.0	10006.7	-1.116
GACTC	44.0	10548.7	-1.114
GTGCA	74.0	18924.3	-1.113
CATTA	87.0	18508.2	-1.113
ACTCC	71.0	14994.3	-1.110
GCTAA	66.0	13957.1	-1.102
GCCTG	94.0	21419.3	-1.097
ATGAC	59.0	12741.2	-1.096
AAGTT	122.0	26374.9	-1.096
AGCGA	20.0	4949.2	-1.095
ACACC	44.0	10483.9	-1.077
ATTGA	100.0	21686.2	-1.077
AGCAC	40.0	13125.1	-1.077
CGGAT	5.0	2344.0	-1.073
TAGTA	77.0	16404.5	-1.070
GCAGC	62.0	13246.6	-1.060
TCAGC	95.0	20595.7	-1.052
GAATG	93.0	20028.1	-1.052
GAAGT	87.0	19157.4	-1.051
CGAAA	18.0	3528.0	-1.051
GGGGC	32.0	9996.8	-1.040
CAGTT	107.0	23223.5	-1.039
GCTTC	67.0	16088.0	-1.038
ACTGT	96.0	20929.5	-1.030
ACTCA	70.0	15142.0	-1.028
CACCC	64.0	13828.0	-1.024
CTACC	33.0	8950.9	-1.018
TAGAA	107.0	23274.9	-1.017
TTCAC	90.0	22153.2	-1.013
GATAG	50.0	10513.9	-1.012
TGTGG	103.0	22411.3	-1.012
CTGAA	111.0	24175.5	-1.011
CAAGA	84.0	18161.5	-1.010
CTTGG	103.0	22419.1	-1.008
TGAAC	54.0	16547.1	-1.007
CCGGT	12.0	2233.5	-1.003
CATGA	79.0	18846.8	-1.001
CCGGG	28.0	5900.8	-0.995
CTCGA	21.0	4270.6	-0.988
GTTCC	57.0	12339.1	-0.985
GGGCA	63.0	13643.5	-0.981
AACAG	84.0	18231.4	-0.976
GAGTT	93.0	21519.7	-0.973
CCAAT	56.0	12104.0	-0.972
CGCTG	21.0	4287.6	-0.971
ACTGG	73.0	15923.0	-0.970
GTCGA	10.0	1802.2	-0.962
TTGCC	74.0	21175.9	-0.960
GGACA	55.0	12109.7	-0.956
ACCCA	53.0	15684.8	-0.955
TAAAC	77.0	16631.1	-0.955
CATTG	90.0	19714.3	-0.938
CATAT	90.0	19719.4	-0.936
CCCTT	73.0	19339.1	-0.935
GGTTT	141.0	31214.6	-0.930
CCGTC	7.0	3356.4	-0.926
AAACA	133.0	29319.8	-0.922
GTGCG	8.0	3707.7	-0.921
CAGGT	85.0	18633.4	-0.920
GCAAC	43.0	11926.8	-0.898
GAATC	57.0	12494.0	-0.896
TTATG	106.0	23308.6	-0.885
CCATC	65.0	14092.2	-0.883
GCATG	72.0	15825.2	-0.880
GTTAC	50.0	10728.1	-0.879
GCGCG	8.0	2912.8	-0.879
CCTTT	169.0	37426.4	-0.876
TGTTG	144.0	32077.2	-0.861
ATCCT	81.0	17939.3	-0.858
CAAGG	65.0	14143.3	-0.858
GCCAA	57.0	12569.9	-0.856
ACCTT	75.0	19061.8	-0.854
CTAAT	63.0	19036.2	-0.852
GCCTC	118.0	26320.1	-0.848
ACTGC	78.0	18970.1	-0.843
GAACG	11.0	2718.5	-0.840
TTGAG	125.0	31637.2	-0.838
ACTAC	45.0	10221.6	-0.834
CTGGG	112.0	30532.5	-0.830
AACTG	84.0	18702.4	-0.824
AGACT	77.0	17674.2	-0.824
ACCGG	9.0	2163.4	-0.822
GCGTG	30.0	6576.6	-0.820
GAAAT	127.0	28362.1	-0.820
CCTTG	82.0	19924.9	-0.812
GCTGA	79.0	18077.9	-0.811
CTCAC	90.0	20024.4	-0.809
AATGT	114.0	27186.4	-0.802
CAGTA	66.0	14532.8	-0.798
CAACT	65.0	14273.3	-0.798
GTAGG	45.0	9867.2	-0.790
AACCC	36.0	11147.2	-0.788
ATGTG	103.0	22991.1	-0.784
GCCAT	58.0	14322.9	-0.783
GAGCT	61.0	14923.4	-0.778
CATCC	50.0	12722.3	-0.776
ATTGG	72.0	15934.8	-0.774
GCAGA	71.0	17046.0	-0.773
AACAA	106.0	23635.1	-0.766
GGAGG	75.0	21149.2	-0.765
GGACC	24.0	6873.7	-0.762
GTAGA	62.0	15824.9	-0.756
TCTTG	143.0	32106.3	-0.755
CGTTC	8.0	3241.5	-0.753
ACTTA	82.0	18376.4	-0.747
CGTGC	17.0	4166.4	-0.747
TGCCT	126.0	29462.5	-0.746
CACTT	107.0	24003.8	-0.743
CTTGA	102.0	22839.1	-0.743
AGTCC	47.0	10466.9	-0.741
TTACA	106.0	27939.4	-0.741
AGTGG	83.0	21113.6	-0.739
ACCCT	56.0	12619.7	-0.739
TGCTC	43.0	16959.0	-0.735
AAGGT	68.0	15583.5	-0.734
TGGGA	109.0	29550.8	-0.728
ACGCT	7.0	2964.6	-0.726
CTCAA	87.0	19400.9	-0.722
GATCT	78.0	17779.6	-0.722
TGAGA	121.0	32020.4	-0.720
TAGGC	39.0	9649.9	-0.719
AATCA	80.0	18933.1	-0.718
CCGGA	10.0	2849.4	-0.710
TCCCC	65.0	14929.9	-0.709
CGGTT	15.0	3155.7	-0.708
CATGG	70.0	15819.6	-0.708
CACCT	81.0	18309.2	-0.708
GTAAT	79.0	17750.2	-0.708
GTCTT	93.0	25869.4	-0.707
AATGG	86.0	20405.6	-0.707
AACTC	60.0	16516.0	-0.705
GTCAA	35.0	10688.8	-0.704
AGTCT	66.0	22038.7	-0.703
ATATG	87.0	19472.5	-0.696
TGTAG	82.0	18346.7	-0.694
GCTAG	35.0	8986.1	-0.692
CATAG	31.0	12553.6	-0.690
GAAGA	81.0	22941.5	-0.686
TCAGG	76.0	19159.9	-0.686
GGGGA	57.0	15190.8	-0.685
GTCCC	32.0	8985.4	-0.683
CAGGA	94.0	21235.6	-0.683
CAATT	95.0	21533.1	-0.680
GGCTA	37.0	11375.4	-0.679
AGTGC	81.0	19736.3	-0.679
CTCAG	95.0	25916.0	-0.677
AGTAT	77.0	17276.0	-0.677
TTGTG	124.0	28216.7	-0.673
ATCAT	69.0	19269.9	-0.669
GACAG	76.0	17298.0	-0.668
TCAAC	51.0	11575.5	-0.665
AGGCC	53.0	11918.6	-0.664
GGCAC	49.0	11142.6	-0.661
CGGTA	9.0	1795.5	-0.657
AGCCA	90.0	20448.2	-0.655
TCATA	68.0	17161.1	-0.654
GCCCG	24.0	5383.9	-0.651
GTTGC	42.0	14922.4	-0.648
ACACG	16.0	3466.4	-0.642
GCAAA	80.0	18213.0	-0.641
GAGTG	86.0	19638.9	-0.638
TAGTT	104.0	23733.5	-0.638
AAACT	108.0	26268.0	-0.638
CGTTG	17.0	3737.0	-0.635
CGAGG	13.0	4563.4	-0.635
ATGGA	81.0	20635.8	-0.635
CGTGA	22.0	6678.7	-0.634
CCACA	70.0	16014.2	-0.632
TATAT	134.0	30608.2	-0.630
CAAAC	67.0	15274.5	-0.625
TTGTA	122.0	29678.7	-0.625
ATGTT	141.0	32408.7	-0.625
TTGAA	148.0	34204.0	-0.625
CTTTG	140.0	37058.0	-0.625
ATTAT	122.0	31601.0	-0.625
TTATA	116.0	28791.2	-0.625
TATTA	109.0	28036.1	-0.625
ATTGT	98.0	25071.9	-0.625
TGATT	129.0	32515.5	-0.625
TTTGC	142.0	33148.3	-0.625
TAAAA	172.0	44314.0	-0.625
CTTTC	130.0	38496.7	-0.625
TTTCC	175.0	41253.7	-0.625
AAAAA	202.0	72445.3	-0.625
TAATT	163.0	40813.0	-0.625
ATTCT	125.0	35142.5	-0.625
TTAAT	148.0	36791.1	-0.625
AAAAT	189.0	50587.3	-0.625
CTTTA	123.0	31760.6	-0.625
TAAGT	80.0	19159.1	-0.622
CCAGT	71.0	16050.0	-0.619
TCCCG	29.0	6418.9	-0.617
ACAGA	102.0	23209.8	-0.616
CACTG	100.0	24927.9	-0.615
ACAAG	53.0	14602.5	-0.615
TAGGG	48.0	10984.5	-0.615
TCGCG	4.0	1315.9	-0.614
ACCTG	61.0	16587.4	-0.614
TAATC	42.0	15474.1	-0.613
TTAGG	66.0	16871.9	-0.613
ACTCT	86.0	19717.7	-0.612
ACTAT	62.0	14168.4	-0.610
CGTCA	8.0	2963.5	-0.609
GGTGG	76.0	17464.3	-0.609
GTAGT	53.0	12865.3	-0.608
GTCAG	46.0	13244.3	-0.606
CAAAG	94.0	22967.1	-0.606
ATGCC	61.0	13922.4	-0.601
ATACC	42.0	9679.6	-0.601
AAAAG	143.0	32693.3	-0.601
GTGGT	67.0	18251.8	-0.597
GTTGT	87.0	19763.2	-0.597
TGGTG	86.0	22882.2	-0.595
GCCCT	39.0	11874.0	-0.591
GTGTG	80.0	25774.0	-0.590
CTCGC	8.0	4540.9	-0.588
TGCAG	104.0	25901.4	-0.587
TCATG	86.0	19801.0	-0.585
AGCCG	10.0	3951.2	-0.584
AACAT	102.0	23325.3	-0.582
TCCGG	9.0	2842.8	-0.580
GACGG	11.0	4714.9	-0.579
GTTAA	73.0	16719.7	-0.577
TACAG	80.0	22385.5	-0.576
GTACG	5.0	1655.6	-0.575
GATGG	73.0	19268.5	-0.575
TCTAA	71.0	18631.2	-0.573
AGGAG	91.0	22156.7	-0.571
GATTG	51.0	14932.6	-0.570
AGGAA	119.0	27348.1	-0.569
CACAC	68.0	15645.9	-0.567
CCCAA	76.0	17589.8	-0.566
AGTCA	66.0	15114.2	-0.561
ATGAA	117.0	26761.6	-0.560
GCGGA	8.0	3134.5	-0.559
CCAAC	41.0	10306.4	-0.558
TCACC	72.0	16499.9	-0.558
GACAC	36.0	9353.2	-0.555
AGAAG	102.0	25116.1	-0.553
AAACG	17.0	4457.0	-0.552
TGGAT	81.0	20612.2	-0.551
TGTCC	62.0	14337.4	-0.547
CGCCC	19.0	6934.2	-0.547
AGGGA	83.0	19069.9	-0.546
CACGT	21.0	4811.9	-0.545
AGTGA	96.0	23281.2	-0.545
ATAAG	59.0	15527.6	-0.543
TTATC	74.0	18711.8	-0.541
TCAAT	69.0	17232.6	-0.539
CATGC	54.0	14637.5	-0.536
AGCTA	51.0	14441.5	-0.533
TGCCG	5.0	3273.4	-0.525
TGACA	77.0	17726.4	-0.523
AAGGA	81.0	23133.2	-0.521
GACCT	53.0	13315.5	-0.521
AAGGG	66.0	15447.8	-0.519
GGTGT	67.0	15513.6	-0.518
AGGAT	68.0	18138.0	-0.516
TCTCG	21.0	8675.1	-0.516
TGTCA	74.0	21053.0	-0.515
GCACA	57.0	13350.5	-0.514
TCCAT	91.0	21207.2	-0.512
CAGCC	82.0	21387.7	-0.511
TTAGA	91.0	22389.2	-0.510
AGGCA	75.0	20943.9	-0.510
ACACT	65.0	15003.5	-0.506
GGCGA	12.0	3132.4	-0.502
ATGGG	50.0	16064.7	-0.502
ATCAG	66.0	15292.8	-0.501
GTCCT	58.0	13404.4	-0.495
ACAGG	92.0	21273.5	-0.495
GGAAC	40.0	10648.2	-0.493
GTTCA	74.0	19522.0	-0.492
GCCAG	68.0	15875.2	-0.491
TTCCC	90.0	23316.2	-0.490
CTTCC	109.0	25494.2	-0.490
CCATG	77.0	17842.7	-0.488
CATTC	87.0	20151.6	-0.483
CCATA	41.0	11558.6	-0.482
GTGAA	76.0	19574.1	-0.481
CTATA	55.0	12907.7	-0.481
CAATA	63.0	14812.9	-0.479
ACAGT	64.0	18305.4	-0.479
GCTAT	52.0	12113.9	-0.478
AAATG	142.0	34384.4	-0.478
CCACC	87.0	20193.4	-0.478
CCCTA	33.0	9069.9	-0.477
AGAAT	116.0	27113.1	-0.474
CTCCT	128.0	29664.6	-0.472
CCTGT	79.0	21366.3	-0.469
CCTGC	79.0	18479.1	-0.468
CGGGG	11.0	4997.4	-0.467
TGTAA	108.0	25287.9	-0.467
AAACC	66.0	15752.6	-0.466
TCCTA	57.0	15063.8	-0.464
GATTA	70.0	19632.2	-0.463
CTAGG	49.0	11629.3	-0.462
ATCCA	53.0	15500.9	-0.461
GTAAG	52.0	12288.9	-0.460
TATCC	48.0	11370.9	-0.460
GGAAA	111.0	25946.6	-0.457
GGCCC	36.0	8511.5	-0.455
GAGAT	67.0	21998.1	-0.455
GTATA	53.0	14144.3	-0.453
GTGAT	90.0	21143.9	-0.452
TCATC	68.0	16004.6	-0.452
CATCT	83.0	21323.2	-0.451
CGGAG	13.0	5318.7	-0.450
ACCAG	50.0	13706.6	-0.450
ACGTA	14.0	3238.6	-0.448
TGTCT	122.0	28501.6	-0.447
TGGTA	60.0	16708.8	-0.446
TGCTA	66.0	15470.5	-0.445
AAGAC	49.0	15273.6	-0.444
GACGT	11.0	3017.4	-0.443
AGATA	80.0	18865.0	-0.441
CCATT	105.0	24583.3	-0.441
TCCAC	61.0	14394.1	-0.438
ACGTT	20.0	5177.8	-0.438
CACTA	44.0	10489.3	-0.437
CATCA	67.0	15775.8	-0.437
GTGGC	61.0	16361.1	-0.436
GACGC	6.0	2180.1	-0.434
GCGCC	15.0	4958.4	-0.433
TCAGT	79.0	20895.6	-0.428
CGCGA	6.0	1689.6	-0.427
CGCCA	14.0	4933.3	-0.426
AGAGC	46.0	14024.7	-0.421
TGCTT	138.0	32584.9	-0.413
TGCAA	83.0	23223.7	-0.412
GGGAG	83.0	20038.4	-0.412
CCTAC	35.0	8587.4	-0.410
GAAAG	89.0	23328.5	-0.409
TAGAG	77.0	18147.3	-0.405
AAAGG	92.0	21848.1	-0.405
GACAT	50.0	14338.4	-0.404
TCCTC	83.0	20386.8	-0.402
AGGTT	59.0	20551.7	-0.401
GCGAG	10.0	3414.0	-0.399
GTCTC	85.0	20194.6	-0.398
GCTGG	130.0	30688.1	-0.397
GTGCT	75.0	17892.5	-0.397
AGAGT	67.0	19387.5	-0.397
GGCTG	97.0	26897.8	-0.396
CACAT	65.0	18478.0	-0.395
TATCA	60.0	15938.9	-0.392
GCTCT	70.0	19522.3	-0.391
CAGCA	72.0	19374.9	-0.390
GTATC	35.0	9453.5	-0.390
CCACT	73.0	17357.3	-0.389
TCGCT	11.0	5747.7	-0.388
TATGG	42.0	13637.7	-0.385
ATGTC	62.0	14961.5	-0.384
AATAA	145.0	34102.6	-0.383
TGTGC	70.0	17896.0	-0.379
TATGC	47.0	11346.9	-0.379
ACATG	77.0	18264.5	-0.376
CTACT	53.0	14897.6	-0.376
CTCCG	23.0	5632.5	-0.375
CGCCG	3.0	1721.9	-0.373
AGGGG	52.0	12920.3	-0.372
GTAAA	74.0	19506.0	-0.370
GTGCC	49.0	11914.9	-0.369
TCTCT	153.0	36247.4	-0.369
GCAGG	44.0	15286.9	-0.365
TGGAA	104.0	26443.2	-0.363
CACCA	68.0	19887.8	-0.363
GTCAT	60.0	14389.1	-0.362
TCACG	17.0	4702.2	-0.360
AAGAG	84.0	21610.8	-0.360
GGGAA	69.0	19370.8	-0.359
GATGT	68.0	16373.3	-0.353
CTGTT	123.0	31526.0	-0.352
CGCGG	3.0	2010.4	-0.350
TAATA	103.0	24614.8	-0.349
CAGTG	99.0	25374.0	-0.347
AATAT	113.0	31429.3	-0.345
ACGCA	10.0	2661.3	-0.345
GTTAT	67.0	17148.5	-0.341
GTTAG	47.0	11992.5	-0.340
TAGTG	51.0	13894.2	-0.338
TCCAG	69.0	21021.6	-0.338
GGGAT	65.0	18043.7	-0.337
TGAAA	125.0	34654.7	-0.337
ATAAT	116.0	27806.6	-0.336
GTCGT	7.0	2522.2	-0.336
CCAGC	59.0	19850.4	-0.333
TTCCA	105.0	27798.9	-0.331
CCGGC	19.0	4718.4	-0.328
GCTGT	76.0	18481.1	-0.327
CAGCG	11.0	3968.0	-0.327
AATTC	67.0	22375.2	-0.325
CGTCT	19.0	4800.4	-0.324
TGCTG	116.0	27886.0	-0.323
TATTG	92.0	22970.6	-0.322
GTTTG	114.0	29382.8	-0.321
CCTAG	43.0	11085.0	-0.320
AGGTG	78.0	18916.6	-0.320
TATAC	49.0	13155.7	-0.320
GGTAT	44.0	11904.2	-0.319
GGTAA	45.0	12341.2	-0.316
GTTGA	66.0	16620.6	-0.315
ATTAC	74.0	19641.0	-0.315
CTGCA	93.0	24898.8	-0.314
CACAA	52.0	15493.7	-0.311
ATGGT	65.0	18319.1	-0.311
CCAGA	57.0	17023.2	-0.310
TAGTC	31.0	9872.0	-0.310
CAGGC	74.0	25929.6	-0.310
CAAAT	101.0	24228.6	-0.307
TCAAA	102.0	25504.5	-0.303
TACAA	55.0	18003.4	-0.303
TATAG	62.0	15187.1	-0.303
CTGCT	80.0	22689.1	-0.297
GATCA	46.0	12534.9	-0.297
AGCCC	35.0	11527.3	-0.296
GGATC	22.0	9031.0	-0.296
AATCC	41.0	14471.2	-0.295
GAGCC	59.0	14397.8	-0.292
CCACG	16.0	4857.6	-0.292
TCTCA	102.0	27423.1	-0.292
GGCTC	62.0	16234.8	-0.292
ATTCG	13.0	3260.9	-0.291
GTGAC	44.0	11872.4	-0.289
GAACA	60.0	15483.9	-0.289
TTGCT	110.0	33558.3	-0.286
TTGAT	117.0	28447.2	-0.286
GTTTA	87.0	24268.6	-0.286
TTCAT	142.0	35119.0	-0.286
CTTCT	126.0	33677.5	-0.286
TCATT	141.0	34997.7	-0.286
TTCCT	162.0	41295.3	-0.286
TTCTA	94.0	27493.1	-0.286
TATCT	72.0	21403.9	-0.286
TACTT	103.0	26443.6	-0.286
ATACA	65.0	19274.5	-0.284
ACCTA	31.0	10231.7	-0.281
GATAT	54.0	15996.9	-0.280
GCCAC	62.0	15319.4	-0.274
GGCAG	71.0	17329.9	-0.269
TGGGT	77.0	19396.4	-0.264
GGTCG	6.0	2041.8	-0.261
GCACC	38.0	9637.6	-0.259
AAGAA	114.0	34511.0	-0.256
TCTGC	89.0	21802.5	-0.256
ACGAG	10.0	2999.0	-0.255
AATAC	67.0	16550.2	-0.255
CGCAC	4.0	2532.7	-0.254
CAACA	54.0	16107.9	-0.253
TCACT	113.0	27711.7	-0.252
ACATT	108.0	28797.9	-0.250
TGCCC	69.0	17150.9	-0.249
ATTCA	98.0	23982.2	-0.248
CAGTC	48.0	12124.4	-0.246
AGGGT	59.0	14617.4	-0.246
GGTGC	39.0	10657.7	-0.246
CCCGC	18.0	5098.3	-0.245
CGGTG	7.0	3984.4	-0.245
GAGAG	73.0	19367.5	-0.242
ATTAG	61.0	17436.2	-0.241
GCTCA	79.0	19776.7	-0.239
CCCAT	55.0	15000.6	-0.238
ATGCA	65.0	17191.1	-0.235
CCGAG	21.0	6037.4	-0.233
CTATT	89.0	22313.9	-0.233
CGGCA	10.0	2602.3	-0.232
GGGTC	35.0	8941.5	-0.232
TTGGT	93.0	25542.4	-0.231
AGGCT	106.0	25977.3	-0.229
CCTCT	76.0	22417.1	-0.228
TATAA	88.0	23903.0	-0.228
TACCT	58.0	15189.8	-0.228
CTATG	41.0	12969.0	-0.227
GGGCC	27.0	8423.5	-0.227
GCGTC	10.0	2619.7	-0.225
TCTGT	149.0	36311.1	-0.222
GGTGA	56.0	15863.9	-0.218
ATAGT	63.0	16270.2	-0.218
ATCTC	53.0	20537.7	-0.217
TACAT	88.0	21826.6	-0.215
CACTC	55.0	14421.9	-0.213
AGACC	38.0	11354.3	-0.211
ATAAA	142.0	34686.4	-0.210
GGAAG	80.0	20930.4	-0.210
GCCGC	6.0	3212.2	-0.208
ACACA	80.0	20035.9	-0.207
TCACA	62.0	18346.1	-0.205
CCCAC	54.0	14207.2	-0.204
AGTCG	9.0	2402.5	-0.203
ACGGA	15.0	4008.5	-0.202
CACGG	8.0	3277.1	-0.201
GCCGA	11.0	3568.6	-0.196
TTAGT	86.0	23887.6	-0.195
GCTGC	57.0	14626.2	-0.194
GAGGT	56.0	15809.8	-0.194
GCACG	14.0	3775.5	-0.192
GTCTA	32.0	9572.9	-0.188
CTGTA	78.0	20759.9	-0.188
CGGTC	4.0	1840.3	-0.187
ATTAA	96.0	26902.6	-0.185
GTCAC	45.0	11614.8	-0.185
AGAGA	119.0	29618.1	-0.184
TACGT	8.0	3898.7	-0.184
TCCTT	144.0	35640.9	-0.183
CTCCA	74.0	20152.2	-0.182
CCTAT	32.0	11461.0	-0.181
TATTC	61.0	21220.3	-0.180
TCTAC	33.0	12634.4	-0.180
ATATA	108.0	27016.2	-0.179
CTCTG	104.0	30344.6	-0.179
GCTCC	41.0	10902.6	-0.177
TCCAA	63.0	16764.7	-0.177
AAAGA	116.0	32525.3	-0.176
ATACG	8.0	2615.0	-0.176
AGGCG	25.0	6787.9	-0.176
TCCCT	80.0	22070.9	-0.172
ATAGG	41.0	11786.0	-0.171
GTCGC	12.0	3303.1	-0.171
ACAAA	87.0	26781.0	-0.170
ATGTA	80.0	20704.0	-0.166
GGTAG	39.0	10355.5	-0.165
AGACG	14.0	5963.3	-0.165
CTCTA	57.0	14850.9	-0.161
TCTTC	114.0	30166.2	-0.160
GGCCA	46.0	13848.7	-0.159
TCGGT	10.0	2818.6	-0.151
CGCGC	9.0	2661.2	-0.151
TCCCA	104.0	26368.3	-0.148
CAGAG	70.0	22937.2	-0.146
AATTA	85.0	29452.4	-0.144
CCCAG	99.0	28953.9	-0.142
GCTCG	2.0	2758.4	-0.139
TGTAT	108.0	28891.1	-0.137
TAGGT	36.0	13844.2	-0.137
CGGCG	6.0	1739.0	-0.135
TCTCC	89.0	24816.9	-0.132
GGACG	9.0	2620.0	-0.128
CGGGA	8.0	4097.7	-0.125
AAAAC	91.0	26291.5	-0.123
CGAGA	8.0	4739.6	-0.122
GTATG	39.0	12298.1	-0.122
GTGTC	41.0	12963.4	-0.120
TATGT	91.0	25100.1	-0.120
AAATA	157.0	41764.2	-0.119
TGTGT	128.0	36131.2	-0.119
GGGAC	38.0	10393.3	-0.117
AGTTA	62.0	17779.3	-0.117
GGTTA	36.0	11346.9	-0.116
AGAGG	71.0	19016.8	-0.115
GAAAA	138.0	35160.0	-0.111
ATTCC	58.0	17443.1	-0.110
CTGTC	74.0	19433.9	-0.106
GGCGG	16.0	5219.5	-0.105
GCCCA	51.0	17758.7	-0.104
GAGGC	59.0	16739.5	-0.103
GGTTG	34.0	14233.8	-0.098
CCAGG	99.0	26632.1	-0.096
GAGTC	37.0	13508.0	-0.092
CTACG	5.0	2067.4	-0.090
GAGAC	73.0	20286.7	-0.088
CTACA	46.0	13754.2	-0.087
AGGTA	51.0	13809.8	-0.086
GCTAC	28.0	8239.4	-0.081
TGGTT	100.0	26598.8	-0.078
GCGAC	3.0	2102.8	-0.077
GGCCG	14.0	4300.5	-0.076
ACATA	65.0	18497.2	-0.072
CTCGG	23.0	6875.2	-0.071
GGTCA	38.0	10843.3	-0.070
ATCAC	38.0	13501.4	-0.068
GGATG	44.0	14402.7	-0.068
CAAAA	114.0	30087.5	-0.065
CTCTC	57.0	20447.3	-0.057
TCTAT	62.0	19538.1	-0.053
CACGC	16.0	5098.9	-0.050
AACAC	47.0	13548.1	-0.044
CAGGG	56.0	16458.4	-0.038
ACGGG	10.0	3474.6	-0.037
GCCGG	8.0	3779.6	-0.030
ATCCC	38.0	12537.2	-0.025
ACGGT	7.0	2787.5	-0.019
CGCTC	12.0	4477.0	-0.015
CTATC	24.0	9086.9	-0.013
TACGG	4.0	1986.1	-0.012
GCGGC	5.0	2998.7	-0.001
