OligoSequence	Target Occurences	Background Occurences	Enrichment(ln p, up to 2 mismatches)
GCATG	2487.0	22486.7	-617.023
TGCAT	1747.0	15983.0	-474.877
ATGCA	1162.0	13090.4	-226.882
CATGC	1415.0	18209.9	-189.616
TGTGT	3933.0	63455.6	-156.030
GTGTG	4477.0	74806.8	-136.615
GGGGG	4154.0	70968.0	-119.418
CATGT	1253.0	19158.9	-96.710
CGCAT	390.0	4639.0	-76.796
ACACA	1224.0	20003.3	-71.476
CCCCC	2047.0	36627.6	-64.326
CACAC	1445.0	25025.2	-60.568
ATGTG	1327.0	22972.7	-57.084
GCACG	676.0	10453.1	-55.296
GCATA	224.0	5259.3	-54.380
GCACA	1167.0	20591.0	-46.433
AGCAT	755.0	12676.0	-42.256
GTGCA	1402.0	25770.7	-41.511
CACGC	687.0	11443.2	-40.536
TGTAT	445.0	11096.5	-35.240
TACAT	199.0	5863.7	-34.428
TTAGA	396.0	6283.7	-31.247
GTATG	401.0	8368.1	-31.043
GCCCC	2328.0	46441.2	-30.617
ACGCA	358.0	5607.8	-30.138
ACACG	419.0	6828.3	-29.546
GGGAG	3375.0	68890.6	-29.386
CACGT	512.0	8695.5	-28.938
TGCGT	485.0	10304.9	-24.829
TGCAC	1108.0	21370.2	-24.695
GTTAG	401.0	6754.9	-24.443
AAATG	670.0	12332.1	-23.161
CACAT	734.0	13663.9	-23.158
TGTAC	438.0	7580.1	-22.811
TATTA	280.0	4460.1	-22.672
CTTTC	938.0	17996.3	-22.567
ATGTA	296.0	7095.0	-22.551
TGTGC	1689.0	34071.3	-22.527
ATGAG	802.0	15165.8	-22.252
GCATT	483.0	11085.8	-22.024
CTCTC	1368.0	27237.9	-21.946
GAGCA	1141.0	22438.2	-21.632
GCGGC	1385.0	27680.0	-21.540
GCTTT	866.0	16647.9	-20.946
ATGTC	566.0	10361.5	-20.788
ATACA	211.0	6184.5	-19.944
GAGCC	1638.0	33398.9	-19.883
CAAAT	418.0	7395.5	-19.694
ATGCG	253.0	5217.0	-19.694
CATAC	236.0	4493.5	-19.582
TCGTA	112.0	1467.5	-19.411
TGCTT	986.0	19565.9	-17.811
GGGTA	631.0	11977.4	-17.750
GAATG	581.0	13436.5	-17.591
CCTGC	2392.0	50367.7	-17.328
GAAAT	507.0	9413.8	-17.193
TAACT	290.0	4952.5	-17.089
TGGGT	1777.0	36953.6	-16.928
CATGA	688.0	13274.2	-16.896
ACATG	620.0	15201.5	-16.695
TATGT	412.0	9468.9	-16.670
CCCTC	1812.0	37843.2	-16.184
GGTGC	1364.0	33448.6	-15.664
CCTGG	2827.0	71781.3	-15.664
TGGAT	622.0	15540.6	-15.664
TCTGG	1392.0	35757.1	-15.664
TCACA	623.0	14384.7	-15.664
GCCTG	2399.0	56591.4	-15.664
TGAGG	1554.0	38786.6	-15.664
GAGGG	2702.0	59479.3	-15.664
AGGGC	1632.0	38912.7	-15.664
GGGCT	2117.0	52309.4	-15.664
TTGGG	1404.0	32765.3	-15.664
TGGGG	3688.0	83034.2	-15.664
GGAGG	3150.0	76295.9	-15.664
AGGGG	2436.0	53044.6	-15.664
GGGGT	2216.0	50402.4	-15.664
CACAA	390.0	9033.0	-15.664
GAGGC	1756.0	43493.4	-15.664
CCAGG	2387.0	57537.4	-15.664
CAGGC	1832.0	46154.9	-15.664
GGCTG	2802.0	69853.8	-15.664
CTGGC	1789.0	45254.3	-15.664
GGCAT	783.0	18674.8	-15.664
CATGG	1135.0	27014.1	-15.664
GGCCT	1692.0	43164.5	-15.664
CCTGT	1408.0	35771.6	-15.664
CTGTG	2170.0	53292.6	-15.664
TGTGG	2118.0	49229.5	-15.664
GTGGC	1483.0	39588.6	-15.664
TCTGT	1281.0	29659.6	-15.664
TGGAG	1607.0	46381.9	-15.664
GGGTG	2822.0	63718.0	-15.664
GGTGT	1398.0	32522.5	-15.664
GTGGG	3135.0	68914.4	-15.664
TGGGA	1802.0	45107.4	-15.664
GGGGC	3195.0	73033.7	-15.664
GGGCC	2261.0	53056.7	-15.664
TCCAT	545.0	13275.0	-15.664
CTGTC	1183.0	28279.6	-15.664
TGGTG	1805.0	43131.2	-15.664
GGGAC	1231.0	31507.5	-15.664
TGCTG	2109.0	49893.6	-15.664
GCTGC	1899.0	47751.2	-15.664
GCTGG	2786.0	68147.4	-15.664
CTGGG	3420.0	85024.6	-15.664
TGCCT	1475.0	35956.7	-15.664
CTGCA	1542.0	37937.9	-15.664
GCTTG	930.0	20502.5	-15.664
TTGTG	886.0	20748.2	-15.664
GTGTC	988.0	23310.7	-15.664
CCTTC	994.0	25879.9	-15.664
CCCAT	732.0	18697.8	-15.664
CCATG	883.0	25259.5	-15.664
ATGCC	562.0	15044.4	-15.664
CGGGG	1803.0	41328.1	-15.664
AGTGT	802.0	19034.4	-15.664
CATTT	541.0	13953.9	-15.664
ATTTG	438.0	11030.6	-15.664
GGGCG	1555.0	38886.0	-15.664
CGTGT	640.0	13083.9	-15.664
GTGCT	1163.0	28693.4	-15.664
AGAAC	454.0	10208.3	-15.664
CGGGC	1057.0	26069.0	-15.664
GGGCA	1890.0	44238.1	-15.664
GGCAG	2236.0	55507.0	-15.664
GCAGG	2053.0	55260.0	-15.664
AGGCA	1273.0	30209.1	-15.664
TGAAT	433.0	9944.4	-15.664
CTCGC	359.0	10171.1	-15.664
TGGGC	1944.0	50513.4	-15.664
CCGGG	1328.0	33766.8	-15.664
GTGCG	709.0	16927.0	-15.664
GACCC	868.0	21099.8	-15.664
CTCGT	230.0	5934.6	-15.664
TCGTT	107.0	3080.7	-15.664
CGTTG	201.0	5107.9	-15.664
TGCAA	375.0	12829.4	-15.664
GCAAG	534.0	15056.0	-15.664
ACACT	468.0	11253.7	-15.664
ACACC	588.0	14185.4	-15.664
TCATG	497.0	14613.1	-15.664
GTCTG	1223.0	28665.4	-15.664
GAGTG	1189.0	30539.7	-15.664
TGCGC	507.0	13463.8	-15.664
GCGCA	450.0	11210.7	-15.664
CGCAC	392.0	8493.1	-15.664
GTGTA	467.0	10615.7	-15.664
GTGAG	1399.0	35818.0	-15.664
GTACA	320.0	6454.3	-15.664
TACAC	277.0	6018.1	-15.664
ATATG	224.0	7319.5	-15.664
TATGA	187.0	5914.0	-15.664
CGCCC	858.0	23024.6	-15.664
CAGGG	2386.0	56423.4	-15.664
CACGG	515.0	12115.6	-15.664
GACGG	496.0	11650.4	-15.664
GGTGG	2678.0	67157.8	-15.664
CACTC	675.0	16452.8	-15.664
CCCGC	885.0	23904.1	-15.664
GCACC	904.0	22951.0	-15.664
TTGGT	617.0	15641.7	-15.664
CCCTA	437.0	10075.8	-15.664
CCACA	932.0	22648.2	-15.664
GTTTG	761.0	17699.5	-15.664
TTTGT	741.0	21752.1	-15.664
TGTCG	197.0	6341.6	-15.664
TTCAT	389.0	10589.5	-15.664
AAGCA	581.0	13038.6	-15.664
CACTT	601.0	14944.2	-15.664
ACTTT	479.0	11535.8	-15.664
CGCTT	295.0	6807.5	-15.664
CCCGG	1044.0	29921.8	-15.664
GCGGG	1525.0	40237.1	-15.664
TTGAA	400.0	10175.8	-15.664
TGAAC	388.0	10190.9	-15.664
GGGAA	1174.0	30673.6	-15.664
GCACT	729.0	17811.7	-15.664
TGTTT	732.0	21945.8	-15.664
CCCTT	1001.0	23483.2	-15.664
GGATG	975.0	26326.5	-15.664
GATGT	534.0	13851.9	-15.664
AAACG	134.0	3187.2	-15.664
GAGCG	492.0	14725.6	-15.664
CGGTA	62.0	2792.3	-15.664
GAACA	429.0	10525.2	-15.664
ACATA	250.0	5489.7	-15.664
ATGAA	379.0	9652.3	-15.664
GTCGG	401.0	9118.9	-15.664
TGTTC	615.0	15541.3	-15.664
ATGGA	607.0	15886.8	-15.664
TAGTA	199.0	4784.9	-15.664
TTTGA	515.0	12540.3	-15.664
CTTGC	720.0	17981.9	-15.664
TAGGG	625.0	15050.3	-15.664
ATGTT	478.0	11870.7	-15.664
CGCTC	404.0	11300.4	-15.664
TCACT	699.0	16824.9	-15.664
TCTTA	319.0	6828.3	-15.664
CTATC	170.0	4607.9	-15.664
GTACG	159.0	2736.0	-15.664
TACGT	100.0	2686.6	-15.664
TATAC	89.0	2925.2	-15.664
GCATC	488.0	13163.7	-15.664
CATTC	423.0	11112.2	-15.664
ATTCA	252.0	7691.4	-15.664
CTTAT	207.0	5557.1	-15.664
CATAA	213.0	4584.4	-15.664
GTGTT	839.0	19421.9	-15.664
TTTAG	349.0	8995.1	-15.664
TTAAC	203.0	4280.3	-15.664
ACCCA	742.0	18678.4	-15.664
CACGA	188.0	4533.8	-15.664
TTAGG	409.0	9512.2	-15.664
TGTAA	315.0	9987.3	-15.664
ACGTA	72.0	1925.5	-15.664
TATGC	217.0	5604.0	-15.664
TTGTA	313.0	9368.1	-15.664
TTACA	226.0	9037.6	-15.664
CTTAA	259.0	5867.4	-15.664
TTAGT	292.0	6804.3	-15.664
TCTAT	212.0	5645.9	-15.664
CGTAT	48.0	1683.1	-15.664
CGTAC	94.0	2023.1	-15.664
TTTAC	279.0	6345.1	-15.664
ATACG	79.0	1473.1	-15.664
ATTAG	216.0	5876.1	-15.664
CATAT	208.0	5371.1	-15.664
TAAAT	288.0	6498.1	-15.664
TTAAT	225.0	5880.5	-15.664
GTAAA	222.0	6261.7	-15.664
GTTCG	192.0	4328.1	-15.664
CGTTA	71.0	1787.1	-15.664
GTAGT	362.0	6561.9	-15.229
GGAAA	893.0	17923.5	-15.039
TAAGA	332.0	5987.8	-14.622
TTTCT	1132.0	23211.2	-14.480
GGGGA	2519.0	54049.7	-13.912
ACGTG	533.0	10304.3	-13.701
AACCA	435.0	8270.2	-13.123
ACGGG	610.0	12021.2	-13.114
TTACT	344.0	6391.8	-12.656
ACCCC	1154.0	24042.4	-12.427
CGCGC	769.0	15574.3	-12.387
AGCAC	856.0	17495.9	-12.205
GGCGG	1980.0	42540.7	-11.993
TGTTA	401.0	7671.7	-11.806
AGAGC	1063.0	22133.8	-11.753
CCCCT	1773.0	38028.6	-11.361
TAAAC	266.0	4862.9	-11.127
TACGC	132.0	2140.4	-11.123
TCCCT	1561.0	33390.5	-11.013
CGTGC	648.0	13112.2	-10.829
CGATA	73.0	1036.3	-10.715
ACGCG	275.0	5100.8	-10.691
GCGCG	920.0	19168.4	-10.488
CCTTT	897.0	18686.4	-10.424
TAGAT	271.0	5031.1	-10.415
GGCCC	2064.0	44906.0	-10.163
CCCCA	1930.0	41883.5	-10.086
GCTTA	336.0	6435.8	-10.013
CTCAC	1025.0	21617.2	-9.887
CCCGT	529.0	10646.9	-9.749
GGAGC	1803.0	39150.3	-9.651
ATAAG	258.0	4825.7	-9.584
AATGC	441.0	8791.4	-9.255
ATTAA	258.0	4862.4	-9.140
GATTT	464.0	9332.1	-8.900
TTACG	116.0	1948.4	-8.825
TCTTT	867.0	18302.8	-8.790
CGCGT	333.0	6517.4	-8.688
TCGGG	694.0	14448.8	-8.664
AGTAA	281.0	5394.2	-8.605
CCCCG	1204.0	25917.7	-8.515
AGCCC	1536.0	33450.3	-8.432
TATCT	339.0	6689.4	-8.184
TAAGC	283.0	5482.9	-8.173
TTGGA	735.0	15458.5	-8.046
TTCGT	200.0	3730.7	-8.033
GTACC	332.0	6566.0	-7.996
CCCTG	2543.0	56496.7	-7.917
AGAAG	937.0	20041.4	-7.813
AATGT	476.0	9750.1	-7.812
TCTCT	1277.0	27748.9	-7.799
CGGAA	315.0	6208.7	-7.767
AGCTT	671.0	14097.4	-7.639
TCGTC	240.0	4605.1	-7.634
CACAG	1370.0	29958.2	-7.417
TAGTT	279.0	5492.3	-7.142
GCCCT	1681.0	37228.2	-6.750
TGTCT	1193.0	26087.8	-6.728
ACGAT	117.0	2093.9	-6.717
GCGTG	958.0	20758.0	-6.696
CTTGT	724.0	15488.9	-6.657
TTAAA	384.0	7873.6	-6.646
GGCAC	1116.0	24402.9	-6.561
CTTTT	807.0	17403.9	-6.433
CTTTA	384.0	7906.6	-6.400
TGCCC	1750.0	38939.1	-6.394
ATGCT	665.0	14184.8	-6.377
ACCAG	826.0	17866.8	-6.292
CGCTA	148.0	2759.9	-6.232
CGGCG	838.0	18147.2	-6.197
CTTAG	411.0	8541.0	-6.154
TACCT	393.0	8143.1	-6.127
TGTTG	977.0	21325.6	-6.080
GACCG	329.0	6722.1	-6.048
TTGCA	677.0	14523.7	-6.042
ATCTA	207.0	4045.6	-6.011
TTATC	239.0	4748.1	-5.948
TTTTC	786.0	17027.6	-5.909
TGAGT	941.0	20552.2	-5.902
TATAG	201.0	3944.4	-5.865
TAGCA	350.0	7214.7	-5.848
GTCCG	395.0	8230.4	-5.698
AACTA	181.0	3531.9	-5.638
ATACC	211.0	4181.8	-5.576
CTCTT	898.0	19684.3	-5.532
CTAAA	297.0	6086.4	-5.515
TTAAG	309.0	6355.0	-5.510
CTGCT	1841.0	41343.9	-5.462
ATTGC	383.0	8020.5	-5.431
ACTCA	523.0	11162.2	-5.404
TTCGG	285.0	5837.9	-5.390
TACGG	152.0	2945.1	-5.102
AAACA	460.0	9819.1	-5.020
TACTT	310.0	6446.1	-5.014
CGGCT	731.0	15974.7	-5.004
AAGGC	780.0	17090.0	-5.002
GAGCT	1197.0	26671.8	-5.001
TTTAA	419.0	8911.5	-4.918
CTGCC	2203.0	49964.5	-4.891
GTTGG	998.0	22128.2	-4.880
TCGGA	258.0	5308.0	-4.835
TGAGC	1202.0	26876.1	-4.767
TGGTT	742.0	16298.4	-4.716
GGTTA	307.0	6435.8	-4.579
AAAAG	496.0	10719.1	-4.533
GACAC	596.0	13010.5	-4.470
CTATT	260.0	5405.0	-4.459
ACTAA	213.0	4355.3	-4.453
AAGAA	540.0	11793.7	-4.223
CTTTG	978.0	21871.8	-4.182
CTTCT	1052.0	23595.7	-4.155
AGTAC	224.0	4641.8	-4.072
CCTAA	303.0	6418.6	-4.044
TCCGA	225.0	4672.0	-4.021
ATCGT	131.0	2595.1	-4.017
TAGAA	334.0	7148.3	-3.987
TGTGA	1118.0	25183.4	-3.979
CGTGG	897.0	20091.0	-3.922
CATTA	247.0	5193.2	-3.910
TTTGC	695.0	15440.0	-3.839
TTATA	223.0	4656.7	-3.789
CTAGA	354.0	7639.0	-3.779
GTTCT	679.0	15093.4	-3.762
ACGTT	154.0	3131.1	-3.734
GAAGG	1304.0	29591.1	-3.727
ATAAC	172.0	3527.7	-3.727
GTACT	261.0	5539.2	-3.710
GCCGA	433.0	9452.9	-3.677
AACAC	378.0	8193.2	-3.662
CACTG	1275.0	28970.5	-3.574
AAGAT	369.0	8008.5	-3.561
CGTAG	153.0	3129.6	-3.543
CTCGG	748.0	16761.0	-3.516
GATAC	181.0	3766.6	-3.515
GAAAA	517.0	11420.7	-3.501
TCTAA	246.0	5240.7	-3.441
AACGG	199.0	4180.0	-3.433
AATTG	294.0	6323.7	-3.427
ATAAT	234.0	4979.0	-3.407
TTCTT	805.0	18112.4	-3.383
TACCA	285.0	6135.1	-3.373
TTGGC	890.0	20095.4	-3.337
TCTGA	801.0	18051.6	-3.297
TAGTC	227.0	4826.6	-3.293
CTCCC	2039.0	46962.4	-3.281
GGTAC	323.0	7026.5	-3.272
TAGAC	219.0	4663.4	-3.254
GGTAG	563.0	12548.9	-3.209
CTAAG	321.0	6989.4	-3.202
TTCTA	344.0	7520.6	-3.200
TATAT	239.0	5112.1	-3.176
TAATA	193.0	4074.5	-3.174
CTTAC	264.0	5700.9	-3.173
TTTGG	967.0	21961.4	-3.168
CTGGT	1233.0	28159.4	-3.162
AGCAG	1407.0	32235.0	-3.154
TGTCC	1126.0	25684.9	-3.150
CCTCT	1459.0	33448.5	-3.149
CGTTC	216.0	4610.2	-3.128
AGACC	664.0	14935.3	-3.117
CAGTA	335.0	7335.6	-3.112
TCCGT	297.0	6458.1	-3.094
TACGA	72.0	1401.8	-3.087
GGCTT	1050.0	23943.8	-3.076
TACCC	369.0	8117.4	-3.031
TCTTC	816.0	18501.7	-3.006
ATGGG	1255.0	28796.6	-2.938
CAGAT	603.0	13564.8	-2.922
ATAGT	206.0	4413.5	-2.845
GAAGA	731.0	16564.3	-2.844
CGGCA	478.0	10686.7	-2.795
TGGTA	403.0	8975.6	-2.783
TTGCT	807.0	18372.7	-2.780
TTCTC	957.0	21868.1	-2.757
TCCTT	902.0	20613.1	-2.738
GGCCG	1178.0	27101.4	-2.678
TTTCG	178.0	3816.1	-2.665
GCAGC	1701.0	39386.8	-2.652
GGACA	927.0	21258.0	-2.581
GTTGT	547.0	12371.7	-2.572
TGTCA	701.0	15966.8	-2.564
TTTAT	461.0	10393.9	-2.498
ACTGG	917.0	21048.7	-2.492
CTAAC	197.0	4279.3	-2.489
CCCAC	1404.0	32503.5	-2.462
GAGAA	852.0	19539.2	-2.459
CGAAA	113.0	2387.9	-2.398
ACAAC	260.0	5761.1	-2.334
AAATT	354.0	7945.7	-2.332
ATTTC	453.0	10255.4	-2.323
ACGCT	250.0	5540.9	-2.323
GCGTT	248.0	5490.8	-2.320
AGGGA	1568.0	36462.1	-2.306
GGTTT	773.0	17752.4	-2.301
CCGTA	109.0	2307.2	-2.299
CGGTC	299.0	6677.4	-2.286
CTGAA	664.0	15206.4	-2.283
GATAA	209.0	4588.5	-2.269
TCCTA	377.0	8483.5	-2.254
AGGCC	1445.0	33606.0	-2.223
TCTCG	376.0	8467.3	-2.215
TAACC	206.0	4528.6	-2.195
GAAAC	466.0	10593.4	-2.178
AAACC	408.0	9240.8	-2.169
ATTAT	239.0	5299.5	-2.166
TCAGG	1193.0	27692.3	-2.153
GTAAC	206.0	4537.1	-2.152
ATTCG	104.0	2211.9	-2.140
TTCCG	306.0	6868.7	-2.128
TCGGT	238.0	5284.2	-2.119
TGATG	795.0	18333.3	-2.111
TGCTC	1068.0	24789.3	-2.101
GGTCG	382.0	8675.5	-2.031
AGAAT	441.0	10053.0	-2.024
ACAGC	837.0	19363.6	-2.017
GTCTT	651.0	14997.3	-2.004
CACCC	1291.0	30103.9	-1.984
TTCCT	1145.0	26655.3	-1.975
AATTT	426.0	9726.7	-1.959
ATCCG	190.0	4208.2	-1.958
AATAA	304.0	6867.9	-1.927
TTGCG	234.0	5257.0	-1.908
GATGA	556.0	12796.6	-1.876
CGACC	233.0	5241.3	-1.869
GTATA	170.0	3763.4	-1.863
ACTCT	543.0	12503.4	-1.845
GGTCC	976.0	22769.8	-1.804
ACATT	368.0	8413.5	-1.768
ACAGA	740.0	17206.4	-1.714
CCAAG	811.0	18908.4	-1.702
CGAGC	394.0	9081.7	-1.656
ATATA	196.0	4423.9	-1.645
CGATC	130.0	2885.9	-1.640
AGGTT	587.0	13647.8	-1.632
ACTTA	214.0	4850.2	-1.623
ATTGG	430.0	9920.2	-1.617
ACGGC	340.0	7808.4	-1.615
CGGTT	213.0	4830.5	-1.604
CTGTA	580.0	13495.7	-1.591
GTGGT	1247.0	29355.4	-1.528
GGTAT	296.0	6805.4	-1.512
GCTCT	1144.0	26955.0	-1.475
CAGAA	728.0	17071.9	-1.449
GTTAT	212.0	4846.7	-1.443
TATCG	62.0	1348.2	-1.436
ACTGT	640.0	14988.3	-1.431
CCGTC	387.0	8976.8	-1.427
CGTAA	70.0	1541.6	-1.400
CCGTT	179.0	4629.5	-1.368
AGTAT	176.0	4618.4	-1.358
TTCTG	1092.0	25774.4	-1.357
ATATC	152.0	3542.3	-1.357
TTATT	415.0	9670.0	-1.353
AATAT	231.0	5324.9	-1.352
AAGGG	1000.0	25556.8	-1.352
CCAGA	997.0	23509.3	-1.351
TTAGC	282.0	7570.2	-1.333
GTTTA	288.0	6685.5	-1.324
CGGGT	569.0	14652.4	-1.315
TAAGG	357.0	8306.1	-1.309
CCGTG	684.0	16094.8	-1.302
GCGCC	753.0	20666.1	-1.282
ATTTA	284.0	7045.9	-1.278
ACCTG	1137.0	26928.5	-1.273
GCTCG	391.0	10034.1	-1.272
AACTT	321.0	7486.5	-1.256
GCCCG	810.0	22883.5	-1.255
TTGAT	315.0	7332.1	-1.250
AACGC	105.0	3534.3	-1.247
CTGTT	779.0	19176.9	-1.230
CCATA	238.0	5513.8	-1.229
ATGAT	368.0	8601.3	-1.229
ACGAG	174.0	5172.1	-1.224
GATGC	567.0	14883.8	-1.220
TTGTC	490.0	12143.3	-1.213
CCTTG	1062.0	25158.3	-1.209
TTCGA	104.0	2921.9	-1.209
CAGCA	1299.0	30843.6	-1.208
ACAAA	392.0	9314.3	-1.179
CCTTA	280.0	7587.0	-1.176
GCGTA	73.0	2669.1	-1.171
AGATG	824.0	19510.7	-1.166
GGGTT	937.0	24053.9	-1.155
TGGAA	855.0	20263.2	-1.137
TTGAC	304.0	7114.4	-1.137
TAGTG	351.0	8241.6	-1.136
CATAG	245.0	6666.1	-1.134
CCCAG	2366.0	57638.2	-1.127
GGGTC	1260.0	30486.3	-1.127
GCCGG	1073.0	25623.8	-1.127
AGGAG	1723.0	44295.9	-1.127
GGCAA	570.0	13465.0	-1.125
TTTCA	566.0	13380.7	-1.123
TTGAG	683.0	16166.5	-1.122
AGTTA	231.0	5400.0	-1.111
GTATT	191.0	7305.2	-1.094
ACCCT	787.0	19195.4	-1.085
TCCCC	1428.0	35309.9	-1.074
ATATT	253.0	5922.9	-1.074
CCGGT	348.0	8188.5	-1.073
TACTA	134.0	3702.3	-1.067
TTTTA	550.0	13019.0	-1.060
CTTGG	1254.0	29899.3	-1.048
TATAA	185.0	4332.0	-1.047
GTTGA	381.0	8998.3	-1.044
GTTAA	196.0	4764.0	-1.043
CCGAT	121.0	2793.4	-1.042
CGTCC	414.0	9785.0	-1.027
TCAGA	604.0	15047.4	-1.018
AAGGA	738.0	17559.2	-1.018
AGCTC	876.0	20880.6	-1.006
AACCC	403.0	12203.4	-0.990
AGCGC	427.0	11231.1	-0.990
ACTTG	512.0	12347.9	-0.988
CAAGA	472.0	11200.1	-0.978
TACTC	250.0	5909.0	-0.972
GTATC	201.0	4737.3	-0.965
CTATA	127.0	3512.1	-0.959
ATAGC	201.0	4786.3	-0.959
GCCCA	1382.0	33703.4	-0.947
GTAGG	475.0	12947.4	-0.946
GGCGC	977.0	24825.2	-0.938
TCGAC	95.0	2205.9	-0.938
ACGAA	67.0	2128.4	-0.931
AACAA	296.0	7014.7	-0.930
CATTG	483.0	11506.1	-0.923
ATCCA	413.0	9823.2	-0.899
AAAGC	436.0	10400.7	-0.899
TGGAC	719.0	17166.1	-0.897
CTTGA	554.0	13228.2	-0.895
CCTCC	1991.0	50773.2	-0.882
AGGTG	1351.0	40068.5	-0.882
ACCGC	312.0	7433.7	-0.874
AGATC	376.0	8947.6	-0.873
GCTTC	870.0	20829.4	-0.872
CCGCT	447.0	12164.6	-0.863
CGTTT	202.0	4799.4	-0.861
GTCCC	1138.0	27378.0	-0.852
CTCTG	1832.0	44343.9	-0.850
TGCAG	1539.0	41099.3	-0.838
CGACG	143.0	3396.9	-0.835
GTCCT	951.0	22811.2	-0.833
TCACG	287.0	6907.9	-0.828
TAGCG	129.0	3050.8	-0.826
CCACT	832.0	19949.0	-0.816
ACGAC	110.0	2608.6	-0.809
GATCC	463.0	11078.0	-0.805
GTGCC	1196.0	29804.6	-0.803
TAGCT	317.0	10191.6	-0.803
AGACA	567.0	15323.6	-0.799
AACAG	456.0	11850.6	-0.795
ATTCC	420.0	10077.1	-0.783
TAGGC	371.0	8892.3	-0.773
ATTGA	254.0	6071.2	-0.768
GAACC	447.0	11212.9	-0.760
GGACC	879.0	21417.0	-0.758
CAAGC	484.0	13078.0	-0.741
CTCTA	319.0	9441.1	-0.741
AGTGC	767.0	20518.7	-0.734
CCCAA	700.0	16848.7	-0.730
GTCAC	607.0	14597.3	-0.729
TAACA	213.0	5447.4	-0.727
ACCCG	243.0	9607.0	-0.717
AGGGT	1079.0	28152.1	-0.712
GTTCA	408.0	11224.0	-0.707
AAATA	365.0	8798.0	-0.702
GTCCA	617.0	14880.6	-0.700
GTCGT	187.0	4481.5	-0.699
TGCGG	705.0	17588.6	-0.693
ATCGA	80.0	1923.1	-0.691
GGAGA	1391.0	35602.0	-0.686
ATTCT	337.0	11390.9	-0.681
ACGGA	209.0	5684.8	-0.678
GCGCT	558.0	14040.5	-0.666
AATGA	389.0	9388.4	-0.664
TATCC	218.0	5267.8	-0.660
CGTGA	278.0	8486.0	-0.659
GAACG	190.0	4688.3	-0.652
GGCGT	464.0	14683.3	-0.652
GGTTG	787.0	19162.9	-0.649
CGTCG	168.0	4045.0	-0.649
GCCTT	886.0	21642.4	-0.647
ATCTG	601.0	15632.1	-0.638
GATTG	367.0	8868.4	-0.633
GGAAG	1408.0	35041.2	-0.623
TTCAC	460.0	12006.3	-0.621
CATCT	619.0	16847.0	-0.621
CTACC	349.0	8453.9	-0.608
CAGTC	603.0	14611.5	-0.604
CTTCC	1193.0	31065.6	-0.601
TAACG	69.0	1675.2	-0.601
AGCGT	282.0	6839.8	-0.595
TGAGA	819.0	21044.9	-0.594
ATCGG	94.0	3514.3	-0.591
GATGG	1130.0	27394.3	-0.589
ATACT	164.0	3994.7	-0.586
ACCTA	223.0	5416.0	-0.570
GAAGC	688.0	18294.2	-0.553
GTTAC	201.0	4908.5	-0.553
GGAAC	501.0	13906.7	-0.551
CCACG	512.0	12602.7	-0.550
AGTCA	440.0	10704.5	-0.544
CCTAC	291.0	8305.6	-0.543
CCTAT	244.0	5954.0	-0.540
ATCTT	386.0	9392.7	-0.539
GAGAG	1278.0	31416.8	-0.533
CAGGT	1058.0	30739.1	-0.533
CAAAC	293.0	7811.5	-0.532
GCTAG	360.0	8775.0	-0.531
TCTGC	1269.0	30993.2	-0.531
TCCGG	504.0	12278.2	-0.529
ACTGC	704.0	19409.1	-0.527
GAGGA	1235.0	36198.1	-0.526
TGATA	210.0	5129.4	-0.525
AGAAA	624.0	15215.8	-0.516
CCGCA	450.0	10980.0	-0.511
TCACC	773.0	18830.5	-0.510
TGACC	580.0	17071.7	-0.502
GATAG	207.0	5435.8	-0.500
GGCTC	1469.0	35749.7	-0.488
TGGCT	1504.0	38393.1	-0.487
TCTAG	332.0	8133.4	-0.487
GGACG	443.0	12406.6	-0.484
TGACT	564.0	13770.0	-0.484
TAAGT	220.0	5926.1	-0.473
TATGG	277.0	9577.6	-0.471
AATTA	197.0	5967.3	-0.470
GGTAA	301.0	7710.8	-0.468
GAGTA	320.0	7853.0	-0.466
GTCAA	252.0	6182.3	-0.466
TCGCA	141.0	4152.6	-0.465
TTTCC	847.0	20674.0	-0.464
TATCA	141.0	4338.4	-0.460
GTGGA	982.0	29791.0	-0.459
GGATA	252.0	6188.5	-0.456
TCGCT	283.0	7340.4	-0.454
GAAAG	596.0	15913.9	-0.454
TAAAA	313.0	8923.4	-0.448
CGTCT	271.0	8479.0	-0.442
CGGGA	738.0	18444.5	-0.440
ACAGT	515.0	12615.7	-0.440
ACAAG	344.0	9263.8	-0.439
CTGAT	417.0	12026.9	-0.436
AGTCC	583.0	15100.8	-0.434
GTGAT	621.0	15215.3	-0.432
TCAAC	240.0	5917.8	-0.430
TTACC	231.0	5710.0	-0.427
GCTCA	950.0	23232.0	-0.422
TCATA	194.0	4839.1	-0.420
CGGAG	608.0	18079.5	-0.413
TGACA	533.0	13099.0	-0.412
GCTGT	1385.0	33851.0	-0.410
AGTCG	171.0	4238.8	-0.409
GTAAG	305.0	7522.6	-0.409
TCGTG	290.0	7633.8	-0.406
CAGAC	616.0	16358.9	-0.406
TAAAG	282.0	6966.4	-0.404
TCGGC	339.0	10146.8	-0.400
ACAGG	1053.0	28167.5	-0.399
AACGT	84.0	3052.7	-0.398
GGGAT	855.0	22882.1	-0.397
CGATG	191.0	4741.8	-0.392
GCTCC	1326.0	32448.0	-0.383
CTGCG	676.0	19323.4	-0.382
AGGAA	896.0	21986.7	-0.378
TGATT	388.0	9613.0	-0.376
CCGAC	230.0	5720.6	-0.375
CTAGG	524.0	12913.6	-0.374
ACGGT	200.0	5365.3	-0.370
ATGGC	660.0	17608.4	-0.366
TAGAG	473.0	11677.1	-0.365
AAGAG	660.0	16239.8	-0.364
CCTCA	989.0	27433.2	-0.358
ACCAC	577.0	14225.9	-0.357
GTTTT	601.0	16438.5	-0.356
CGGCC	870.0	22884.7	-0.353
AAAAT	403.0	11759.2	-0.353
TCTCA	726.0	18305.4	-0.352
CAAGT	319.0	10681.3	-0.349
AAGCC	620.0	15288.7	-0.347
ACCTT	437.0	11550.7	-0.346
CATCC	627.0	17354.1	-0.342
GCAGA	1061.0	27071.3	-0.340
CTGAC	625.0	17693.6	-0.338
AGACG	295.0	7713.4	-0.333
ATTGT	310.0	8663.3	-0.330
AGGCG	705.0	18246.8	-0.330
GCCGC	835.0	22392.7	-0.327
AACGA	79.0	2028.8	-0.323
AATGG	524.0	13069.0	-0.322
TCAAA	315.0	7844.9	-0.318
ATGGT	538.0	14750.5	-0.313
GAATT	312.0	7796.9	-0.312
CCTAG	470.0	11660.3	-0.307
TAATG	233.0	6210.0	-0.304
TAATT	290.0	7491.0	-0.304
TCGAA	90.0	2295.7	-0.302
ATAGA	184.0	5159.6	-0.298
TCCTG	1637.0	45353.5	-0.295
AAAGG	631.0	15628.6	-0.294
TGGCA	1065.0	26923.6	-0.293
CCTCG	571.0	14167.3	-0.292
AACAT	304.0	8863.9	-0.291
CAGAG	1458.0	35886.8	-0.289
CTTCG	264.0	6641.2	-0.287
GCGGT	438.0	11865.1	-0.287
AGTTT	488.0	12139.3	-0.286
ATCAG	388.0	9686.8	-0.280
TGGCC	1567.0	40128.4	-0.278
TGCTA	323.0	8316.5	-0.276
CGAAT	61.0	1889.4	-0.273
AGCCT	1237.0	30818.9	-0.271
GCGAG	467.0	12876.0	-0.271
TTCCC	962.0	26705.4	-0.269
CGGTG	653.0	16431.2	-0.268
GTAGC	347.0	9653.7	-0.267
GAGAC	764.0	19555.1	-0.266
GACTG	713.0	18556.6	-0.265
CTCAG	1314.0	33785.7	-0.261
CCGGC	864.0	22020.2	-0.260
CACCT	975.0	26845.8	-0.257
GGTGA	1191.0	30189.9	-0.256
AGATT	319.0	8022.5	-0.254
AAAGA	389.0	11133.9	-0.252
TCTCC	1109.0	29613.6	-0.250
AGTGG	1140.0	31277.1	-0.248
GCAAA	385.0	9725.2	-0.248
AAAAC	275.0	7547.5	-0.247
GTAAT	237.0	6290.7	-0.246
CCTGA	1073.0	27498.8	-0.245
AGAGG	1418.0	35566.5	-0.242
TGGCG	685.0	17058.2	-0.239
CGCGG	645.0	17951.2	-0.239
CTCCT	1461.0	40350.8	-0.238
GTGAC	692.0	17242.8	-0.238
GATTA	163.0	6573.0	-0.236
AGCAA	367.0	11233.1	-0.235
ATCCC	538.0	15088.7	-0.235
TTTTG	748.0	21054.7	-0.235
AGCGG	505.0	15041.2	-0.228
GGTTC	618.0	15441.2	-0.227
CTGAG	1623.0	40123.2	-0.221
TCTTG	736.0	18543.1	-0.220
TAGGA	394.0	9954.9	-0.218
AATAG	202.0	5172.1	-0.217
CCGCG	551.0	15281.1	-0.216
GTCTC	729.0	22663.1	-0.215
GCAAT	286.0	7258.8	-0.215
TTGTT	642.0	16029.4	-0.214
ATAAA	249.0	7029.5	-0.213
GCTGA	1009.0	27525.5	-0.211
CGCTG	693.0	18231.8	-0.209
AAGAC	347.0	8881.7	-0.209
GCCTC	1466.0	39940.1	-0.205
GGTCT	808.0	23646.4	-0.201
GGAGT	981.0	26579.8	-0.198
GCCAG	1313.0	38398.3	-0.198
TCGAT	68.0	1816.7	-0.197
GCGTC	291.0	9452.0	-0.192
ACTCG	148.0	4941.1	-0.190
CAGCC	1667.0	45483.4	-0.190
CCATT	467.0	11782.8	-0.187
CAATA	148.0	3835.7	-0.186
CAGTG	1242.0	33021.9	-0.185
GAATC	298.0	7598.2	-0.183
CGAGG	573.0	16699.7	-0.183
AGGCT	1321.0	33589.9	-0.181
CACTA	172.0	5487.8	-0.177
AGGAT	465.0	14614.4	-0.176
TTGCC	557.0	16651.5	-0.176
CCGAA	153.0	3977.6	-0.176
TGGTC	683.0	19478.7	-0.173
ACCGG	296.0	7561.1	-0.172
TTATG	240.0	6990.2	-0.170
GTGAA	495.0	14149.2	-0.169
TCTAC	289.0	7406.4	-0.166
AGTCT	538.0	13574.8	-0.165
AGTAG	381.0	10945.1	-0.165
CTACT	238.0	8787.1	-0.164
CAAAG	449.0	13715.4	-0.163
ATTAC	174.0	6148.3	-0.162
GAGTC	583.0	15702.8	-0.161
AGAGA	937.0	23431.5	-0.160
GACAG	928.0	23209.3	-0.158
TCAGT	534.0	13680.8	-0.157
TCCCA	1148.0	31434.7	-0.154
ATCTC	437.0	12394.9	-0.151
ACTAT	147.0	3848.4	-0.150
CAGGA	1418.0	35342.9	-0.149
GCCGT	354.0	10064.4	-0.148
CAATG	353.0	9029.1	-0.146
ATAGG	266.0	6843.5	-0.146
AAGTG	551.0	17576.2	-0.145
CGGAT	173.0	4517.9	-0.145
CAACT	285.0	7334.2	-0.144
CCCGA	344.0	10047.2	-0.144
TGCCG	490.0	12441.9	-0.143
GTCTA	210.0	5452.2	-0.142
ATTTT	681.0	17185.6	-0.142
CTGGA	1476.0	38294.3	-0.141
CCGCC	935.0	25789.4	-0.138
GAATA	182.0	5302.4	-0.138
TCCTC	1088.0	28876.5	-0.137
ACGCC	288.0	9110.8	-0.136
TCATT	367.0	10498.6	-0.134
CTTCA	587.0	14879.0	-0.134
CAAGG	748.0	19877.6	-0.129
CCGAG	605.0	15335.6	-0.129
AGGAC	709.0	18096.6	-0.128
AATCT	273.0	7067.1	-0.127
AAGGT	518.0	13176.3	-0.126
AAGCT	470.0	12518.5	-0.122
GCTAT	193.0	5995.7	-0.121
GAACT	353.0	10607.6	-0.121
ACCAA	275.0	7135.0	-0.120
TTCAA	330.0	8504.0	-0.120
ACCTC	652.0	19088.9	-0.120
CGCAG	506.0	15490.0	-0.119
GGCGA	361.0	10302.4	-0.119
CCAAA	409.0	11724.3	-0.119
GACCT	679.0	17287.1	-0.113
CGCCT	615.0	16576.5	-0.112
CACCG	363.0	10620.1	-0.107
GTTCC	532.0	15484.1	-0.105
TAGGT	286.0	8288.5	-0.104
CTCAT	514.0	13810.9	-0.104
GTCAG	762.0	19731.7	-0.103
GACGC	244.0	8242.3	-0.102
CCACC	1198.0	34311.3	-0.102
GTAGA	363.0	9381.4	-0.101
TCGCG	166.0	5135.8	-0.100
CCAGC	1551.0	43411.3	-0.098
AGAGT	452.0	14022.1	-0.098
GGATC	403.0	11756.6	-0.098
ATGAC	272.0	7954.8	-0.098
GAGGT	1006.0	28104.2	-0.095
TTCAG	630.0	16079.7	-0.092
AGTTG	439.0	11292.6	-0.092
TATTG	228.0	6001.9	-0.092
CTAGT	196.0	5545.1	-0.089
ACCGT	181.0	4829.5	-0.086
GACCA	478.0	13552.6	-0.085
AGCTG	1471.0	39366.0	-0.085
CAGCT	1332.0	33533.2	-0.081
GGAAT	432.0	12207.6	-0.079
AAATC	227.0	6004.2	-0.079
TAGCC	262.0	8819.9	-0.078
GTTTC	549.0	15800.0	-0.078
GACTT	395.0	10832.5	-0.077
TATTC	192.0	5282.0	-0.076
GATCG	130.0	3537.9	-0.076
TCAGC	758.0	22869.8	-0.074
AACTG	415.0	11315.2	-0.074
GGCCA	1212.0	34523.7	-0.074
TGAAA	454.0	11810.1	-0.071
ACCAT	350.0	11361.8	-0.071
TATTT	423.0	12535.5	-0.067
CGTCA	207.0	5527.6	-0.065
CCAGT	727.0	18609.0	-0.065
ACTGA	451.0	11999.8	-0.065
CTCCG	480.0	14626.1	-0.063
AGATA	211.0	6868.9	-0.062
AACCT	411.0	10721.6	-0.061
CTATG	235.0	7901.9	-0.061
AATCG	77.0	2207.3	-0.057
GAGAT	482.0	16695.3	-0.057
TTCGC	145.0	4494.5	-0.055
GTTGC	476.0	13383.7	-0.055
GCAGT	872.0	22542.5	-0.054
ATCGC	133.0	3669.8	-0.054
ACTTC	419.0	10957.7	-0.053
TACTG	310.0	8616.0	-0.053
GACAA	288.0	7663.5	-0.049
TGTAG	454.0	11889.8	-0.049
AAGTC	318.0	8413.0	-0.049
GGTCA	627.0	17761.4	-0.049
TCCAC	612.0	16972.9	-0.049
TTTTT	1236.0	38655.2	-0.049
TAATC	182.0	5434.8	-0.045
AGGTC	545.0	16238.7	-0.044
AGCCG	539.0	14024.1	-0.044
GCCAC	884.0	25862.2	-0.042
CTACG	106.0	3002.6	-0.042
GACGT	210.0	5689.1	-0.042
TCCAG	1142.0	29121.2	-0.042
GCCTA	267.0	8369.1	-0.041
AGTGA	624.0	18628.4	-0.041
CATCG	169.0	4633.5	-0.040
GCGGA	488.0	13418.6	-0.040
TGAAG	663.0	17185.2	-0.038
GATCT	397.0	10935.5	-0.036
GGCTA	343.0	10684.7	-0.035
CACCA	828.0	22674.0	-0.034
GTCGC	261.0	7054.8	-0.032
AAGTA	205.0	5611.0	-0.032
AATCA	203.0	6046.5	-0.031
AAAAA	653.0	19309.0	-0.030
ATCAC	285.0	8694.6	-0.030
CAGTT	473.0	12482.5	-0.027
CAATT	186.0	5162.5	-0.027
CGCGA	168.0	4673.3	-0.026
TCCCG	543.0	16066.7	-0.025
AATAC	153.0	4636.5	-0.023
CTAAT	213.0	6078.4	-0.023
AGGTA	387.0	10378.9	-0.020
CCGGA	374.0	11413.7	-0.020
TACAG	392.0	12333.9	-0.019
ACTAG	138.0	4793.7	-0.018
TGATC	329.0	10052.4	-0.017
AAGTT	281.0	8032.7	-0.015
CAGCG	566.0	15267.8	-0.015
GTCAT	348.0	9427.2	-0.014
TACCG	77.0	2450.3	-0.014
AACCG	125.0	3634.5	-0.013
GACTC	504.0	13452.6	-0.013
CGATT	67.0	2529.1	-0.013
AAACT	301.0	8549.0	-0.013
GATAT	151.0	5389.3	-0.012
GCTAA	268.0	7412.5	-0.011
ACTCC	520.0	16296.2	-0.011
GAGTT	490.0	13401.7	-0.011
ATCCT	456.0	13552.0	-0.010
CAAAA	344.0	9680.9	-0.009
AGTTC	366.0	10575.1	-0.009
ACCGA	107.0	3639.9	-0.009
CTCAA	330.0	10914.9	-0.009
CTCCA	962.0	27203.8	-0.008
GCGAT	155.0	4495.1	-0.008
CCAAT	215.0	6094.6	-0.008
CGCAA	110.0	3308.2	-0.008
ACGTC	144.0	4782.4	-0.008
TGACG	214.0	6092.6	-0.008
GAAGT	447.0	12865.1	-0.008
GGATT	491.0	13244.8	-0.008
GCTAC	292.0	8113.1	-0.007
GACAT	324.0	9547.7	-0.006
CGAGA	230.0	7126.8	-0.005
GACGA	135.0	4035.6	-0.005
ACAAT	167.0	5166.5	-0.005
CGGAC	235.0	7004.3	-0.004
ACATC	318.0	8875.3	-0.004
AAAGT	366.0	10127.4	-0.004
AGCCA	873.0	24707.7	-0.004
GGACT	643.0	18714.8	-0.004
AATTC	223.0	6411.6	-0.003
GATCA	250.0	8070.1	-0.003
CTACA	296.0	8362.6	-0.003
TCGCC	309.0	8728.2	-0.003
AAGCG	223.0	6449.5	-0.002
CGCCG	482.0	14017.1	-0.002
AGACT	412.0	11467.1	-0.002
TCATC	383.0	10709.6	-0.002
CATCA	400.0	11194.6	-0.001
ATCAT	196.0	6815.5	-0.001
CGACA	108.0	3724.3	-0.001
AGCTA	300.0	8582.0	-0.001
CGAAC	82.0	2748.8	-0.001
TGCCA	807.0	24073.1	-0.001
TCAAT	154.0	4715.8	-0.001
CCATC	630.0	17266.2	-0.001
TCAAG	330.0	11538.9	-0.001
CGAAG	159.0	5091.2	-0.001
TGCGA	173.0	5375.5	-0.001
TTCCA	583.0	17032.3	-0.001
CGACT	123.0	3898.3	-0.001
TACAA	191.0	5791.3	-0.000
TCCGC	344.0	10525.1	-0.000
CTAGC	227.0	7244.2	-0.000
GATTC	273.0	8600.8	-0.000
CTCGA	152.0	4777.7	-0.000
GCCAT	589.0	16440.3	-0.000
AACTC	309.0	9093.1	-0.000
CAACA	326.0	10091.6	-0.000
CGAGT	203.0	6388.9	-0.000
GCGAC	174.0	5740.7	-0.000
ATCAA	133.0	4441.6	-0.000
CGCCA	334.0	10679.9	-0.000
GTCGA	67.0	2618.4	-0.000
GCCAA	455.0	13315.1	-0.000
TCCAA	284.0	9473.5	-0.000
GCAAC	215.0	8830.7	-0.000
AATCC	284.0	8931.0	-0.000
TCGAG	152.0	5914.2	-0.000
CAACC	312.0	9853.9	-0.000
GCGAA	100.0	3692.2	-0.000
AGCGA	194.0	6432.0	-0.000
CAATC	133.0	5223.3	-0.000
CCAAC	285.0	10020.6	-0.000
ACTAC	126.0	4751.4	-0.000
CAACG	73.0	3226.3	-0.000
GACTA	131.0	5048.0	-0.000
