OligoSequence	Target Occurences	Background Occurences	Enrichment(ln p, up to 2 mismatches)
GCATG	4299.0	19150.4	-799.736
TGCAT	4380.0	19864.6	-777.615
TTTTT	20566.0	144405.2	-263.718
GCTGT	3544.0	24273.6	-158.632
GGGGG	4315.0	31869.4	-116.170
GTGCA	3153.0	22453.4	-115.798
GTGGG	4660.0	35084.4	-107.184
TCGTA	477.0	2200.2	-104.470
TGTGC	3383.0	24888.1	-99.527
CATGC	2320.0	16357.2	-95.506
CATGT	3010.0	22197.8	-89.168
TTCGT	767.0	4579.1	-76.622
TTAAA	3898.0	30488.5	-69.469
ACGCA	645.0	3828.8	-66.492
CGATT	660.0	3966.2	-64.917
CGCAT	544.0	3340.8	-64.543
CGTAA	383.0	2537.4	-64.339
TAACG	460.0	2543.2	-62.000
ATGCA	2151.0	16150.9	-59.749
CTTAA	1974.0	14729.4	-58.122
CCCTG	3841.0	30719.0	-56.011
TTTAA	4318.0	35093.8	-51.744
TGCGT	989.0	6814.2	-51.474
CCCCT	2811.0	22110.6	-51.310
CGTAT	439.0	2559.7	-49.840
GTCTG	2661.0	20927.3	-49.189
CCTGC	3698.0	30037.5	-46.670
GATGA	2199.0	17106.6	-46.412
GGGTG	3973.0	32646.9	-43.419
AAGCT	2149.0	16817.3	-43.333
ACGAT	481.0	2990.4	-42.852
AAGCG	899.0	6343.4	-41.452
GCTTA	1382.0	10382.5	-40.942
GTACG	334.0	2380.5	-40.458
CTACC	1178.0	8689.4	-40.206
TACGA	339.0	2161.9	-40.166
GAAGA	2789.0	22504.9	-40.154
CTGTG	4322.0	35962.9	-39.840
CCGAT	409.0	2489.2	-39.801
TTAAC	1524.0	11631.2	-39.561
AACGA	496.0	3183.3	-38.605
CGATC	519.0	3937.3	-38.199
GCGAT	763.0	5354.8	-36.829
AATTG	1967.0	15566.3	-36.319
GTGCG	1211.0	9111.2	-36.032
CGTAC	236.0	1876.8	-35.955
GTTCG	561.0	3750.4	-35.892
TGTCC	2236.0	17981.7	-34.762
CGATA	293.0	1712.3	-34.121
CCGTA	233.0	2436.6	-34.027
TGCGA	648.0	4504.9	-33.508
TGATG	2726.0	22351.2	-33.411
AGTAC	1086.0	8162.3	-32.950
CGATG	572.0	3906.7	-32.810
GACGA	540.0	3658.1	-32.415
GAGGG	3406.0	31663.2	-31.884
GGGCA	2406.0	24716.0	-31.884
GCAGG	3132.0	29943.8	-31.884
AGGGG	2911.0	28375.1	-31.884
GGTGT	2261.0	23405.8	-31.884
GTGTG	4820.0	51436.3	-31.884
GGGCG	1780.0	19354.3	-31.884
GCGGG	2053.0	19796.9	-31.884
GGAGG	4486.0	44502.6	-31.884
GCCTG	3130.0	35047.4	-31.884
GGCAT	1540.0	16751.6	-31.884
ATCAG	1384.0	13294.8	-31.884
CAGGT	2343.0	23995.2	-31.884
GGTAC	686.0	7419.1	-31.884
GTACA	1016.0	9998.1	-31.884
AGCAC	1276.0	14782.6	-31.884
TGACG	501.0	4509.9	-31.884
GACGG	635.0	7861.1	-31.884
TGGGA	3384.0	38072.5	-31.884
TGCAC	1633.0	16851.2	-31.884
GCACG	761.0	6641.4	-31.884
ACGCT	467.0	4306.6	-31.884
CCTGA	2323.0	24063.5	-31.884
GATGT	1706.0	16284.5	-31.884
GAACA	1454.0	14230.7	-31.884
ACATG	1609.0	17624.9	-31.884
CATGG	2090.0	20426.3	-31.884
AGCGG	861.0	8337.9	-31.884
GTTAA	1371.0	12820.4	-31.884
TTAAG	1791.0	16530.7	-31.884
TAAGG	1360.0	12744.7	-31.884
TTGAA	2443.0	24148.9	-31.884
AGTCC	1144.0	13360.3	-31.884
CCTGT	2674.0	27329.3	-31.884
CTGTA	2025.0	19832.0	-31.884
GTAAG	1282.0	11821.9	-31.884
GATAA	1172.0	11908.5	-31.884
GGAAG	3010.0	29649.5	-31.884
TGTAT	2155.0	22826.2	-31.884
AAGGG	2275.0	21842.6	-31.884
GTGGA	2309.0	22683.1	-31.884
GGATG	1929.0	20073.2	-31.884
GATTG	1388.0	13047.1	-31.884
AGGCA	2293.0	25738.1	-31.884
CTGAA	2243.0	21464.4	-31.884
TGAAC	1390.0	15096.5	-31.884
ATGAA	2247.0	21210.5	-31.884
ATTTT	5290.0	56511.2	-31.884
TTTTG	4728.0	51654.9	-31.884
TTTGT	4541.0	45157.9	-31.884
TTGTT	3697.0	36463.9	-31.884
TGTTC	2013.0	19429.7	-31.884
GAATG	1851.0	18909.4	-31.884
ATGGT	1625.0	19176.7	-31.884
TGGTG	3163.0	33716.1	-31.884
TAACC	1036.0	8278.9	-31.884
TTTTC	4352.0	42394.6	-31.884
GGGTA	1188.0	11582.2	-31.884
TTATT	3213.0	33403.3	-31.884
TATTT	3861.0	41631.8	-31.884
AGCTG	3042.0	30404.1	-31.884
GCTGA	2157.0	22976.5	-31.884
CTGAC	1641.0	15719.1	-31.884
ACGGA	522.0	5025.6	-31.884
TGGAT	1865.0	18831.7	-31.884
AACTC	1331.0	14127.2	-31.884
CCTAT	974.0	9114.9	-31.884
CTATC	773.0	7241.5	-31.884
TCTTT	4081.0	41277.7	-31.884
CTTTT	4753.0	43755.4	-31.884
TTTTA	5139.0	47345.8	-31.884
TTTAT	3313.0	35150.6	-31.884
AGCAA	1685.0	17642.8	-31.884
CAACC	1256.0	11672.9	-31.884
AACCG	375.0	3523.8	-31.884
CCTTC	2157.0	21591.6	-31.884
TCTAA	1129.0	13613.9	-31.884
GCTAT	909.0	9566.9	-31.884
CAATC	787.0	8739.8	-31.884
TCAAT	949.0	11129.2	-31.884
TAGCA	1293.0	11620.8	-31.884
TACCC	1027.0	8651.5	-31.884
GATTA	1563.0	14863.6	-31.884
TAGGG	1331.0	13381.6	-31.884
GGTGC	2053.0	19677.5	-31.884
TAAGT	1378.0	14358.2	-31.884
AAGTG	2421.0	24735.9	-31.884
TGTTT	4810.0	45100.5	-31.884
CCCAT	1618.0	15872.1	-31.884
TAGTA	1260.0	12541.5	-31.884
GATGC	1313.0	12196.3	-31.884
TGCAG	3238.0	32442.6	-31.884
GTTTT	4161.0	41073.6	-31.884
TGCAA	1843.0	19873.2	-31.884
GCTTT	2445.0	24217.3	-31.884
GCTCT	2127.0	21320.6	-31.884
AAGCA	2105.0	19396.3	-31.884
AGTAG	1509.0	17447.9	-31.884
GTAGA	1326.0	14385.8	-31.884
GACTA	858.0	8078.2	-31.884
ATGCC	1581.0	14937.2	-31.884
CCCTA	1114.0	9771.9	-31.884
CACAC	1501.0	16819.3	-31.884
AGAAC	1449.0	14257.7	-31.884
AACCC	1321.0	13430.1	-31.884
ACCCG	670.0	6495.0	-31.884
TACAT	1249.0	14265.3	-31.884
AATCG	268.0	3136.0	-31.884
ATCGA	332.0	2492.8	-31.884
CGAAC	351.0	3189.9	-31.884
CCATG	1980.0	21194.3	-31.884
ATGAC	1137.0	10716.7	-31.884
TTCAT	1992.0	22296.7	-31.884
TTTCT	4481.0	49027.0	-31.884
TCATG	1442.0	17931.4	-31.884
GGTTG	1633.0	17447.9	-31.884
ATGTA	1619.0	16686.2	-31.884
TTCTT	3829.0	39750.7	-31.884
CGAAT	298.0	2839.8	-31.884
GTGGT	2465.0	24904.4	-31.884
ACTGC	2032.0	19841.5	-31.884
AACTG	1769.0	17223.7	-31.884
TCCGC	723.0	7684.6	-31.884
ACTGT	1841.0	18952.6	-31.884
TGCCT	3102.0	32221.2	-31.884
AGCGC	700.0	6851.3	-31.884
GCGTG	1266.0	12535.2	-31.884
CGTGG	1109.0	11432.4	-31.884
TGTCG	606.0	5257.4	-31.884
AATGC	1436.0	14166.3	-31.884
AGGTC	1409.0	13973.1	-31.884
TGTAC	1082.0	11161.3	-31.884
GCCGT	625.0	5645.9	-31.884
GAGCA	1916.0	17834.0	-31.884
CGTCC	643.0	6046.4	-31.884
TCCGT	561.0	5374.8	-31.884
CCGTT	434.0	4268.2	-31.884
TCTGC	2646.0	24736.3	-31.884
TAGCG	270.0	2689.6	-31.884
CGTGT	890.0	8649.7	-31.884
CCGCT	698.0	7259.9	-31.884
CCGTC	675.0	6216.9	-31.884
TGCGG	905.0	9426.9	-31.884
CGAGT	559.0	5381.3	-31.884
AAGAC	1366.0	13803.1	-31.884
ATCGG	310.0	2606.0	-31.884
GTCCG	512.0	4824.3	-31.884
GTAGC	1114.0	11660.5	-31.884
GCGCA	713.0	6791.3	-31.884
GCAAG	1629.0	15286.3	-31.884
ACGCC	556.0	7046.4	-31.884
ATGCG	456.0	3966.4	-31.884
GCATT	1653.0	16473.9	-31.884
TGAAT	2024.0	20904.4	-31.884
GCGGT	771.0	7275.1	-31.884
CGGTG	971.0	9456.4	-31.884
GCGGA	800.0	8166.8	-31.884
CGGAT	400.0	3652.7	-31.884
GACCA	1241.0	12561.7	-31.884
ACCGA	341.0	3186.3	-31.884
GTCGG	692.0	5483.5	-31.884
CGTGC	926.0	8042.6	-31.884
GCATA	989.0	9062.3	-31.884
TAAGC	1002.0	9393.1	-31.884
AACGC	424.0	3349.6	-31.884
ATCGC	287.0	3714.0	-31.884
AAACG	563.0	4796.1	-31.884
AACGT	518.0	4501.7	-31.884
CGCTT	642.0	5768.7	-31.884
CCTAA	1199.0	11077.4	-31.884
GTCGT	345.0	3589.3	-31.884
CTAAC	765.0	7701.2	-31.884
GCGTA	358.0	2470.1	-31.884
GTGAA	1886.0	19734.7	-31.884
TACGT	382.0	3631.8	-31.884
CGGTT	401.0	4086.4	-31.884
ACCGT	407.0	4472.8	-31.884
CGACG	226.0	2430.9	-31.884
ACGAC	306.0	2451.8	-31.884
ACAAC	928.0	8889.3	-31.884
TATGC	1026.0	9270.4	-31.884
ACCTA	920.0	8874.6	-31.884
CTACG	358.0	2870.3	-31.884
CCGAC	423.0	3943.2	-31.884
ATGAT	2143.0	17336.1	-31.795
CGAAG	668.0	4718.3	-31.734
TAAAG	2187.0	17739.6	-31.391
GGGGA	3625.0	30450.2	-31.139
TGGGG	4855.0	41403.5	-31.138
ATTGA	1765.0	14138.0	-29.793
ACGAA	479.0	3248.0	-29.166
GTTGG	2350.0	19308.4	-29.049
GTAGG	1545.0	12279.6	-28.745
CGCAA	466.0	3148.9	-28.709
ATTAA	2170.0	17749.0	-28.663
CAAGC	1743.0	14006.9	-28.624
GTAAC	1074.0	8226.9	-28.568
CCCCC	2412.0	19913.6	-28.242
TTAAT	2619.0	21738.0	-28.229
TCTTA	1888.0	15336.8	-27.488
CTTAG	1516.0	12112.4	-26.848
TACCA	1316.0	10382.0	-26.730
CCATC	1874.0	15270.4	-26.542
TCCCC	2750.0	23033.2	-26.385
GCATC	1400.0	11153.3	-25.830
GTAAA	1984.0	16276.6	-25.813
GGTGG	4441.0	38238.4	-25.548
CGTTC	565.0	4047.1	-25.259
AGCAG	2906.0	24522.4	-25.021
TGGGT	3253.0	27632.6	-24.994
CGGAA	687.0	5082.1	-24.482
AGCGT	670.0	4954.0	-24.239
CATCC	1760.0	14435.5	-23.509
TAAAC	1533.0	12446.3	-23.359
AACTA	1305.0	10460.1	-23.136
TTGCA	2457.0	20682.5	-22.757
AACCA	1650.0	13517.7	-22.529
ACCAA	1440.0	11676.4	-22.392
ATGTT	2883.0	24553.5	-21.948
TCTGA	2508.0	21204.6	-21.780
GCGTT	634.0	4737.4	-21.426
TCAAC	1129.0	9001.3	-21.373
TGAAG	2718.0	23129.2	-21.243
CGCTA	350.0	2397.0	-21.031
ACGTA	411.0	2891.6	-20.994
CGTTA	378.0	2628.2	-20.932
TACGG	379.0	2632.1	-20.765
TCGGT	535.0	3931.2	-20.749
TCGAC	319.0	2153.3	-20.697
ATACT	1279.0	10358.6	-20.524
TCGAT	386.0	2707.1	-20.144
GAGTG	2837.0	24315.4	-19.870
GTATG	1456.0	11966.2	-19.763
ATACC	952.0	7536.5	-19.761
ATCTG	2231.0	18889.6	-19.652
ACCCC	1865.0	15612.1	-19.507
TCCAT	2045.0	17233.3	-19.482
GTCCA	1437.0	11816.0	-19.478
AGCAT	1890.0	15857.9	-19.313
ATAAC	1101.0	8864.2	-19.266
AGAAG	2966.0	25551.0	-19.083
CACGC	970.0	7727.9	-18.972
AGGCC	2365.0	20149.3	-18.880
CACCC	2243.0	19090.6	-18.379
TGATC	1803.0	15141.3	-18.328
CGTAG	422.0	3060.9	-18.296
ATTCG	396.0	2847.2	-18.104
CGACC	539.0	4045.8	-18.028
AATAG	1556.0	12987.1	-17.544
CTGTT	3001.0	26017.9	-17.492
TAACA	1553.0	12972.2	-17.283
AAAGC	1981.0	16854.5	-16.799
TCTGT	3796.0	33328.3	-16.757
GGTAG	1482.0	12396.2	-16.515
TATCC	1071.0	8742.4	-16.411
ACGAG	595.0	4588.0	-16.377
TACCG	320.0	2285.6	-15.655
CCAAT	1165.0	9641.9	-15.291
CGGTA	351.0	2554.7	-15.277
TACGC	283.0	2001.1	-14.769
TGGCA	2528.0	21975.6	-14.768
ACCCT	1787.0	15281.4	-14.446
GTTCA	1905.0	16355.7	-14.413
AACAC	1371.0	11541.0	-14.323
AGTAA	1713.0	14627.9	-14.210
ACTAA	1300.0	10917.7	-14.111
GGTAA	1457.0	12339.2	-13.906
AGCTT	2054.0	17787.9	-13.476
CTTAC	1092.0	9105.5	-13.407
ATACG	316.0	2317.1	-13.303
GTGCT	2586.0	22680.1	-13.064
GCCCT	2342.0	20450.0	-13.004
AGTTG	1815.0	15667.2	-12.843
TGTGG	3644.0	32407.3	-12.828
ACGCG	424.0	3252.2	-12.628
ACTAC	977.0	8123.4	-12.536
AACAG	1971.0	17120.7	-12.483
ATCGT	405.0	3098.8	-12.399
CAGGG	3354.0	29798.9	-12.369
TTTCG	634.0	5093.3	-12.316
TCCGA	474.0	3699.6	-12.309
ACCGC	654.0	5274.1	-12.297
CATAC	871.0	7197.7	-12.287
AAACT	2272.0	19895.1	-12.130
GAAGC	1974.0	17175.2	-12.129
AGCTC	1996.0	17382.9	-12.116
TTACG	373.0	2845.7	-11.949
TTGAC	1331.0	11350.3	-11.946
AAACC	1758.0	15226.1	-11.881
CCTTA	1315.0	11208.8	-11.871
TGTTG	3171.0	28212.4	-11.627
TTCGA	455.0	3567.9	-11.512
CCTCT	2894.0	25687.9	-11.363
GTGAT	2333.0	20540.1	-11.294
ATCCG	481.0	3808.8	-11.229
GATCG	450.0	3540.3	-11.057
GACTG	1864.0	16279.2	-11.026
AAGGT	1919.0	16793.1	-10.861
CTAAA	1736.0	15122.3	-10.801
GTATC	927.0	7782.2	-10.790
GACCG	558.0	4500.2	-10.735
TGGTA	1669.0	14521.0	-10.719
AGGGT	2292.0	20246.3	-10.592
GAAGG	2859.0	25462.8	-10.584
GAACG	526.0	4230.7	-10.516
GTTGT	1974.0	17332.1	-10.496
AGGAC	1641.0	14291.1	-10.454
AGCGA	789.0	6569.4	-10.424
GGGCT	2947.0	26296.3	-10.387
ATAGC	965.0	8161.2	-10.358
ACTGA	1837.0	16135.0	-9.942
TAGGA	1617.0	14121.3	-9.907
CTGTC	2477.0	22051.3	-9.691
AGGTA	1595.0	13946.7	-9.656
AACGG	469.0	3770.6	-9.600
GCTTC	1968.0	17377.4	-9.499
CTCAC	2190.0	19432.5	-9.475
CGGTC	509.0	4135.9	-9.366
TATCG	231.0	1727.8	-9.256
TCAAG	2018.0	17869.8	-9.220
CAGAT	1884.0	16649.1	-9.137
CCGAA	491.0	3988.1	-9.116
CCCTC	2531.0	22629.5	-9.084
AAGAT	1949.0	17260.1	-8.989
CTGCA	3301.0	29777.2	-8.969
AAAAC	2333.0	20816.0	-8.870
GCAGC	2598.0	23284.7	-8.800
TAAGA	1699.0	14982.6	-8.795
GGACT	1753.0	15474.1	-8.794
TGCTT	2911.0	26196.3	-8.724
CCCGA	892.0	7611.4	-8.715
ATGCT	1910.0	16949.6	-8.576
GCTTG	1980.0	17610.8	-8.429
TAATT	2786.0	25072.0	-8.428
AGTGC	2326.0	20816.0	-8.385
GGTTC	1659.0	14658.5	-8.368
TCGTT	512.0	4217.9	-8.319
AACTT	1955.0	17410.9	-8.160
GTTAG	1236.0	10792.9	-8.157
CTGCG	1268.0	11105.3	-7.972
CTGAT	1792.0	15924.4	-7.969
ATGAG	2078.0	18576.9	-7.943
CCTAC	979.0	8462.0	-7.891
CATGA	1901.0	16939.5	-7.865
TGACC	1714.0	15214.1	-7.863
TCGGA	477.0	3936.4	-7.758
TAAAT	2611.0	23547.3	-7.702
CACGT	765.0	6535.3	-7.591
CAGAC	1502.0	13296.5	-7.572
ACTTA	1326.0	11676.4	-7.556
TTGGA	2268.0	20384.0	-7.534
GAGGA	3046.0	27633.3	-7.486
GGCCC	2318.0	20868.2	-7.429
ACAAG	1464.0	12957.3	-7.373
TACCT	1396.0	12346.3	-7.304
TTCAG	2430.0	21922.5	-7.291
GTGTA	1627.0	14480.0	-7.232
ATGTC	1510.0	13406.6	-7.155
CGTCA	494.0	4125.0	-7.085
CCATA	1008.0	8799.9	-7.032
AACCT	1826.0	16352.1	-7.029
CGAAA	449.0	3728.8	-6.914
AGTAT	1352.0	11979.8	-6.886
CAATA	1134.0	9989.7	-6.724
TAAAA	3595.0	32943.2	-6.473
AAGTA	1702.0	15272.2	-6.403
TCCTC	2488.0	22596.2	-6.388
CATCT	2108.0	19058.9	-6.326
GATCT	1706.0	15327.8	-6.323
CCGGA	777.0	6741.1	-6.316
CCCGT	761.0	6602.4	-6.300
AGTCG	420.0	3510.3	-6.271
GGTAT	1179.0	10461.3	-6.098
TAACT	1411.0	12611.2	-6.056
CATAA	1311.0	11696.4	-6.010
CGAGC	713.0	6183.5	-5.944
CCACG	915.0	8052.4	-5.875
TTACC	1137.0	10097.8	-5.849
GTCGA	282.0	2298.6	-5.803
ATTGG	1509.0	13557.9	-5.747
AGGAA	3078.0	28237.6	-5.667
CCGCA	727.0	6335.9	-5.666
GACAA	1233.0	11013.8	-5.603
TTGTG	2844.0	26060.7	-5.588
ATCCA	1508.0	13577.9	-5.587
GGGTC	1885.0	17112.1	-5.452
GATAG	985.0	8734.2	-5.411
ACAGC	1649.0	14924.7	-5.262
CGCGT	454.0	3876.8	-5.252
ATTCC	1578.0	14273.3	-5.189
TACAC	920.0	8162.9	-5.155
AGGGC	2250.0	20576.9	-5.094
GGAAA	2851.0	26230.8	-5.027
AAGAA	3068.0	28278.8	-4.984
CAAGT	1745.0	15877.5	-4.939
CAGTA	1363.0	12309.5	-4.868
TTGGC	2150.0	19678.0	-4.853
CTTCG	606.0	5297.7	-4.816
GCGTC	656.0	5771.4	-4.696
TCCGG	776.0	6883.4	-4.593
GGCTT	2163.0	19861.5	-4.549
GGTCG	591.0	5184.1	-4.517
GAGTA	1335.0	12096.4	-4.504
CGTCT	758.0	6732.8	-4.480
AGTGG	2796.0	25831.8	-4.428
ATTGC	1481.0	13484.1	-4.389
GGAGC	2429.0	22403.8	-4.339
GACCC	1479.0	13480.7	-4.261
GGGGT	2942.0	27259.7	-4.224
CTATA	980.0	8822.7	-4.211
GATCA	1296.0	11782.1	-4.177
CCCCA	2686.0	24861.1	-4.143
CACGA	488.0	4275.9	-4.036
GGGAG	4350.0	40619.4	-4.025
GCCCC	2455.0	22705.0	-4.006
GAAAA	3141.0	29190.1	-4.004
TATAG	1120.0	10153.9	-3.995
CGGGT	977.0	8823.0	-3.941
GCTCA	2225.0	20553.7	-3.939
TCCTA	1364.0	12449.1	-3.930
CGACA	360.0	3116.9	-3.827
ACCTG	2323.0	21505.1	-3.820
CCCTT	2163.0	20015.0	-3.719
CCCCG	1563.0	14360.6	-3.702
TCAGT	1933.0	17849.6	-3.653
TAGAG	1733.0	15969.5	-3.648
GATTC	1408.0	12912.0	-3.634
GCCTT	2101.0	19446.7	-3.620
CTGCT	3108.0	28999.9	-3.511
TGATT	2322.0	21559.2	-3.501
TCCCT	2714.0	25277.7	-3.431
TCACC	1839.0	17017.0	-3.359
GTTAC	953.0	8679.8	-3.351
GGCGG	2292.0	21309.4	-3.347
CCGTG	1007.0	9196.8	-3.257
GCAGT	2382.0	22182.1	-3.255
ACACC	1265.0	11631.8	-3.213
GCGCT	861.0	7838.0	-3.192
ATAGA	1303.0	11996.8	-3.179
TTCGC	461.0	4108.2	-3.158
ATAGG	1123.0	10305.5	-3.141
GGGTT	2423.0	22600.1	-3.114
CTGCC	3430.0	32160.2	-3.110
CATTC	1666.0	15453.8	-3.037
GTCCT	1818.0	16885.3	-3.025
GCGAA	422.0	3763.7	-2.980
GTTTG	2671.0	25008.4	-2.906
TGCTG	3914.0	36830.0	-2.887
TGAGT	2298.0	21468.5	-2.873
TACTT	1740.0	16192.3	-2.845
CTGGT	2425.0	22702.1	-2.800
TCTAC	1171.0	10811.7	-2.798
CGTGA	854.0	7821.9	-2.779
CACTA	905.0	8317.9	-2.733
AATCT	1749.0	16297.8	-2.729
GAGCG	956.0	8803.3	-2.704
ATCAA	1187.0	10988.2	-2.646
TGAGG	3140.0	29542.4	-2.631
TAGTG	1357.0	12611.7	-2.565
ACCAC	1534.0	14298.7	-2.509
CAACT	1203.0	11176.6	-2.446
CTAAG	1214.0	11286.7	-2.442
TATAC	877.0	8093.0	-2.426
AAAGT	2526.0	23776.1	-2.368
ACTAG	831.0	7678.2	-2.348
CAGTG	3103.0	29285.3	-2.327
GTAGT	1220.0	11373.6	-2.273
GAGCT	2083.0	19584.5	-2.269
CAACG	359.0	3238.2	-2.267
CGGGG	2103.0	19774.8	-2.235
ATCTT	2046.0	19254.4	-2.152
AAGGC	1753.0	16465.6	-2.147
CTTCA	1970.0	18552.9	-2.089
AATGT	2317.0	21862.5	-2.088
AGAGT	1932.0	18190.5	-2.064
ATCCT	1753.0	16488.1	-2.056
TGTAG	1784.0	16803.9	-2.010
CCAGT	1837.0	17308.8	-2.008
GGATC	1178.0	11032.8	-1.968
TTCGG	513.0	4727.6	-1.957
CTCTG	3596.0	34130.2	-1.950
GTCAA	1037.0	9700.8	-1.937
TCGTG	684.0	6351.2	-1.933
AAAAG	2961.0	28063.4	-1.923
ACACT	1339.0	12589.9	-1.882
GAAAT	2317.0	21929.6	-1.869
CCAAA	2055.0	19432.9	-1.864
ACACG	516.0	4774.4	-1.839
TGGCG	1129.0	10594.4	-1.835
AGGGA	2900.0	27522.7	-1.834
TTAGA	1592.0	15014.3	-1.826
TACTA	1008.0	9448.4	-1.813
TGACT	1793.0	16941.6	-1.805
GTACT	950.0	8898.1	-1.797
AAGTT	2019.0	19103.6	-1.795
TCATA	1232.0	11593.3	-1.751
GGTCT	2051.0	19433.1	-1.703
GACAG	2039.0	19343.1	-1.646
GGACA	1584.0	14988.6	-1.628
TCGCT	700.0	6549.8	-1.612
AGAGC	1868.0	17716.2	-1.611
AAATT	2961.0	28188.5	-1.600
ACTCG	440.0	4090.9	-1.583
GTACC	783.0	7357.3	-1.564
GGCGA	771.0	7242.6	-1.563
ATGTG	2680.0	25509.0	-1.562
GATTT	2384.0	22678.6	-1.542
CTTAT	1333.0	12618.1	-1.542
CCGCC	1724.0	16360.8	-1.517
CATCG	380.0	3524.7	-1.507
GGAAC	1380.0	13084.9	-1.471
GCCTA	1000.0	9449.6	-1.466
TCACG	636.0	5977.9	-1.428
TAGAA	1814.0	17258.1	-1.419
AAAGG	2368.0	22586.2	-1.389
GGGAA	2648.0	26896.4	-1.383
CTTGC	1774.0	17209.8	-1.366
GGGGC	3325.0	31808.1	-1.355
GGCAG	3286.0	31417.5	-1.352
ACCAT	1491.0	15341.2	-1.348
TCCAC	1419.0	14953.3	-1.345
ACCTC	2002.0	19301.6	-1.345
AGACC	1329.0	13711.5	-1.338
GTAAT	1460.0	14889.2	-1.328
TTGTA	2014.0	21536.1	-1.327
ACCCA	1753.0	17264.6	-1.326
GGTCC	1370.0	13028.3	-1.315
TGCCC	2571.0	24568.1	-1.299
TCGAA	369.0	3457.6	-1.289
CCTCC	3705.0	37528.8	-1.287
AATGG	1670.0	18715.7	-1.283
TAGAC	755.0	7146.4	-1.273
GAAAC	1696.0	16494.6	-1.267
ATAGT	1227.0	11680.2	-1.248
GAAAG	2255.0	23202.4	-1.232
CGCTG	1075.0	10337.6	-1.218
CGTTG	460.0	4434.7	-1.217
ACCGG	485.0	4572.6	-1.212
GGTGA	2271.0	23732.8	-1.196
GAATA	1185.0	13179.3	-1.195
GATGG	2256.0	23767.8	-1.180
GAATC	1205.0	11493.5	-1.175
AAGGA	2422.0	23631.1	-1.165
AATGA	2177.0	20836.4	-1.165
GAAGT	1735.0	17887.5	-1.163
GACCT	1534.0	15276.5	-1.163
CGGAC	376.0	4173.6	-1.160
ACCAG	1525.0	16160.9	-1.159
TGTTA	1847.0	18195.4	-1.154
TTCAA	1924.0	20062.7	-1.151
AAGAG	2269.0	21910.2	-1.146
AAGCC	1556.0	14880.4	-1.131
GAGAA	2666.0	25578.1	-1.102
TAGGC	1014.0	9674.4	-1.097
TAATG	1618.0	15493.6	-1.093
TCGCC	718.0	6835.0	-1.092
CTTGT	1990.0	19479.5	-1.079
TTGGG	2786.0	27621.1	-1.078
CGTCG	227.0	2706.0	-1.068
CCACT	1666.0	17927.0	-1.057
TAGCC	1066.0	10195.7	-1.055
TGAGC	1885.0	22580.4	-1.052
AGTGT	2143.0	20568.2	-1.045
CGCTC	667.0	7462.9	-1.033
CCCGC	1306.0	13979.2	-1.029
TTCCC	2528.0	24283.9	-1.026
AGGAG	3133.0	33703.2	-1.021
GAACT	1477.0	15543.7	-1.017
CACTG	2460.0	25712.9	-1.009
GATAC	713.0	6802.5	-1.009
TGTGT	5157.0	54716.1	-1.007
GTTGA	1376.0	13871.9	-0.998
CGCCC	1405.0	14685.7	-0.993
ATAAG	1166.0	11808.2	-0.988
AATAC	1183.0	12006.1	-0.965
ACGTC	408.0	3882.1	-0.964
CCGGT	514.0	4910.5	-0.944
GCTAA	1322.0	12692.1	-0.943
TCGCA	269.0	3390.3	-0.921
AGTGA	2457.0	23763.8	-0.913
GCTGC	2764.0	27440.8	-0.900
ATTCT	2431.0	23422.8	-0.886
CTGGG	4523.0	50794.3	-0.868
CGACT	350.0	3408.5	-0.867
ACGTT	449.0	4631.0	-0.866
GTGAG	2438.0	27563.4	-0.862
TCAGA	1916.0	18468.6	-0.859
CCCAC	2090.0	20142.1	-0.858
TCTCG	914.0	8798.1	-0.835
AGGAT	1752.0	17741.0	-0.832
CTAGC	842.0	8107.6	-0.828
CCTAG	1236.0	11910.2	-0.827
ATCCC	1508.0	14794.8	-0.820
GCCAT	1556.0	15004.1	-0.819
TCGGG	859.0	8436.2	-0.790
TACAG	1590.0	18885.9	-0.787
ATGGA	1843.0	19440.6	-0.786
ACTTG	1706.0	16576.2	-0.779
AGCCC	2002.0	19339.7	-0.761
ATTTG	2642.0	25533.5	-0.761
GGACC	1215.0	12867.0	-0.755
TGTAA	2249.0	21745.1	-0.754
TTGCG	419.0	4580.3	-0.748
CTTCC	2519.0	25777.2	-0.742
CACTC	1494.0	14446.2	-0.732
CTCCC	3201.0	33536.0	-0.730
ATGGG	2145.0	21147.6	-0.722
GGCTG	4168.0	41446.0	-0.721
GTCAG	1668.0	16780.5	-0.717
CTCGT	537.0	5187.3	-0.700
GTGCC	1739.0	19206.3	-0.699
ATTCA	1325.0	16264.4	-0.698
CACCT	2056.0	21271.7	-0.689
CATAG	951.0	10278.3	-0.679
CAAGG	1780.0	17939.7	-0.678
TATCA	1104.0	10690.0	-0.677
GCTGG	3741.0	44244.6	-0.671
ACCTT	1554.0	15545.2	-0.671
GATCC	1168.0	11368.5	-0.666
TGCGC	817.0	8030.1	-0.658
AGATT	1823.0	17665.3	-0.657
CTCCG	977.0	9469.3	-0.649
TCGTC	379.0	3727.7	-0.643
TGGGC	2632.0	27603.5	-0.640
TGCTC	1787.0	19021.5	-0.639
ACGTG	812.0	7875.0	-0.637
TATGA	1320.0	12929.5	-0.626
CAATG	1331.0	12920.1	-0.619
ACGGT	406.0	4143.3	-0.606
TGGTT	2266.0	22612.9	-0.597
AGCTA	1271.0	13135.6	-0.597
GTGTT	2247.0	23842.8	-0.596
GTATA	1055.0	10257.3	-0.589
CCCAA	1866.0	18957.6	-0.588
CAAAC	1345.0	13073.7	-0.584
TTAGT	1632.0	16474.7	-0.572
CCTCA	2428.0	23821.1	-0.566
TAATC	1072.0	12352.1	-0.555
GGGAT	1960.0	21120.1	-0.548
CTTCT	2652.0	26327.0	-0.542
GTTCT	1910.0	18924.4	-0.536
GTTTA	1711.0	16667.7	-0.522
TGAAA	2678.0	27398.0	-0.513
ACGGC	466.0	4558.8	-0.503
TCCTT	2483.0	26398.6	-0.500
CATTG	1628.0	15871.3	-0.500
GGTCA	1378.0	14691.3	-0.500
TGGCC	2279.0	24614.1	-0.499
CTTTA	1801.0	19825.8	-0.487
TTTGA	2774.0	30453.4	-0.475
CAGTC	1384.0	13513.5	-0.470
AGAAA	3434.0	33463.7	-0.465
TTGTC	1625.0	16652.4	-0.456
TAATA	1580.0	15968.7	-0.456
AGATC	1132.0	11910.2	-0.452
ATTAC	1168.0	14086.0	-0.450
CCAGC	2520.0	30138.8	-0.450
TACTG	1393.0	13625.0	-0.438
TATAA	1449.0	15516.7	-0.429
AGTTC	1515.0	14990.8	-0.422
ACTCT	1637.0	16022.1	-0.416
CTTTG	2603.0	29376.3	-0.411
TCCAA	1460.0	14297.3	-0.409
CAGCC	2881.0	30566.1	-0.408
CATCA	1277.0	13809.3	-0.406
GCAAC	1030.0	11476.0	-0.405
CCATT	1859.0	18197.7	-0.401
ATAAA	2308.0	24794.5	-0.395
TTTGC	2305.0	24548.1	-0.394
TTCCA	2304.0	22535.4	-0.391
TTGGT	2162.0	21223.9	-0.391
CGCGA	275.0	3835.0	-0.389
CCACC	2364.0	25534.9	-0.389
CCACA	1766.0	17300.5	-0.385
CAGCT	2650.0	26317.1	-0.379
AGGTT	1673.0	19057.7	-0.377
TGGAG	3451.0	34887.7	-0.376
CAAGA	1691.0	16842.6	-0.375
GTGGC	2559.0	25216.0	-0.373
GCAAT	1237.0	12152.8	-0.372
GCGAG	873.0	8599.7	-0.367
TACTC	930.0	9152.3	-0.366
AATCC	1266.0	14133.1	-0.363
ATGGC	1526.0	15071.0	-0.360
CAGTT	1922.0	18837.6	-0.358
TTCTG	3098.0	32189.4	-0.356
GCAGA	2192.0	21829.0	-0.345
GAACC	1122.0	11627.5	-0.344
TCTCC	2647.0	26101.0	-0.341
CGGAG	1115.0	10980.9	-0.340
AACAA	1829.0	17955.5	-0.333
ACTTC	1445.0	14213.9	-0.324
TTCCG	560.0	5561.2	-0.316
AGAGG	2633.0	26530.1	-0.310
AGAAT	1935.0	21023.5	-0.307
TGCCG	694.0	6884.1	-0.301
CTATG	1076.0	11096.2	-0.296
AATTA	1801.0	19821.2	-0.293
ATTAG	1094.0	13056.7	-0.289
TTCTC	2829.0	27764.0	-0.289
CAGGC	3111.0	32450.8	-0.288
GTCTA	762.0	8420.8	-0.287
GACTT	1505.0	14837.6	-0.285
CTCAA	1636.0	16382.2	-0.283
CGTTT	630.0	6758.6	-0.283
ACTAT	968.0	9581.7	-0.280
GCCAA	1414.0	13953.2	-0.279
CAGCA	2435.0	23937.4	-0.275
CTTGG	2502.0	24600.9	-0.272
CAGCG	894.0	8868.3	-0.272
TCAAA	1688.0	19108.6	-0.268
GTCGC	529.0	5283.6	-0.266
GGCCT	2430.0	24383.8	-0.263
CTAAT	1241.0	14225.5	-0.263
AGCCT	2499.0	27137.1	-0.257
TCTAT	1295.0	12810.9	-0.256
TTTAC	1599.0	16518.2	-0.255
CCTTG	2158.0	21271.9	-0.247
CTACT	1241.0	13162.1	-0.239
TGATA	1166.0	12738.4	-0.239
TGCTA	1256.0	13210.1	-0.238
ACAGT	1612.0	16544.2	-0.238
AGGTG	2906.0	29305.4	-0.234
TTCAC	1446.0	16774.8	-0.231
GGAGT	2391.0	24782.3	-0.230
TCTTC	2185.0	22725.4	-0.226
TTAGG	1300.0	14287.8	-0.219
AAAGA	2471.0	26956.5	-0.212
AATTC	1535.0	15207.9	-0.210
GGAGA	2734.0	28515.9	-0.204
GCAAA	1595.0	16416.4	-0.201
TGTGA	2497.0	27110.2	-0.200
TCATC	1235.0	13563.2	-0.199
CCAAC	1118.0	11282.3	-0.191
GGATT	1947.0	20328.1	-0.190
CGCAG	856.0	8830.6	-0.190
AAATC	1511.0	15137.4	-0.190
ATCTA	947.0	9720.5	-0.190
TTGCC	1802.0	18656.1	-0.185
GGTTT	2501.0	26174.7	-0.185
GGCGT	802.0	9856.7	-0.184
GGAAT	1707.0	16934.8	-0.180
CTCTT	2469.0	24783.6	-0.180
AGATG	2242.0	23001.3	-0.167
TTACA	1693.0	19394.0	-0.165
GGCAA	1473.0	14665.6	-0.162
ATATC	890.0	8926.0	-0.160
AGTTA	1335.0	13307.2	-0.160
AGGCT	2781.0	29408.0	-0.154
CCTCG	916.0	9675.2	-0.151
TTGAT	1741.0	17984.7	-0.146
CTCAG	2762.0	28604.3	-0.145
GGGAC	1874.0	18645.4	-0.142
CAGAA	2231.0	23151.3	-0.141
GACGC	414.0	5364.3	-0.138
CTGAG	3162.0	31291.9	-0.138
TTTCA	2572.0	29983.1	-0.137
AACAT	1519.0	18022.2	-0.136
TGGAA	2549.0	25610.4	-0.135
GGTTA	974.0	10048.4	-0.134
GTGTC	1760.0	17536.3	-0.133
AAATG	2797.0	28253.7	-0.130
AGACT	1509.0	15197.1	-0.128
GCCCA	2260.0	23077.8	-0.128
TAGTT	1519.0	15175.3	-0.127
CCTTT	2669.0	27320.7	-0.127
AATTT	3446.0	34121.8	-0.126
CAGGA	2524.0	28600.6	-0.122
TTTCC	3066.0	30401.8	-0.121
CTCCT	3261.0	32379.8	-0.120
AAACA	2301.0	22892.8	-0.119
GCACT	1386.0	15665.5	-0.118
AATAA	2375.0	24365.8	-0.116
CAGAG	2546.0	28060.9	-0.116
AAGTC	1250.0	12769.4	-0.115
GTCCC	1640.0	16869.0	-0.115
CTACA	1140.0	11640.0	-0.114
CCAGA	2012.0	20053.3	-0.113
ATTGT	1681.0	18739.7	-0.111
GTTGC	1385.0	15245.2	-0.109
CTTGA	1797.0	19234.5	-0.107
CGCAC	488.0	5003.2	-0.102
TAGGT	1247.0	12535.1	-0.101
ACTCA	1311.0	13310.5	-0.100
TTATA	1501.0	16846.2	-0.097
AGGCG	1261.0	12679.0	-0.097
CATTT	2734.0	32364.4	-0.097
CATAT	1161.0	12876.0	-0.097
AGACG	652.0	7178.0	-0.096
GCCGA	641.0	7027.7	-0.096
AAATA	2955.0	29396.3	-0.091
CGCGC	934.0	9462.3	-0.090
CGGCC	1253.0	12626.1	-0.089
ACGGG	685.0	7399.4	-0.088
CACAT	1591.0	15969.5	-0.085
GTCTT	2017.0	20539.8	-0.082
GACTC	1171.0	11829.7	-0.080
TATGT	1667.0	19792.3	-0.079
GGACG	620.0	7345.0	-0.079
TGCCA	2120.0	21217.5	-0.078
CCAAG	1848.0	18536.4	-0.077
CTCTC	2110.0	21586.2	-0.077
CTCCA	2121.0	23046.1	-0.073
TCGAG	477.0	5106.4	-0.072
ACATC	1001.0	10818.8	-0.072
CTCGG	1117.0	11318.6	-0.072
TCTGG	2656.0	26841.9	-0.071
TTTAG	1859.0	22397.7	-0.071
TCCTG	3591.0	36439.9	-0.070
TCGGC	761.0	7816.3	-0.070
ACTGG	1787.0	17955.4	-0.069
AAAAT	3660.0	38149.8	-0.067
TTGAG	2205.0	24182.8	-0.067
GCGAC	426.0	4431.6	-0.066
TTACT	1590.0	16015.3	-0.065
CGCCT	1205.0	12306.6	-0.065
TTATC	1179.0	12013.5	-0.064
TCCCA	2484.0	30004.5	-0.061
TCAGG	2291.0	22992.8	-0.061
TCTCT	2785.0	30753.3	-0.059
TAGCT	1479.0	16041.0	-0.059
CACCA	1760.0	21071.2	-0.056
TTAGC	1182.0	12585.6	-0.055
GAGAG	2402.0	25474.3	-0.055
GAGGT	2075.0	22943.9	-0.053
CTAGT	854.0	9035.6	-0.053
GCCTC	2950.0	32193.5	-0.053
CGGCA	548.0	5918.2	-0.052
AGCCG	783.0	8945.5	-0.050
TGGCT	2954.0	30090.7	-0.050
GACAC	1008.0	10289.2	-0.050
TTGCT	2270.0	26592.3	-0.049
GTGAC	1430.0	14497.2	-0.048
CTATT	1319.0	13958.7	-0.048
AGTTT	2498.0	27958.0	-0.047
CGAGG	1054.0	10999.9	-0.046
TGACA	1540.0	15596.2	-0.046
CACAG	2077.0	20920.5	-0.045
AAAAA	5807.0	63924.2	-0.043
ACAGG	2337.0	23983.0	-0.043
GAGTT	1696.0	18785.1	-0.042
GGCCG	1404.0	14256.0	-0.041
GGGCC	2280.0	23375.3	-0.040
GTCAC	1230.0	12543.6	-0.039
TCACT	2154.0	21722.0	-0.038
CTCGC	699.0	7248.6	-0.037
TCCAG	2431.0	24474.6	-0.036
TCCCG	932.0	11139.4	-0.035
CATTA	1183.0	12642.5	-0.033
AGTCT	1823.0	18464.9	-0.032
ACAGA	2059.0	20821.5	-0.032
CGGCT	835.0	10328.9	-0.032
TCAGC	2098.0	21263.7	-0.031
ACTCC	1537.0	16095.9	-0.030
GCACA	1513.0	15403.3	-0.030
GGCGC	1203.0	14346.4	-0.028
ACAAT	1175.0	12051.1	-0.028
CTTTC	2448.0	25309.5	-0.027
CTCGA	479.0	5065.7	-0.026
TGTCT	2683.0	27378.3	-0.026
CCCAG	3612.0	40263.2	-0.024
GTTAT	983.0	11843.3	-0.024
CAAAT	1641.0	17381.7	-0.023
TTTGG	3014.0	31413.8	-0.023
TGTCA	1847.0	18997.2	-0.023
AGACA	1853.0	18840.5	-0.023
TTCCT	3128.0	32152.1	-0.022
ATCTC	1693.0	17582.7	-0.022
ATTTA	2430.0	25265.1	-0.022
TAGTC	791.0	8240.2	-0.020
CAATT	1277.0	13344.1	-0.020
GCCGC	1203.0	12380.1	-0.019
TATTA	1572.0	16302.9	-0.019
GTTTC	1896.0	23240.4	-0.019
ATACA	1098.0	13876.0	-0.019
CAAAA	2216.0	24869.1	-0.018
CTAGA	1069.0	11042.2	-0.018
CAAAG	1936.0	21123.9	-0.018
GAATT	1726.0	18057.7	-0.018
CGAGA	649.0	6824.3	-0.017
CTAGG	1243.0	12801.9	-0.017
GTTCC	1367.0	14055.5	-0.016
TATGG	1118.0	11982.6	-0.015
TACAA	1162.0	13543.3	-0.015
AGTCA	1343.0	13820.6	-0.014
CACGG	601.0	6874.1	-0.014
TGGTC	1576.0	17173.2	-0.013
GGCCA	2021.0	21281.3	-0.011
TCTTG	2219.0	25024.7	-0.011
CAACA	1397.0	14529.2	-0.011
ATAAT	1739.0	18043.9	-0.010
TTCTA	1700.0	17925.6	-0.010
CACCG	631.0	7180.9	-0.010
CTGGC	2662.0	27385.8	-0.009
TATTG	1449.0	15395.1	-0.009
AGAGA	2526.0	28955.7	-0.009
GCTCC	1702.0	18699.7	-0.009
TATTC	1127.0	13271.7	-0.009
CTCTA	1254.0	13313.2	-0.008
ATCAC	1142.0	12063.3	-0.008
GAGGC	2812.0	29341.7	-0.008
CGGGC	1186.0	13776.7	-0.007
GCGGC	1243.0	14192.4	-0.007
GCTAC	800.0	8988.3	-0.007
GCACC	1226.0	14421.6	-0.007
CACTT	1674.0	19453.5	-0.007
CCTGG	4180.0	42277.0	-0.006
GGCTC	2164.0	23006.4	-0.006
TAGAT	992.0	12074.1	-0.005
CTCAT	1478.0	16566.9	-0.005
CGCCG	790.0	8383.1	-0.005
GAGTC	1307.0	14606.5	-0.004
ATCAT	1269.0	14093.5	-0.004
AATCA	1295.0	14157.4	-0.004
CGGGA	928.0	11261.6	-0.003
GGCAC	1488.0	15521.8	-0.003
ATATG	1149.0	14772.3	-0.003
TGGAC	1281.0	13551.8	-0.003
GTATT	1689.0	17820.6	-0.002
ACTTT	2396.0	25410.6	-0.002
GCGCG	1009.0	11345.3	-0.002
GCTAG	868.0	9306.3	-0.002
GGCTA	1014.0	11816.1	-0.002
CCGCG	739.0	9390.9	-0.002
CTGGA	2752.0	30417.0	-0.002
ATATT	1784.0	21436.5	-0.001
GCCCG	1259.0	13286.9	-0.001
GGATA	914.0	9896.2	-0.001
TCATT	1961.0	22451.7	-0.001
CCCGG	1468.0	17099.8	-0.001
GACGT	411.0	4611.6	-0.001
TTATG	1444.0	16107.0	-0.001
AGCCA	2180.0	22894.3	-0.001
ATTTC	2059.0	23609.0	-0.001
AATAT	1741.0	19163.5	-0.001
GCTCG	562.0	6239.1	-0.001
ACAAA	1797.0	21474.6	-0.000
AGATA	1322.0	14043.3	-0.000
GCCAG	2356.0	24533.5	-0.000
TATCT	1351.0	14796.9	-0.000
ATTAT	1688.0	18710.6	-0.000
CCGAG	1029.0	11128.0	-0.000
CCAGG	3571.0	37915.3	-0.000
GTCTC	1873.0	22089.3	-0.000
TGAGA	2564.0	28063.7	-0.000
GAGAT	1690.0	20559.6	-0.000
CGCCA	680.0	7577.4	-0.000
TCTAG	1066.0	12121.1	-0.000
CCGGC	1052.0	12348.7	-0.000
ACACA	1671.0	17816.9	-0.000
TCTCA	2146.0	23297.3	-0.000
GCCAC	1684.0	19425.0	-0.000
TCGCG	295.0	3564.3	-0.000
CCGGG	1599.0	18001.4	-0.000
CACAA	1149.0	12820.0	-0.000
ATATA	1472.0	15963.8	-0.000
GAGCC	1957.0	22656.5	-0.000
ACATA	1062.0	12569.7	-0.000
CGGCG	892.0	10076.6	-0.000
GTCAT	1121.0	12596.0	-0.000
CGCGG	799.0	10399.7	-0.000
GCCGG	1211.0	13408.3	-0.000
TCACA	1376.0	16040.5	-0.000
GATAT	822.0	10965.7	-0.000
GAGAC	1720.0	20682.0	-0.000
ACATT	1735.0	19173.4	-0.000
GACAT	1052.0	11908.3	-0.000
GCGCC	1075.0	12736.0	-0.000
TATAT	1564.0	18127.7	-0.000
