OligoSequence	Target Occurences	Background Occurences	Enrichment(ln p, up to 2 mismatches)
GCATG	14743.0	17005.1	-3675.273
TGCAT	10775.0	12201.2	-3037.714
CATGC	7182.0	13721.8	-566.393
CATGT	7258.0	14067.3	-539.107
AGCAT	4913.0	10138.4	-292.124
ATGCA	4848.0	10145.2	-269.458
GCATA	1460.0	4228.5	-247.256
CGCAT	1842.0	3255.3	-220.808
TTGCA	5294.0	11781.1	-207.582
GTGGG	22403.0	56867.5	-200.328
TACAT	1612.0	4612.7	-189.060
ATGTG	7087.0	17062.8	-152.982
GGGTG	20179.0	52645.2	-138.834
GCACG	3345.0	7510.8	-130.861
TGCTT	6551.0	16073.0	-122.225
GTGCA	7833.0	19599.0	-117.648
TTCAT	3019.0	9083.0	-114.362
GCATT	3093.0	9081.3	-113.198
CATGG	8717.0	22162.6	-108.701
ATGCT	4697.0	11333.8	-106.145
TGGGG	26459.0	71011.3	-103.879
TGAAT	2879.0	8556.2	-96.754
TGTAT	2760.0	8454.6	-96.037
GGTGG	21231.0	57019.6	-94.568
CTGCA	11480.0	30086.4	-93.157
GAGCA	7376.0	18860.4	-89.447
TGTGC	9525.0	24834.6	-86.915
GTATG	2539.0	6493.0	-83.256
GGGAG	23462.0	63682.2	-82.891
CACGT	2569.0	5994.6	-80.081
GAATG	3958.0	11990.0	-78.556
ATGTA	2147.0	5427.8	-72.519
TATGC	1703.0	4425.5	-70.643
GGGGG	22315.0	61117.4	-69.278
GCTTT	5401.0	13857.1	-66.664
CTTGC	5593.0	14418.1	-65.060
CCCCC	9789.0	26163.0	-63.385
CATGA	4270.0	10849.1	-60.717
CGTGT	3601.0	9023.9	-60.108
TGCGT	2763.0	7574.5	-60.081
CCTGC	14228.0	38766.6	-60.049
ACATG	3562.0	11796.1	-58.784
GGGGC	22073.0	61334.8	-51.858
CATAC	1279.0	3371.0	-51.684
TTTGC	4865.0	12678.2	-51.045
ACGTG	2982.0	7478.4	-50.535
CCCTG	15944.0	44023.6	-50.254
TGCAC	5835.0	15421.1	-49.639
TGGGT	11578.0	31651.1	-49.534
CGGGG	12344.0	33842.0	-49.026
TTTAA	3085.0	7796.7	-48.231
GCATC	3562.0	10668.9	-48.125
TCCAT	3525.0	10869.7	-48.046
TTAAT	2076.0	5064.0	-47.105
GGGGA	17676.0	49217.3	-44.678
TCTTA	2270.0	5649.2	-42.729
GGGGT	15291.0	42517.1	-42.477
TGTGG	13801.0	38291.6	-41.716
ATACT	1388.0	3280.0	-41.637
CGTGC	3179.0	9518.6	-40.996
ATGCG	1611.0	3886.4	-40.932
GCGGG	11780.0	32631.9	-38.937
TTAAA	2755.0	7052.6	-38.325
CATAT	1470.0	4438.7	-38.173
TCTGC	8942.0	24580.7	-37.267
CGTGG	5826.0	15728.3	-36.436
GAGGG	19454.0	54782.0	-36.053
GCAAG	4077.0	12799.7	-32.772
TGTAC	2179.0	5552.3	-32.626
GGCCC	12610.0	35311.2	-32.257
CTAAC	1466.0	3609.6	-31.670
CCCTC	10346.0	28860.4	-30.869
CCCCT	10227.0	28526.7	-30.652
ACGTA	499.0	1335.9	-30.050
CCTTT	5652.0	15432.8	-29.483
CTTTT	5344.0	14568.9	-29.030
TCATG	3489.0	12123.7	-28.830
TGTCT	7335.0	20295.7	-28.373
GGAGC	12002.0	33747.9	-28.371
CGTAT	471.0	1235.0	-28.331
ACGCA	1511.0	3779.5	-28.260
TACGT	600.0	2040.0	-27.652
GGCAT	5337.0	15344.1	-27.337
GTACG	740.0	2077.6	-27.095
TAATA	1364.0	3406.6	-26.362
CTTTC	5427.0	14894.9	-26.145
GCTTG	6149.0	17056.6	-25.878
GCAGG	15355.0	46562.2	-25.302
AGGGG	16186.0	48305.9	-25.302
GGTGT	8374.0	25248.7	-25.302
GTGTG	16599.0	51640.4	-25.302
TGGGC	13745.0	42868.2	-25.302
GCCTG	15127.0	47153.0	-25.302
AGTGG	8711.0	27862.8	-25.302
GGGAC	8904.0	27072.6	-25.302
GGACC	5952.0	18288.8	-25.302
AGCAC	4346.0	13640.1	-25.302
CACAT	3473.0	10194.1	-25.302
CATAG	1831.0	5626.4	-25.302
GACGG	3051.0	9537.6	-25.302
CGGGT	3804.0	11689.9	-25.302
TCGGG	4180.0	12260.3	-25.302
CTGGG	23710.0	73769.3	-25.302
TGGGA	13284.0	40102.7	-25.302
AGTGC	4943.0	15666.2	-25.302
GTGCC	7483.0	23021.7	-25.302
GATGT	3609.0	11437.8	-25.302
GAACA	2994.0	8848.9	-25.302
AACAT	2088.0	7177.0	-25.302
CCCTT	6223.0	18342.6	-25.302
CCTTA	2083.0	6297.6	-25.302
CTTAC	1725.0	4645.0	-25.302
ACTGC	4770.0	15521.8	-25.302
CCTAT	1631.0	4972.8	-25.302
CTATC	1239.0	3987.7	-25.302
TATCT	1874.0	5971.9	-25.302
CTTAT	1719.0	4704.0	-25.302
TAAAT	1958.0	5576.7	-25.302
ATACA	1451.0	4966.3	-25.302
CCTTC	7082.0	20853.8	-25.302
GTTGC	3541.0	10835.4	-25.302
TGCAA	2763.0	10362.7	-25.302
TACTT	2027.0	5531.7	-25.302
TAATT	1897.0	6370.6	-25.302
GAACG	1311.0	3850.8	-25.302
CACTT	3776.0	12214.8	-25.302
ACTTT	3231.0	9906.1	-25.302
CATTT	3899.0	11649.0	-25.302
TTGCC	4434.0	13510.6	-25.302
TGCCT	9916.0	29123.6	-25.302
TTTAC	1810.0	5229.9	-25.302
TTACA	1858.0	7231.8	-25.302
TCTAT	1498.0	4751.3	-25.302
TATAA	1252.0	3652.8	-25.302
ATAAA	2017.0	6231.2	-25.302
CCATG	5634.0	19839.9	-25.302
ATGGC	4705.0	14380.0	-25.302
TATGA	1652.0	4979.1	-25.302
TAAGA	1817.0	5411.7	-25.302
AAAAA	5444.0	17759.4	-25.302
AATGC	2535.0	7300.7	-25.302
ATGCC	4139.0	12396.3	-25.302
CCCTA	2620.0	8000.9	-25.302
TATAC	828.0	2319.6	-25.302
TGTGT	13896.0	42627.2	-25.302
ATGGA	4751.0	14578.0	-25.302
CTGTA	3279.0	10964.1	-25.302
TGTAA	2406.0	8181.5	-25.302
TGGTG	11533.0	35390.0	-25.302
GGATG	7654.0	23299.7	-25.302
TGTTG	5566.0	16743.4	-25.302
TCTCT	7483.0	22992.7	-25.302
CGTTT	1226.0	3960.4	-25.302
GAGTG	8097.0	26003.8	-25.302
GCTGG	18142.0	57985.0	-25.302
CATAA	1193.0	3854.8	-25.302
ATCTG	4183.0	13408.6	-25.302
TACCC	2192.0	6358.1	-25.302
TGGAT	4343.0	13920.7	-25.302
TGAGG	11262.0	34442.1	-25.302
GTGGT	8066.0	24122.6	-25.302
GGTTG	5593.0	16772.0	-25.302
GTTGG	6432.0	18941.1	-25.302
GGGTC	8685.0	26123.7	-25.302
GGCTG	18931.0	58798.5	-25.302
TTCTC	5986.0	18115.3	-25.302
TGCAG	10076.0	33624.1	-25.302
TGTTC	4330.0	12446.4	-25.302
GCGGT	2871.0	9506.9	-25.302
CGGTG	4248.0	12979.4	-25.302
GTGGA	8341.0	26296.0	-25.302
AATGT	2674.0	7901.1	-25.302
GGAAG	10742.0	32181.7	-25.302
GATGG	7624.0	24413.4	-25.302
GCGAG	3448.0	10529.5	-25.302
TAGGG	4299.0	13404.4	-25.302
AGAAT	2736.0	9100.1	-25.302
GGCGT	3474.0	11730.2	-25.302
GCGTG	5253.0	15320.0	-25.302
GTGAG	9493.0	29446.4	-25.302
GGTCG	2425.0	7394.2	-25.302
GTCGG	2702.0	7651.0	-25.302
GTCCG	1987.0	6523.7	-25.302
GAAGG	9150.0	27653.8	-25.302
CGCTT	1615.0	5441.6	-25.302
GTGCG	3841.0	12134.9	-25.302
GTAGG	3812.0	11203.3	-25.302
TCCGT	1640.0	4970.0	-25.302
CAAGT	2798.0	8944.4	-25.302
CATCG	1188.0	3604.9	-25.302
TTTGA	3627.0	11030.9	-25.302
CCGTT	1184.0	3715.8	-25.302
ATGAA	3069.0	8453.8	-25.302
CATCT	4516.0	13590.9	-25.302
CCTGT	9078.0	27796.7	-25.302
TTTCA	3693.0	11361.4	-25.302
TTTCC	5916.0	17307.3	-25.302
GGGTT	6413.0	20815.5	-25.302
GTTGT	3278.0	9835.4	-25.302
GGTAG	3684.0	11180.6	-25.302
TTGCG	1230.0	4219.9	-25.302
CATTC	2900.0	9168.1	-25.302
CGTTG	1398.0	4062.6	-25.302
TAACG	457.0	1283.5	-25.302
TGTCG	1490.0	4688.2	-25.302
CATTG	3077.0	9350.2	-25.302
CGTAC	449.0	1469.9	-25.302
GATGC	3877.0	12240.9	-25.302
ATTCA	2066.0	6487.2	-25.302
ATAGC	1361.0	3956.1	-25.302
TAGCA	2215.0	5842.6	-25.302
ACGTT	835.0	2509.9	-25.302
TCGGT	1442.0	4286.9	-25.302
TTGAA	2910.0	9324.5	-25.302
TATGG	2349.0	8877.9	-25.302
ATGGT	3694.0	12368.7	-25.302
TATGT	2380.0	7269.3	-25.302
ATATG	1702.0	6915.2	-25.302
GTATA	1068.0	3158.2	-25.302
ACCGT	1184.0	3744.2	-25.302
TTGTA	2220.0	7296.5	-25.302
TCATA	1363.0	4122.3	-25.302
TCTAC	1799.0	6255.1	-25.302
TACTA	1019.0	3294.8	-25.302
TAGTA	1048.0	3956.6	-25.302
GGGTA	3857.0	10432.8	-25.219
CAGGG	16656.0	47415.3	-25.065
CTTGT	4507.0	12296.9	-24.978
TTTCT	7105.0	19764.8	-24.815
GTCTG	8339.0	23347.0	-24.406
TCCCC	9531.0	26807.7	-24.138
AGAGC	6713.0	18676.7	-23.761
ATTAA	1649.0	4238.3	-23.441
GCCCT	10331.0	29188.4	-22.869
TTTTC	5310.0	14669.6	-22.776
TAACC	1468.0	3747.5	-22.712
AAGCA	4053.0	11062.8	-22.702
CACAC	5548.0	15366.0	-22.426
GGAGG	24900.0	71565.5	-22.257
CCCCA	11046.0	31300.3	-22.234
ATGTT	3610.0	9823.0	-21.678
TAACT	1643.0	4251.7	-21.618
GCCTT	6493.0	18127.9	-21.590
GCTGT	9221.0	26043.4	-21.388
GGGCA	12982.0	37039.3	-20.443
CTGTG	14121.0	40365.4	-20.264
ATGTC	3084.0	8358.9	-20.251
TTAAC	1416.0	3652.1	-19.658
TGTTT	6219.0	17457.6	-18.557
GTGTT	5218.0	14565.7	-18.263
TCCCT	9228.0	26223.9	-18.245
AGGCC	9946.0	28329.2	-18.027
CCACA	5933.0	16654.3	-17.891
CCCAC	8372.0	23776.6	-17.369
ACCCC	6423.0	18099.2	-17.344
ATGGG	9062.0	25792.6	-17.269
TAACA	1672.0	4422.5	-17.001
CGGGC	7170.0	20312.1	-16.574
AGGGC	11362.0	32564.3	-16.474
AGGGT	8449.0	24081.6	-15.816
CTTAA	1845.0	4940.7	-15.763
CCTCT	9256.0	26450.9	-15.698
CCGCA	2930.0	8048.4	-15.633
AAAAC	2453.0	6684.3	-15.394
GGCCG	7679.0	21859.7	-15.317
CACAG	7977.0	22761.3	-14.758
TGTCC	6826.0	19419.7	-14.284
CCGTG	4295.0	12046.3	-14.217
CGTCC	2612.0	7178.9	-14.132
ATTTA	2188.0	5959.9	-14.128
GGGCT	15078.0	43645.6	-13.974
TTGCT	5370.0	15187.3	-13.939
ACTTA	1510.0	4033.3	-13.765
GGACG	3578.0	9987.5	-13.639
CTTTG	6426.0	18294.4	-13.423
TTACT	2028.0	5522.2	-13.372
GCCCC	11797.0	34060.3	-13.279
CTTTA	2475.0	6810.0	-13.277
TAGAT	1595.0	4291.0	-13.182
CTCTC	7494.0	21443.6	-13.065
GTACT	1686.0	4555.2	-12.898
TGCTG	13650.0	39543.3	-12.863
ACACT	3020.0	8400.0	-12.804
ACACG	1705.0	4614.5	-12.762
ACCCT	5359.0	15221.7	-12.474
GTGTA	2839.0	7887.3	-12.424
AGGGA	11803.0	34148.2	-12.398
CTGCT	11332.0	32770.8	-12.311
ACGGG	3429.0	9634.4	-11.539
GTGCT	7842.0	22556.4	-11.518
GGGCC	15381.0	44767.8	-11.483
GGGCG	10914.0	31603.8	-11.452
TGTTA	2278.0	6311.8	-11.006
AACTT	2308.0	6398.7	-10.999
AGTAC	1428.0	3872.8	-10.741
AGCAG	9424.0	27291.6	-10.410
TACCA	1798.0	4946.4	-10.324
TAGAC	1407.0	3823.4	-10.295
TCGTA	468.0	1174.0	-10.267
ATGAG	4591.0	13085.8	-10.218
GGCTT	6955.0	20033.6	-10.176
CACGG	3187.0	8991.0	-9.973
GCCGT	2755.0	7731.8	-9.966
TTGAT	2322.0	6476.4	-9.909
TAATG	1881.0	5202.9	-9.751
TCTTT	5395.0	15472.2	-9.721
TATAT	1604.0	4405.6	-9.675
TTCTA	2332.0	6516.9	-9.603
GTACA	1788.0	4942.9	-9.524
CTCTT	5625.0	16178.5	-9.183
TTCTT	5396.0	15505.4	-9.146
GAAAA	3690.0	10501.2	-9.055
ATTTG	3398.0	9646.4	-9.039
CCTTG	7177.0	20764.9	-9.027
TTCCC	7304.0	21138.1	-9.000
TCCTT	6034.0	17407.8	-8.792
TTGTG	5603.0	16137.8	-8.787
AACCA	2475.0	6963.5	-8.717
GTGTC	6049.0	17460.8	-8.627
TACCT	2404.0	6761.9	-8.571
GAAAT	3012.0	8544.9	-8.453
GTAAC	1352.0	3714.5	-8.423
GGTGC	9360.0	27263.0	-8.410
ACTTG	3720.0	10619.6	-8.400
AACTA	1151.0	3136.5	-8.398
TCAGA	4578.0	13144.0	-8.392
AATTG	1964.0	5487.8	-8.359
CCGGG	9304.0	27111.2	-8.211
AGTAA	1730.0	4815.6	-8.184
AGCTT	4130.0	11839.5	-8.123
GAGAG	9820.0	28652.2	-8.083
GATTT	2948.0	8375.9	-8.031
ACACA	4509.0	12966.1	-7.904
GCTTA	1952.0	5471.2	-7.830
GTACC	1801.0	5035.2	-7.828
ATGAT	2538.0	7183.0	-7.823
TTATA	1426.0	3949.4	-7.748
TTCCT	7729.0	22497.7	-7.661
TGACT	3965.0	11380.8	-7.656
ATGAC	2306.0	6517.0	-7.537
TCTTC	5251.0	15176.8	-7.534
GGGAA	9536.0	27863.8	-7.491
CCCGT	2805.0	7980.3	-7.471
TTAGA	2016.0	5673.1	-7.448
GAAAG	4892.0	14127.5	-7.366
GTGGC	10801.0	31633.2	-7.327
TGGTT	4883.0	14110.9	-7.230
ATTGA	1916.0	5390.5	-7.187
TGCTC	6682.0	19441.9	-7.080
CTTAG	2508.0	7127.4	-7.051
TTGGG	9906.0	29002.0	-7.041
GTTCT	4412.0	12732.2	-7.030
CACGC	2767.0	7891.3	-7.015
AACAA	2188.0	6193.2	-6.969
TAAAA	2765.0	7886.2	-6.969
TCTGT	7843.0	22890.7	-6.967
AAGAA	3750.0	10789.6	-6.881
ATCAA	1355.0	3773.3	-6.760
ACAGC	5201.0	15082.1	-6.745
GCACA	5218.0	15137.4	-6.651
GTTTG	5075.0	14718.9	-6.619
GATGA	3868.0	11155.0	-6.562
GAGGA	11784.0	34638.2	-6.528
ATACC	1263.0	3517.2	-6.373
CGCAC	1973.0	5593.0	-6.351
GGTAT	1968.0	5577.8	-6.305
TCTAA	1628.0	4582.2	-6.303
TAGTG	2499.0	7134.4	-6.301
ATAAC	993.0	2743.0	-6.199
CGCGT	1577.0	4439.7	-6.191
TGATT	2915.0	8366.4	-6.187
TAAGT	1748.0	4942.1	-6.133
CCTAC	2250.0	6413.6	-6.129
TCTAG	2527.0	7226.8	-6.112
TACTG	2472.0	7065.9	-6.089
GAAGA	5204.0	15143.8	-5.997
AGAAA	4598.0	13350.3	-5.977
TTCTG	7481.0	21904.0	-5.940
TACAC	1522.0	4291.8	-5.885
GTCTT	4257.0	12347.6	-5.848
ATAGT	1361.0	3826.5	-5.745
TTACC	1688.0	4782.1	-5.708
CTGTT	5370.0	15657.8	-5.696
TATTC	1556.0	4397.9	-5.661
ACGCT	1510.0	4267.0	-5.541
CTGTC	7357.0	21576.5	-5.540
TTTAT	2987.0	8617.6	-5.452
TCCTC	7736.0	22713.1	-5.441
AAGTT	2444.0	7029.9	-5.173
GTCCC	7263.0	21342.7	-5.044
ATATA	1376.0	3903.5	-4.847
AATAA	2051.0	5893.2	-4.730
TTGAC	2025.0	5816.2	-4.728
ATCTA	1241.0	3513.6	-4.727
AGCGT	1811.0	5187.8	-4.723
GGCGG	11812.0	34945.4	-4.718
AAAGC	3130.0	9091.8	-4.638
CTTCT	6680.0	19646.9	-4.638
CACCC	7389.0	21764.6	-4.593
CTTCC	8441.0	24906.5	-4.547
AAGTA	1730.0	4956.3	-4.543
ACAGT	3476.0	10122.7	-4.537
GCCGG	7072.0	20830.6	-4.457
CTCGT	1597.0	4573.4	-4.388
CGGGA	5382.0	15801.4	-4.365
AGTAT	1445.0	4127.6	-4.352
TCGTG	2065.0	5955.9	-4.339
GTCCT	6315.0	18600.2	-4.196
AAATG	3632.0	10615.0	-4.121
GGTAC	1974.0	5700.0	-4.086
GTTAG	1998.0	5772.6	-4.073
TGCTA	2356.0	6830.5	-4.060
GCTTC	5767.0	16982.0	-4.041
ACCTT	3228.0	9423.4	-3.970
AGTTG	3345.0	9773.7	-3.953
TCATC	3040.0	8869.8	-3.921
GTTAA	1489.0	4276.8	-3.912
ACGAG	1507.0	4333.2	-3.853
GTTTA	1986.0	5751.3	-3.803
CCCCG	6492.0	19179.3	-3.733
ATTGC	2320.0	6745.5	-3.726
TTGGA	4694.0	13815.8	-3.691
TTCGT	975.0	2772.8	-3.672
GTAAG	2198.0	6395.6	-3.552
GTTGA	2667.0	7786.5	-3.552
GACCC	5805.0	17149.8	-3.526
TGAAA	3653.0	10727.0	-3.506
GACTT	3262.0	9561.9	-3.501
AAATC	1805.0	5234.1	-3.427
TCGTT	825.0	2342.3	-3.410
CCGTC	2344.0	6837.2	-3.374
TATTA	1311.0	3777.2	-3.369
TCTGA	5343.0	15788.4	-3.333
GTCCA	3974.0	11699.1	-3.308
TCGCA	1075.0	3084.1	-3.279
TAAAC	1427.0	4127.3	-3.229
TGCGG	4695.0	13863.7	-3.217
ACATA	1488.0	4311.5	-3.155
GATAC	1108.0	3187.7	-3.111
AAACA	2837.0	8325.9	-3.097
GAGCG	4101.0	12103.0	-3.066
CTACC	2288.0	6693.2	-3.060
GGAAC	4091.0	12074.1	-3.053
ACCTA	1564.0	4545.3	-3.005
TCAGT	3900.0	11509.0	-2.984
ATATT	1771.0	5163.5	-2.949
TGCCC	9908.0	29514.2	-2.943
TGATA	1565.0	4553.3	-2.930
ACCAA	2055.0	6012.6	-2.896
AACGT	815.0	2339.9	-2.801
CGAGG	4655.0	13799.6	-2.679
AATAG	1521.0	4439.0	-2.659
ACTCA	3024.0	8922.6	-2.638
GACCG	1851.0	5424.6	-2.615
AGTCA	3118.0	9205.2	-2.613
GGTAA	2242.0	6592.9	-2.553
AGAAG	6208.0	18475.7	-2.509
TTCAG	4693.0	13934.6	-2.500
CTTCA	4214.0	12498.5	-2.499
AATAT	1609.0	4711.3	-2.485
TAAGC	1522.0	4457.9	-2.405
TAGTT	1634.0	4795.9	-2.337
CTAGC	2000.0	5889.8	-2.300
CTGCC	12960.0	38815.6	-2.249
GCTCG	2615.0	7735.9	-2.241
GGAAA	5511.0	16432.3	-2.144
ACTCT	3517.0	10449.6	-2.128
CTCTG	11978.0	35888.1	-2.128
ACTGT	3983.0	11850.4	-2.121
ATAAG	1442.0	4241.3	-2.070
TGGCA	7466.0	22328.8	-2.049
TACGA	393.0	1124.7	-2.031
CTGAA	4477.0	13345.7	-2.011
CTAGA	2301.0	6819.5	-1.975
GATAA	1400.0	4121.2	-1.969
ATCGT	732.0	2132.4	-1.968
CGTAA	428.0	1230.7	-1.933
GAGCT	7595.0	22738.3	-1.932
GGTTA	1880.0	5567.0	-1.849
CGAGC	2422.0	7192.9	-1.843
CTATA	990.0	2907.5	-1.833
GCTCT	7210.0	21603.9	-1.799
AAATT	2389.0	7102.7	-1.774
ATAAT	1446.0	4283.0	-1.685
AAGGT	3854.0	11516.9	-1.674
TGTAG	3146.0	9388.6	-1.660
TATCC	1500.0	4446.3	-1.647
ACTAA	1315.0	3890.7	-1.643
GTAAA	1819.0	5406.7	-1.604
CAGTA	2132.0	6351.3	-1.577
ATAGA	1516.0	4500.8	-1.571
TCCGA	1268.0	3759.0	-1.534
TACTC	1673.0	4976.6	-1.511
TACGC	518.0	1519.3	-1.486
GATTG	2579.0	7707.5	-1.468
AACAG	3348.0	10026.0	-1.446
GCTGC	12609.0	37973.7	-1.439
TAGAA	2149.0	6417.4	-1.423
TGGAA	5924.0	17799.2	-1.406
GGTGA	7863.0	25449.7	-1.380
GTTAC	1351.0	4023.2	-1.351
TTGGT	4303.0	13342.0	-1.329
CATCC	4587.0	13878.9	-1.309
TTGTC	3245.0	9733.5	-1.309
AAGGG	7406.0	23505.0	-1.306
GTAGC	2156.0	7682.2	-1.303
TTCAC	2964.0	9494.7	-1.303
TTATT	2712.0	8133.3	-1.265
CCTAA	1848.0	5529.7	-1.264
GGCAG	15365.0	46615.9	-1.261
CCTGG	18983.0	61121.6	-1.261
ACGGT	1317.0	4181.3	-1.255
CACTG	7231.0	22984.0	-1.248
ACATT	2288.0	6923.2	-1.244
AGGAC	5241.0	15771.4	-1.225
GCGCA	2492.0	8110.5	-1.208
TAGGT	2389.0	7167.7	-1.208
ATTCT	2993.0	9948.1	-1.196
CAAAT	2047.0	6136.3	-1.190
AGGTG	10876.0	33965.1	-1.183
GTCGT	1047.0	3453.1	-1.181
AAAGA	3360.0	10099.4	-1.181
CTTGG	8423.0	25822.3	-1.177
CCACG	3026.0	9095.4	-1.161
CATTA	1439.0	4355.0	-1.157
AAGTG	4348.0	14681.9	-1.154
ATATC	1053.0	3146.5	-1.148
AACGA	597.0	1776.4	-1.143
GGTCC	6279.0	18929.2	-1.134
GGCGC	5774.0	18800.5	-1.132
TCATT	2971.0	8934.6	-1.130
CTGAT	3441.0	10354.6	-1.128
AATGA	2716.0	8292.8	-1.111
TTATC	1388.0	4197.8	-1.106
TTAGT	1679.0	5741.3	-1.105
GGGAT	6258.0	20649.4	-1.094
TGTGA	6213.0	19551.8	-1.033
GCGTC	2354.0	7085.1	-1.016
CACCT	6721.0	20297.0	-1.012
GCGTA	606.0	2037.6	-0.999
TGAAG	5036.0	15204.8	-0.988
ACAAC	1492.0	4487.5	-0.987
GCGTT	1412.0	4516.2	-0.984
ACCTG	7192.0	21731.6	-0.978
AACAC	2102.0	6330.4	-0.973
AGTGT	4825.0	14572.2	-0.961
CACTC	4204.0	12694.9	-0.957
CGCGG	4383.0	13608.9	-0.955
AACTG	3290.0	9929.7	-0.945
GCGCG	4190.0	13833.8	-0.940
ACATC	2313.0	6976.4	-0.920
GTGAA	3694.0	12186.2	-0.892
GATCG	974.0	2933.7	-0.887
ATACG	380.0	1137.7	-0.884
AAATA	2543.0	7681.9	-0.877
CGTAG	816.0	2457.2	-0.870
TGGCT	10110.0	31175.5	-0.869
GGACA	5987.0	18115.8	-0.852
TGAAC	2596.0	8818.1	-0.846
TATCA	1244.0	3754.0	-0.835
GTAGT	1883.0	5688.4	-0.834
CATCA	3021.0	9138.0	-0.829
TCACA	3563.0	10779.9	-0.819
GACAC	3403.0	10294.2	-0.818
TCCTA	2394.0	7238.8	-0.818
CTGCG	4792.0	15184.4	-0.817
ACGAA	573.0	1805.2	-0.811
AGAAC	2811.0	8566.6	-0.810
CCCGC	5465.0	17468.0	-0.807
AGCCC	8552.0	25907.3	-0.798
TACGG	769.0	2320.9	-0.792
GTATT	1768.0	5852.8	-0.791
GTTCA	2729.0	9600.1	-0.782
AGGAA	6816.0	20888.4	-0.781
AGCGG	4108.0	12441.8	-0.779
TTAAG	1808.0	5510.1	-0.776
AAGGA	5323.0	16841.8	-0.772
GCCCG	5534.0	17257.9	-0.771
AGGCA	7454.0	25366.0	-0.771
TAGCG	802.0	2425.9	-0.740
CACTA	1432.0	4335.8	-0.739
TATAG	1172.0	3550.2	-0.716
CAACT	1980.0	6001.8	-0.715
TGGAG	12467.0	42757.7	-0.711
GCGGC	7015.0	21449.9	-0.710
GGCCT	12033.0	36910.6	-0.702
AGATT	2304.0	6988.0	-0.695
GGCAC	6280.0	19183.5	-0.686
GAAGT	3739.0	11342.6	-0.683
CAGTG	8501.0	26476.5	-0.675
TACCG	634.0	1925.9	-0.675
GGATA	1843.0	5593.7	-0.668
TTATG	1912.0	5806.6	-0.657
TTACG	454.0	1379.2	-0.647
CGTTC	1191.0	3618.1	-0.642
AAGAT	2401.0	7295.0	-0.639
GCGGA	3335.0	11256.2	-0.633
TGGTA	2474.0	7547.2	-0.628
TCACT	4195.0	13772.7	-0.621
CCTCC	12250.0	39405.9	-0.613
CTGAC	4492.0	14121.5	-0.611
TGGCG	4292.0	13485.5	-0.609
CAGTT	3529.0	10726.0	-0.607
CAGGT	7719.0	25461.6	-0.591
CGGCA	2580.0	8190.4	-0.591
ACTGG	6100.0	18539.8	-0.589
GTTTT	4536.0	13790.1	-0.584
ATCTT	2645.0	8081.0	-0.580
ACGGC	1917.0	5834.9	-0.575
AGCAA	3121.0	9732.2	-0.563
GAGGT	7965.0	24880.2	-0.555
AAAGT	2643.0	8863.4	-0.553
CTTGA	3479.0	11757.1	-0.539
ACTAG	1343.0	4097.6	-0.537
CTCAC	5271.0	16041.1	-0.533
TGCGC	2793.0	9681.3	-0.523
GGAGA	10156.0	33925.9	-0.513
TCGGA	1482.0	4525.9	-0.505
TCCTG	11283.0	37526.8	-0.497
TAGGA	2930.0	8940.7	-0.477
AGGTA	2874.0	8773.1	-0.465
CGTCT	2050.0	6548.2	-0.461
GTTCC	4180.0	12751.9	-0.459
AGGAG	13496.0	41784.7	-0.456
CCGTA	583.0	1852.0	-0.446
GTTAT	1328.0	4069.8	-0.445
ACCGA	931.0	2856.1	-0.441
GAGGC	12316.0	38099.1	-0.438
TGGCC	10447.0	32159.6	-0.424
ACGGA	1442.0	4675.6	-0.415
CTTCG	1647.0	5138.9	-0.408
TGAGC	6938.0	22046.0	-0.407
TGAGT	5359.0	16855.0	-0.405
CTCCC	11559.0	36177.4	-0.402
GTATC	1269.0	3897.6	-0.399
CAGCA	8140.0	25037.3	-0.397
TTGGC	4928.0	16618.1	-0.397
CGGAG	4711.0	15254.1	-0.389
ATCAG	2794.0	8551.5	-0.388
TAAAG	2082.0	6384.0	-0.378
ACGCG	1181.0	3633.9	-0.376
TCCAC	4127.0	12953.7	-0.371
AGAGG	10703.0	32679.3	-0.367
TGATG	4958.0	15154.9	-0.365
TTAGG	2724.0	8353.0	-0.347
TTTGG	6208.0	19284.3	-0.340
TTTTA	3602.0	11034.2	-0.332
AAAAG	3292.0	10091.0	-0.332
GGAGT	7063.0	24222.6	-0.331
CGCTG	4493.0	14352.6	-0.326
TTCGG	1449.0	5007.9	-0.308
CCAGT	4948.0	15152.0	-0.307
CCTCA	6678.0	21645.7	-0.300
ACGAT	535.0	1668.2	-0.293
AAGAG	4862.0	14897.6	-0.292
TGACA	3459.0	10615.2	-0.291
ATCAT	1706.0	5796.5	-0.289
CGTTA	431.0	1455.1	-0.279
CTACA	2023.0	6634.1	-0.278
GTCAT	2592.0	7974.5	-0.273
CAAGG	5268.0	17447.8	-0.273
CAGGC	10596.0	37147.2	-0.269
AAAAT	3368.0	10348.9	-0.268
CCGAT	727.0	2265.8	-0.265
GACGA	1101.0	3414.3	-0.264
CAGAG	10063.0	30844.3	-0.256
ATTGG	2799.0	8656.7	-0.251
CAGTC	3853.0	11841.5	-0.250
GACCT	4484.0	14333.8	-0.248
TGTCA	4090.0	12732.7	-0.244
GGTCT	6125.0	20319.9	-0.237
CGCCC	4741.0	16702.1	-0.235
GGTTT	4775.0	15231.5	-0.233
CTCCT	9911.0	32307.1	-0.229
CAACG	799.0	2495.1	-0.221
GAGAA	5716.0	17735.6	-0.219
AGACT	3257.0	10036.8	-0.217
CGATG	1221.0	3797.3	-0.215
AGTTA	1562.0	4844.8	-0.213
GAGTA	2184.0	6960.4	-0.210
TTGTT	4170.0	12891.0	-0.208
GCACT	4399.0	14277.6	-0.207
CCACT	5025.0	15745.4	-0.205
GACAG	6219.0	19406.5	-0.204
GTTCG	1006.0	3545.1	-0.199
CTAGT	1551.0	4817.7	-0.197
AGTAG	2479.0	9396.1	-0.196
ACACC	3343.0	10311.4	-0.196
TTTAG	2367.0	7885.3	-0.185
AAGTC	2406.0	7445.4	-0.185
TCTGG	9850.0	31323.4	-0.176
ACCGG	1913.0	5938.4	-0.176
AGGTC	4423.0	14058.1	-0.172
GTTTC	4020.0	13116.9	-0.168
GAATA	1530.0	4764.5	-0.167
CGTCG	851.0	2938.6	-0.164
TAGCT	2337.0	8405.5	-0.164
GCAGC	10133.0	31099.4	-0.161
ATCGG	948.0	2977.3	-0.155
CTGGC	11913.0	36551.1	-0.152
TATCG	331.0	1063.8	-0.152
TGCCG	3076.0	9635.4	-0.150
GATAG	1558.0	4944.1	-0.146
CCTGA	7224.0	22875.3	-0.145
TCTCC	7460.0	23708.8	-0.144
AGCTG	10169.0	32698.0	-0.143
CGATA	276.0	893.7	-0.143
GTCAG	5550.0	17200.2	-0.142
AGGAT	4207.0	13184.7	-0.141
ATTTC	2867.0	8887.6	-0.140
CGTGA	1968.0	6504.5	-0.140
GAAGC	5139.0	16033.1	-0.137
ACCCA	4453.0	14664.7	-0.134
CTGAG	10826.0	34678.0	-0.134
ATCGA	492.0	1570.9	-0.133
AATGG	3516.0	11623.9	-0.133
CTACT	2085.0	7526.2	-0.124
CCCGG	7229.0	22954.1	-0.123
GACTG	5222.0	16396.1	-0.120
GCGCT	3086.0	10730.7	-0.119
ACCAT	2328.0	9062.6	-0.117
AACGG	1098.0	3456.5	-0.116
ACAAG	2580.0	8024.3	-0.116
ATTCG	552.0	1765.8	-0.110
TGACC	4293.0	13321.1	-0.104
TCTTG	4988.0	15821.5	-0.104
ACTAT	1053.0	3323.1	-0.104
CAATA	1006.0	3177.4	-0.104
ACTGA	3374.0	10478.3	-0.097
CGGCC	5477.0	17403.0	-0.096
GACTC	3652.0	11337.8	-0.095
TGGAC	4867.0	15068.7	-0.092
CCCAT	4629.0	14413.5	-0.092
AACGC	876.0	2783.4	-0.090
CCTCG	3552.0	11038.9	-0.087
AGAGT	4003.0	12421.5	-0.087
AGACC	4019.0	12725.3	-0.086
CCCAG	13991.0	46405.3	-0.083
AATTA	1674.0	5257.7	-0.082
GGCCA	8952.0	28522.8	-0.082
CAGAA	4721.0	14642.4	-0.078
CAGAC	4233.0	13147.1	-0.075
ACAGA	4551.0	14126.4	-0.074
GCACC	5456.0	16903.7	-0.073
GTGAC	4344.0	13491.4	-0.071
GTCTA	1520.0	4793.0	-0.070
GCCTC	9299.0	32122.2	-0.069
CTCGC	2419.0	7742.2	-0.069
ACCCG	2208.0	7361.8	-0.068
CTGGT	7658.0	23771.1	-0.066
CTGGA	9793.0	34844.4	-0.065
CCATA	1457.0	4602.2	-0.065
AATCT	1950.0	6129.8	-0.063
GAGCC	8997.0	28034.3	-0.063
GACGT	1384.0	4375.5	-0.063
GAATT	2216.0	6952.2	-0.062
AATCA	1632.0	5308.2	-0.061
AGTCC	3840.0	12672.9	-0.060
CTATT	1512.0	4851.0	-0.060
GGCGA	2783.0	8705.8	-0.060
CGGAA	1616.0	5342.9	-0.059
CTATG	1926.0	6358.7	-0.059
ATTGT	2224.0	6980.4	-0.059
GCAAA	2675.0	8374.3	-0.057
CCATC	4396.0	13683.3	-0.053
TGGTC	4821.0	16627.9	-0.053
CTAAG	1941.0	6113.0	-0.052
CCGCT	2902.0	9506.0	-0.052
AAACT	2405.0	7583.0	-0.049
TCCCA	7306.0	25547.9	-0.049
GGTTC	3925.0	13460.2	-0.048
GCTAG	2372.0	7454.4	-0.048
CTCTA	2355.0	8009.2	-0.046
CAGAT	3665.0	11445.5	-0.046
AATAC	1262.0	4014.0	-0.045
TGACG	1443.0	4617.3	-0.043
GCCTA	2293.0	7214.6	-0.043
ACAGG	6891.0	22785.6	-0.042
AAGCT	3525.0	11024.0	-0.042
GCAGT	5702.0	18606.6	-0.042
TTTGT	5241.0	16947.3	-0.040
TTCCA	4490.0	14179.5	-0.039
AGGCT	8264.0	28876.9	-0.037
ATTCC	2723.0	8558.1	-0.036
CACGA	1088.0	3484.3	-0.036
ACTCG	1249.0	3992.8	-0.032
AGCCT	7699.0	25813.0	-0.032
ACGTC	1052.0	3429.4	-0.029
CAGCG	3811.0	11976.1	-0.023
AGTCG	1128.0	3630.1	-0.023
CCGGT	2094.0	6647.5	-0.020
CGGTA	657.0	2302.5	-0.020
ATCCT	3475.0	11526.5	-0.020
AGGTT	3729.0	12215.1	-0.020
GCCCA	8147.0	26884.1	-0.019
TCGTC	989.0	3454.8	-0.018
CCAGA	6341.0	19790.4	-0.018
TTCCG	1727.0	5671.5	-0.017
CAGGA	9712.0	31325.3	-0.017
AGTTC	2891.0	9135.5	-0.016
ATAGG	1854.0	6291.8	-0.016
TCGAT	456.0	1528.8	-0.015
AAAGG	4589.0	14397.7	-0.015
AATTT	2500.0	8411.1	-0.015
ATCCC	3667.0	12424.8	-0.015
TTTTT	7964.0	32372.9	-0.014
AGGCG	4301.0	15400.7	-0.014
TATTG	1638.0	5249.1	-0.014
CTAAA	1657.0	5308.1	-0.014
TCAAT	1224.0	3954.4	-0.013
CCAGC	10256.0	34523.7	-0.012
GCTGA	7303.0	23405.1	-0.012
AAACG	822.0	2697.4	-0.012
CCGGC	4985.0	16816.7	-0.012
ATTAC	1151.0	5019.6	-0.012
GCTCC	7946.0	25405.2	-0.012
AGCCG	3606.0	11378.4	-0.011
GTCGA	653.0	2163.0	-0.011
AAGAC	2446.0	7795.1	-0.011
TCGAC	532.0	1779.0	-0.011
CCGAA	1000.0	3260.4	-0.011
CGGAC	1667.0	5391.6	-0.011
TCAAA	2078.0	6638.0	-0.010
CGAAT	475.0	1597.0	-0.010
ACTTC	2895.0	9179.4	-0.010
CTCAT	3532.0	11189.2	-0.010
GGACT	5167.0	16934.1	-0.010
GCCAG	10151.0	32046.3	-0.009
TCCGC	2206.0	7999.6	-0.009
GGAAT	3542.0	11197.2	-0.009
CTCGG	4189.0	13286.9	-0.009
CGCAG	3538.0	11737.1	-0.009
CCGAC	1374.0	4448.5	-0.008
GCAGA	7201.0	23014.2	-0.008
CCAGG	14856.0	47897.8	-0.008
AGCGC	2653.0	8646.3	-0.008
CGGCG	4317.0	13665.3	-0.008
CACCG	2392.0	7796.7	-0.007
TAGTC	1293.0	4201.5	-0.007
AGTTT	3403.0	10789.0	-0.006
GCCGC	5301.0	16778.1	-0.006
CCGCG	3345.0	11310.1	-0.006
GGCTC	8791.0	28468.0	-0.006
CACAA	2238.0	7167.8	-0.006
TGAGA	5742.0	18236.2	-0.006
TTAGC	1945.0	6254.7	-0.005
ATTAG	1495.0	5233.6	-0.005
GCGCC	4412.0	15382.6	-0.005
ATCCA	2541.0	8189.7	-0.005
TCGCT	1622.0	5765.1	-0.004
CGGTC	1660.0	5421.5	-0.004
CGACC	1262.0	4120.4	-0.004
CAGCT	8209.0	26781.3	-0.004
TCAGC	5458.0	18603.9	-0.004
CGCCT	3603.0	12676.6	-0.004
AGTGA	4955.0	16221.3	-0.004
ACCTC	4360.0	14821.4	-0.003
CTCCA	6677.0	22218.7	-0.003
AAGGC	4741.0	15078.4	-0.003
AGAGA	6301.0	20954.0	-0.003
GACAT	2476.0	7956.0	-0.002
ACAAA	2549.0	8304.2	-0.002
CGCTC	2385.0	8360.9	-0.002
CCATT	2986.0	9605.2	-0.002
TAAGG	2293.0	7442.2	-0.002
GGCAA	3491.0	11766.3	-0.002
CTAGG	3533.0	11362.3	-0.002
CTCAG	8412.0	27686.9	-0.002
GACGC	1912.0	6218.7	-0.002
AACCC	3067.0	10089.6	-0.002
CCACC	7701.0	25387.3	-0.002
GTCTC	4903.0	18359.4	-0.002
TCAAC	1422.0	4665.2	-0.002
TCACC	4470.0	14326.4	-0.002
TAATC	1238.0	4791.5	-0.002
GAACT	2833.0	9477.0	-0.001
GTCAA	1581.0	5171.4	-0.001
TTGAG	4438.0	14349.5	-0.001
CGCTA	623.0	2128.3	-0.001
TTTTG	5060.0	17253.1	-0.001
CCGAG	3943.0	12572.2	-0.001
GACAA	2103.0	6818.4	-0.001
CCTAG	3150.0	10100.0	-0.001
GCTAT	1492.0	5054.2	-0.001
CGACT	965.0	3226.7	-0.001
GACCA	3394.0	11527.0	-0.001
CAAGC	3241.0	10657.1	-0.001
GAAAC	2749.0	9382.7	-0.001
GCCAT	3993.0	13350.9	-0.001
GGTCA	4763.0	15575.3	-0.001
ACAAT	1302.0	4304.7	-0.001
CTACG	703.0	2398.9	-0.001
CGGCT	3713.0	12628.5	-0.001
TCAGG	7562.0	24119.3	-0.001
ATTAT	1421.0	4694.2	-0.001
AAACC	2499.0	8092.3	-0.001
GTAGA	2280.0	7873.1	-0.001
CGAAA	591.0	2046.7	-0.001
GATTA	1290.0	5790.6	-0.000
AAGCC	4006.0	12830.8	-0.000
CTAAT	1407.0	5135.1	-0.000
ACGCC	1868.0	6749.3	-0.000
CGAGT	1478.0	5157.9	-0.000
ATCGC	831.0	2827.9	-0.000
CACCA	4466.0	17062.7	-0.000
GGATC	3136.0	10501.0	-0.000
GGCTA	2499.0	9047.4	-0.000
CCCGA	2451.0	7972.3	-0.000
ACGAC	576.0	2009.7	-0.000
CAGCC	10878.0	35565.8	-0.000
ACCAG	4605.0	14738.7	-0.000
TCCAG	7630.0	24183.2	-0.000
TGCCA	6091.0	19451.0	-0.000
AACCT	2720.0	9196.8	-0.000
AGCTC	5320.0	16991.5	-0.000
CCGCC	5494.0	18964.2	-0.000
TTCGA	686.0	2379.7	-0.000
CAAAG	3459.0	11829.7	-0.000
TAGCC	2103.0	7104.9	-0.000
ACCGC	1687.0	5593.1	-0.000
TACAG	2573.0	9893.9	-0.000
TATTT	3259.0	10569.3	-0.000
GAACC	2913.0	9489.2	-0.000
CGACG	771.0	2675.5	-0.000
ATCCG	995.0	3403.4	-0.000
TCACG	1537.0	5140.3	-0.000
CGAAG	1249.0	4341.3	-0.000
GTCAC	3469.0	11266.5	-0.000
GAGTC	4030.0	13656.9	-0.000
GTAAT	1434.0	5312.2	-0.000
CAAGA	3066.0	10108.3	-0.000
TCCCG	3702.0	12549.7	-0.000
TCGAG	1395.0	4704.1	-0.000
TTTCG	900.0	3147.5	-0.000
GCCAC	6029.0	19581.9	-0.000
AACCG	854.0	2969.1	-0.000
CAAAC	1945.0	6481.0	-0.000
CAATT	1289.0	4382.4	-0.000
GTGAT	3462.0	12502.7	-0.000
TTCGC	982.0	3434.4	-0.000
TAGAG	2970.0	10354.2	-0.000
CGGAT	1080.0	3716.4	-0.000
TTCAA	2039.0	7393.1	-0.000
AGATG	5140.0	16998.8	-0.000
CGGTT	1149.0	3941.0	-0.000
TGCGA	1247.0	4263.9	-0.000
TCTCA	4577.0	14903.2	-0.000
CGTCA	1219.0	4172.8	-0.000
TCGCG	1126.0	3873.1	-0.000
GAGAC	4776.0	17063.1	-0.000
CCGGA	2809.0	9257.7	-0.000
CTCCG	3381.0	11209.3	-0.000
GAGTT	3577.0	12012.4	-0.000
AGACA	3928.0	12807.1	-0.000
TCGAA	468.0	1952.0	-0.000
CCAAG	4986.0	16146.4	-0.000
ACCAC	3129.0	10619.8	-0.000
TCCGG	2957.0	10104.0	-0.000
TCGGC	2176.0	7817.2	-0.000
CGCAA	685.0	2451.6	-0.000
TAGGC	2315.0	7708.6	-0.000
GCCGA	2388.0	7948.8	-0.000
CAAAA	2640.0	8751.4	-0.000
AGACG	1650.0	6259.0	-0.000
AATCG	517.0	1906.9	-0.000
AAGCG	1449.0	5334.5	-0.000
CCCAA	3953.0	13801.2	-0.000
AATTC	1655.0	5631.5	-0.000
TGATC	2324.0	8420.1	-0.000
CCAAC	2440.0	8169.6	-0.000
GCTAC	1964.0	6732.6	-0.000
CGAAC	555.0	2225.4	-0.000
CGCCG	3147.0	10446.9	-0.000
GGATT	3253.0	12023.5	-0.000
CGATT	559.0	2080.3	-0.000
AGTCT	3490.0	11695.1	-0.000
ACTAC	1092.0	3847.0	-0.000
CGACA	814.0	2944.4	-0.000
GATCT	2680.0	9764.0	-0.000
AACTC	2122.0	7822.0	-0.000
GTCGC	1505.0	5373.7	-0.000
GCTCA	5412.0	18550.6	-0.000
ACTCC	3860.0	13448.6	-0.000
GATCC	2652.0	9312.0	-0.000
TCCAA	2414.0	8173.9	-0.000
AGCGA	1588.0	5582.5	-0.000
CAACA	2222.0	8129.5	-0.000
CGCGC	2955.0	10928.2	-0.000
TCTCG	1812.0	6663.1	-0.000
GATTC	2216.0	7572.1	-0.000
TACAA	1409.0	4955.7	-0.000
TCGCC	1918.0	6631.2	-0.000
GATCA	2004.0	7152.9	-0.000
GCGAC	1331.0	4749.7	-0.000
GCAAC	1898.0	7205.1	-0.000
CGAGA	1719.0	6023.5	-0.000
ATTTT	4131.0	14520.3	-0.000
AGATC	2233.0	7899.4	-0.000
GACTA	1216.0	4379.2	-0.000
TCAAG	2738.0	10152.8	-0.000
AGCCA	6117.0	20393.8	-0.000
CAACC	2240.0	7868.1	-0.000
GAATC	1931.0	6764.1	-0.000
ATCTC	2948.0	10414.1	-0.000
CCAAT	1401.0	5047.2	-0.000
GAGAT	3620.0	15656.7	-0.000
ATCAC	2054.0	7222.0	-0.000
CCAAA	2778.0	9915.0	-0.000
AGATA	1599.0	6845.2	-0.000
AGCTA	2023.0	7423.4	-0.000
GCTAA	1678.0	6165.1	-0.000
GCGAA	828.0	3177.4	-0.000
CAATG	1986.0	7304.1	-0.000
CGATC	598.0	2403.0	-0.000
CTCGA	1013.0	3854.0	-0.000
CGCCA	2213.0	7914.4	-0.000
CTCAA	2471.0	9117.2	-0.000
GCAAT	1426.0	5960.6	0.000
AATCC	1952.0	7862.7	0.000
CGCGA	917.0	3631.2	0.000
CAATC	1056.0	4404.4	0.000
GCCAA	3193.0	11307.3	0.000
GATAT	1225.0	5549.5	0.000
GCGAT	935.0	3691.8	0.000
