OligoSequence	Target Occurences	Background Occurences	Enrichment(ln p, up to 2 mismatches)
GCCTC	11445.0	36748.5	-916.311
AAGTG	7764.0	23971.1	-818.472
GATTA	6452.0	20390.5	-665.517
GGGAT	5895.0	18284.5	-660.145
GGATT	7037.0	23129.7	-620.806
TACAG	6914.0	23195.6	-569.682
ATTAC	5858.0	19458.5	-521.842
CCCAA	5608.0	18573.3	-509.778
ACAGG	6786.0	23564.5	-492.797
TGATC	5233.0	17363.8	-479.869
CCTCC	10236.0	38559.6	-451.816
GTGAT	5976.0	21028.5	-424.968
CCACC	7245.0	26467.2	-417.202
GTGCT	4922.0	16755.1	-416.157
CCTCA	7066.0	25959.5	-399.490
TCCCA	7517.0	27976.6	-393.091
AAAGT	6855.0	25175.1	-391.678
TCAAG	5464.0	19438.9	-379.359
CTCCC	8035.0	30565.4	-369.734
CCAAA	5626.0	20249.4	-369.153
GATCC	3343.0	10769.2	-366.678
GCTGG	9027.0	35006.2	-361.632
TTACA	6926.0	26133.8	-347.493
CAAAG	5480.0	20016.6	-339.022
CTGGG	8340.0	32469.6	-336.591
TGGGA	7500.0	28878.0	-331.926
AGTGC	5426.0	20397.2	-294.772
ACCTC	5815.0	22255.6	-284.320
TCCTG	8458.0	34101.4	-278.938
TGAGC	4783.0	17893.2	-273.116
TTTTA	18145.0	77400.9	-272.922
CGTGA	2095.0	6569.8	-264.457
CTCAG	7016.0	28048.9	-258.418
GGCCT	4710.0	18040.2	-240.356
CGGCC	1889.0	5933.3	-239.417
CTCAA	4781.0	18429.5	-235.352
TTTTT	72922.0	258344.0	-228.615
CAGGT	4972.0	19437.5	-225.607
CAGGC	7508.0	30992.0	-223.005
TGCTG	6239.0	25204.4	-222.950
CCGCC	2515.0	9604.8	-218.897
CTCCT	8068.0	33741.9	-214.653
GCCAC	4700.0	18495.0	-208.203
CCTCG	1924.0	6384.5	-202.393
GGCGT	1710.0	5572.6	-193.694
AGGTG	4711.0	18871.3	-188.887
CAAGT	4233.0	16761.3	-184.630
GAGCC	3779.0	14916.7	-171.294
TCAGC	5209.0	21484.8	-171.223
GCGAT	1302.0	5220.2	-167.908
CTGCC	6167.0	26280.5	-155.950
AACTC	3748.0	15029.4	-155.398
ATTTT	20473.0	93573.2	-153.743
AGGCG	2028.0	7341.7	-151.383
TTTAA	10927.0	48976.9	-150.733
GACCT	3310.0	13146.0	-148.150
GAACT	3483.0	14046.7	-141.438
GCCGC	410.0	2641.2	-140.151
GGCAT	3245.0	13055.4	-135.166
ACGTG	637.0	3888.5	-133.747
TGGCC	4629.0	19572.2	-132.253
GCGTG	1733.0	6268.7	-131.551
CGACC	376.0	1810.4	-130.410
GCGTC	283.0	1834.0	-130.106
TGACC	3282.0	13340.8	-128.479
AGCCA	4844.0	20756.7	-124.731
AGCCT	5947.0	26079.9	-122.281
TGGTC	3631.0	15092.4	-121.610
TCGGC	1728.0	6374.0	-120.627
CGCCT	2420.0	9509.3	-119.547
CAGCC	5736.0	25334.3	-112.065
TACCG	274.0	1560.2	-109.460
TGCCT	7128.0	32151.2	-109.247
ATCCG	877.0	2815.4	-109.201
CAAGC	3251.0	13560.0	-108.413
GGTCT	3849.0	16407.9	-107.517
ACTCC	3581.0	15151.1	-106.707
CCGAA	403.0	2023.6	-106.372
CACCT	4451.0	19405.8	-102.298
AAGCG	1176.0	4328.9	-95.464
AGTGA	4635.0	20504.7	-93.886
GTAGC	3012.0	12782.5	-90.188
GCATG	3161.0	13506.4	-89.635
CCTAA	1800.0	10532.1	-84.710
GTTGG	3388.0	14743.4	-82.970
AGTAG	4749.0	21461.7	-79.440
TTGGC	4362.0	19635.5	-76.898
CCTGA	4658.0	21119.2	-75.846
CCGGC	1179.0	5563.2	-74.295
GGTTC	2936.0	12796.3	-72.760
CTCGG	1848.0	7604.1	-71.868
GGACT	2370.0	11541.2	-71.669
GTGAG	3871.0	17464.8	-68.449
TTAAG	3981.0	18053.4	-66.858
CGCCC	1726.0	8615.9	-66.814
CTGAC	3036.0	13467.5	-64.789
AAGTA	3601.0	16268.4	-63.741
AGCGA	1106.0	4284.0	-63.314
CTCCG	833.0	5689.5	-63.182
CGAAC	728.0	2603.4	-61.998
ACCGG	238.0	1670.9	-60.648
TACGG	296.0	1430.3	-60.273
TGAAC	2952.0	13210.5	-58.690
TGGGC	2607.0	14258.6	-55.658
GGGCT	2472.0	12212.9	-55.465
TATAG	2816.0	12647.7	-54.716
ACCAC	3428.0	15703.5	-53.815
TCGGA	352.0	1809.7	-53.637
CCTGC	4557.0	21382.6	-52.546
TTGAA	5485.0	26061.3	-52.424
CCCGC	1390.0	5783.3	-52.174
GAGTA	2801.0	12647.5	-51.967
CTGGT	3813.0	17713.3	-50.873
TCGAA	852.0	3285.8	-50.841
TAGAG	3702.0	17210.8	-49.382
GACTA	2026.0	8929.9	-48.293
GCTAA	3008.0	13784.4	-48.076
AAGCA	3510.0	16317.0	-47.320
AGCCG	379.0	3251.3	-47.273
CTACC	1443.0	7776.7	-46.257
CACGT	632.0	3812.0	-46.058
GGATC	1173.0	7280.7	-45.714
TAGCT	3966.0	18670.5	-45.474
GCCTA	1500.0	8529.8	-45.177
CGTGC	779.0	3692.7	-45.027
CGCAA	335.0	1967.6	-43.973
CACCA	4936.0	23639.6	-43.796
TGTTG	5779.0	27961.6	-43.044
GTTCA	3638.0	17105.9	-42.954
TTAAA	7695.0	37781.9	-42.438
GACTC	1358.0	8377.1	-42.435
CCCCC	1587.0	9932.1	-41.290
ACCGC	746.0	3241.0	-41.219
CGATT	1019.0	4218.0	-40.629
AACTG	2503.0	13438.1	-40.556
AGGCA	3952.0	18791.4	-40.407
CGCGT	145.0	880.6	-39.952
ACCCG	875.0	3557.1	-39.375
ATGAG	3194.0	15017.1	-38.703
GCCTG	3841.0	22929.3	-38.431
AGTAC	1531.0	7853.5	-38.366
GGAAT	2715.0	13584.7	-37.877
CGGGC	485.0	3226.6	-36.362
GGTGT	2976.0	14003.4	-36.284
TAGGC	1821.0	8220.1	-36.007
CCCCA	1994.0	14994.6	-35.653
CGTCC	324.0	2140.1	-35.110
CATGA	3197.0	15165.4	-34.948
TTACG	408.0	2188.8	-34.623
CCCGA	875.0	4454.5	-34.549
TCCGC	1267.0	5543.1	-33.713
GAGCT	1994.0	12149.9	-33.448
GGTAT	1773.0	9602.0	-33.317
CTAAG	1638.0	9257.9	-32.791
ACTGG	2184.0	12267.2	-32.613
GATCT	3388.0	16230.4	-32.548
TAAAG	3433.0	17312.5	-32.462
ACTAC	1983.0	9124.8	-32.416
TTTTC	8967.0	57546.5	-32.202
GGGGT	2151.0	12897.9	-32.202
ATGGG	2224.0	13440.7	-32.202
GCTTA	1693.0	9912.7	-32.202
TTATT	9321.0	56050.9	-32.202
TATTT	12772.0	69892.5	-32.202
ATTTA	5804.0	37275.7	-32.202
TTAGC	2108.0	12797.2	-32.202
GCTGA	2549.0	15149.6	-32.202
TTAGG	2360.0	12864.9	-32.202
TAGGA	2400.0	12201.2	-32.202
AGGAT	2682.0	14966.2	-32.202
TGATA	2456.0	14449.0	-32.202
TAGGT	2073.0	11195.1	-32.202
TGGCA	2601.0	16046.0	-32.202
GAATT	3762.0	19727.1	-32.202
TTTTG	13600.0	70907.7	-32.202
TCAGG	3407.0	17341.0	-32.202
CAGGG	2249.0	15058.9	-32.202
AGGGA	2392.0	14419.5	-32.202
GGGTT	4000.0	19818.3	-32.202
CTCAT	2503.0	15941.4	-32.202
ATAGT	2291.0	13327.7	-32.202
GTCCT	1718.0	11156.9	-32.202
TCCTA	2044.0	12413.9	-32.202
CCTAG	1626.0	10086.4	-32.202
AAGGG	1905.0	11524.9	-32.202
TATTA	3838.0	24038.2	-32.202
ATTAT	4758.0	27364.9	-32.202
TAACT	2446.0	13183.0	-32.202
TCTTT	7751.0	52379.5	-32.202
CTTTT	10821.0	59246.7	-32.202
TTTAT	10168.0	57013.4	-32.202
ATCAG	1777.0	11317.9	-32.202
CAGAC	1632.0	9659.0	-32.202
ATATT	5385.0	31306.4	-32.202
TTTCT	8462.0	60694.6	-32.202
TTCTT	7317.0	49298.2	-32.202
CTTAG	2014.0	11437.0	-32.202
AGGTT	3209.0	17389.0	-32.202
GGTTT	4633.0	27541.2	-32.202
TTTGA	6849.0	38170.5	-32.202
TTGAG	4304.0	25205.9	-32.202
TACCA	1937.0	10736.2	-32.202
CCACA	2556.0	15286.3	-32.202
ACTGC	3124.0	17704.8	-32.202
CTGCT	2847.0	19051.7	-32.202
TGCTC	1936.0	14742.6	-32.202
GCTCC	1255.0	10532.6	-32.202
CCTAC	1189.0	7225.9	-32.202
ACCTA	1343.0	8422.0	-32.202
ATGCT	2485.0	14532.6	-32.202
TAATC	1873.0	12137.6	-32.202
GGTTA	1620.0	8855.3	-32.202
GTTAA	2339.0	12492.0	-32.202
AATAC	2087.0	12502.8	-32.202
GACCA	1338.0	9049.3	-32.202
CCAAG	2485.0	14860.2	-32.202
AAGAG	2601.0	15910.9	-32.202
CCCTC	1612.0	14365.9	-32.202
TAAGT	2869.0	14992.4	-32.202
AAGTT	3511.0	19898.1	-32.202
ACAGC	1639.0	10641.7	-32.202
CAGCT	3394.0	20218.9	-32.202
GCATC	1187.0	7674.3	-32.202
TCAAC	1392.0	8656.3	-32.202
CAACT	1705.0	10375.8	-32.202
CAAAT	3145.0	18376.4	-32.202
TAAGC	1669.0	8506.9	-32.202
AAGCT	2291.0	14372.4	-32.202
AACCT	2803.0	16338.7	-32.202
ACCTG	2861.0	15532.9	-32.202
TGCCG	466.0	2845.8	-32.202
GCCGG	443.0	3281.8	-32.202
CCGGG	971.0	5658.3	-32.202
GGCTT	2524.0	14369.6	-32.202
GCTTC	2079.0	11833.8	-32.202
GCGGG	388.0	3341.0	-32.202
CGGGA	446.0	3363.0	-32.202
GAAGT	2689.0	14300.6	-32.202
AGATT	3710.0	20221.3	-32.202
GTTGA	2205.0	12374.9	-32.202
ATTAG	2175.0	13885.8	-32.202
TGTTA	3306.0	19002.3	-32.202
TGTTT	8038.0	52465.8	-32.202
TTTGT	9181.0	56853.1	-32.202
GTTTA	2934.0	18892.2	-32.202
AAGTC	1753.0	11094.0	-32.202
TCTAG	1726.0	11002.8	-32.202
CTAGT	1608.0	9169.7	-32.202
AGTGG	3232.0	19250.3	-32.202
CTGAT	2552.0	15351.3	-32.202
GCGTT	388.0	2433.0	-32.202
TTCAG	3532.0	21187.8	-32.202
TGATG	2816.0	17728.1	-32.202
AGAGT	2819.0	15660.0	-32.202
GAGTG	2965.0	17704.3	-32.202
GTTTT	9511.0	53095.7	-32.202
TGCCA	3222.0	18703.0	-32.202
CACAA	1883.0	12258.0	-32.202
TCCTC	3291.0	19000.7	-32.202
CGGAC	181.0	1374.0	-32.202
CTCAC	3078.0	19992.9	-32.202
ACTCA	1880.0	12155.1	-32.202
CCAAC	1261.0	8620.4	-32.202
CAACC	1897.0	11567.0	-32.202
AACCA	1934.0	11974.4	-32.202
CACCC	2925.0	15084.4	-32.202
ACCCA	2562.0	14743.7	-32.202
TAGCC	1558.0	9701.8	-32.202
GCCAT	2462.0	13383.5	-32.202
GGCCA	2547.0	15150.5	-32.202
CATCC	1544.0	10726.3	-32.202
ACAAG	1850.0	10826.8	-32.202
CAAGG	1727.0	11246.8	-32.202
GTCAT	1818.0	10875.5	-32.202
AATGT	3541.0	20672.2	-32.202
AGTCT	3203.0	18474.9	-32.202
AATTG	3085.0	16227.5	-32.202
TGTAA	3163.0	19373.3	-32.202
CTGGA	3788.0	23951.1	-32.202
GATAA	2058.0	11688.4	-32.202
TTTCA	6101.0	39159.8	-32.202
TACTG	2401.0	12696.6	-32.202
CTGCG	625.0	3629.1	-32.202
TTGTT	6532.0	44171.6	-32.202
CCCAG	5695.0	31453.0	-32.202
CCAGG	5106.0	29704.2	-32.202
GGAGT	3368.0	21125.6	-32.202
GTGGT	2393.0	16181.0	-32.202
TGGTG	2808.0	20813.9	-32.202
GTGCG	487.0	3077.1	-32.202
TGCGA	403.0	2422.6	-32.202
CGATC	839.0	4315.0	-32.202
TCACC	2741.0	17159.5	-32.202
CTCCA	2465.0	18830.6	-32.202
GGCTC	3103.0	16421.0	-32.202
TCCAA	1983.0	13419.8	-32.202
CGCCA	1007.0	5572.1	-32.202
CCACG	1077.0	5554.5	-32.202
CACGC	1076.0	5791.5	-32.202
CTGGC	3799.0	18459.7	-32.202
GCTAG	1510.0	7748.9	-32.202
AGTTT	5515.0	33101.3	-32.202
GACGT	368.0	2097.2	-32.202
CTGAG	3793.0	21408.4	-32.202
ACAGT	2720.0	14573.3	-32.202
GATGA	2371.0	13237.4	-32.202
ATGAT	3154.0	17616.8	-32.202
AAAGG	2816.0	15960.5	-32.202
AAGGT	2189.0	12168.0	-32.202
GTGCC	2388.0	12831.0	-32.202
CCAGC	3095.0	20634.4	-32.202
GAGAT	3496.0	19031.0	-32.202
GCCCC	1294.0	9478.2	-32.202
GTACA	1512.0	9155.6	-32.202
ACGCG	113.0	743.7	-32.202
CGCGA	165.0	1427.7	-32.202
TCCGG	375.0	2441.0	-32.202
CGGCT	1083.0	6741.6	-32.202
GACTT	2379.0	13363.0	-32.202
TGACA	2155.0	13062.8	-32.202
AACGT	516.0	2891.5	-32.202
TCTGG	2876.0	17481.0	-32.202
GCAGG	1776.0	13056.8	-32.202
CGGGT	785.0	3997.3	-32.202
AGCAT	2362.0	13352.9	-32.202
ATGTG	3162.0	18219.3	-32.202
TGGTA	2313.0	12984.4	-32.202
TCCAG	2542.0	18078.2	-32.202
GCTCG	312.0	2192.5	-32.202
CGGAT	261.0	1856.4	-32.202
GTGAC	1534.0	9289.2	-32.202
TGAGA	4233.0	25721.3	-32.202
GATCG	349.0	1829.0	-32.202
TCGCA	264.0	1636.9	-32.202
GCTTG	1804.0	11612.6	-32.202
GCATT	2663.0	15203.4	-32.202
AGCGT	388.0	2415.8	-32.202
TAGTG	2151.0	11599.6	-32.202
GCCAA	1625.0	10883.2	-32.202
TTGGG	3081.0	18073.2	-32.202
TCATG	2664.0	15417.0	-32.202
CTAAA	2445.0	14779.3	-32.202
GGATA	1541.0	8917.1	-32.202
GAATA	2487.0	13554.0	-32.202
CGAAA	364.0	2173.7	-32.202
CCGCA	462.0	2779.1	-32.202
GCTGC	1755.0	12534.2	-32.202
CCGCG	404.0	2087.3	-32.202
CGTAA	342.0	1850.6	-32.202
GTAAT	2386.0	13782.6	-32.202
TCCGA	304.0	1730.4	-32.202
CGAGC	326.0	1843.8	-32.202
CGAAT	315.0	1804.4	-32.202
TCACA	2302.0	14612.9	-32.202
GCGAC	191.0	1392.4	-32.202
CTAGG	1841.0	9839.1	-32.202
CTCGC	593.0	4227.4	-32.202
TGGAC	1538.0	8605.4	-32.202
CACAG	2393.0	15385.2	-32.202
TAACG	305.0	1603.0	-32.202
ATGAC	1515.0	9080.6	-32.202
GTACT	1560.0	7938.0	-32.202
ACGGG	627.0	3808.6	-32.202
TAGCG	219.0	1443.0	-32.202
AGGTA	2023.0	11013.4	-32.202
ACATG	2320.0	14042.7	-32.202
TCACG	569.0	3833.8	-32.202
CGTCA	302.0	1985.5	-32.202
GTGAA	2524.0	14836.0	-32.202
TCGCC	769.0	4583.8	-32.202
GACCC	863.0	6606.7	-32.202
CCGAC	276.0	1746.2	-32.202
GAACC	1148.0	7456.1	-32.202
ACGTC	278.0	1865.8	-32.202
CGACT	282.0	1642.6	-32.202
ATGCG	382.0	1912.6	-32.202
GCGTA	262.0	1265.6	-32.202
TCGAG	387.0	2483.6	-32.202
ACTCG	308.0	2111.9	-32.202
ACACG	360.0	2563.3	-32.202
GATCA	1610.0	9930.9	-32.202
ATCGA	248.0	1428.3	-32.202
CGAAG	391.0	2201.5	-32.202
CCGGT	251.0	1894.9	-32.202
ATAGG	2073.0	9601.2	-31.543
CTAAT	3689.0	17828.6	-31.129
AATTT	10054.0	50775.5	-30.424
TCCCG	1523.0	6935.6	-28.612
TCGTG	887.0	3800.2	-28.598
CACCG	1140.0	5047.6	-28.011
CCTGG	5621.0	27963.7	-27.775
ATCCT	3237.0	15674.1	-27.388
CTTGG	3777.0	18451.6	-27.289
GATTC	2824.0	13571.1	-27.055
TGTGA	4338.0	21373.2	-26.764
CTTGA	3723.0	18224.5	-26.311
CCCAC	3000.0	14533.9	-25.604
GCCCA	3992.0	19651.0	-25.465
AAACT	3934.0	19365.8	-25.183
TTGGA	3525.0	17277.9	-24.647
ATCTG	3208.0	15669.1	-24.095
GGCTA	2399.0	11526.6	-23.655
AGCTG	4423.0	21986.3	-23.597
TGCCC	3841.0	19007.2	-22.817
CTCGA	1018.0	4579.5	-22.366
ATGTT	5395.0	27220.8	-20.931
TAATT	7096.0	36156.6	-20.625
ATCCA	2716.0	13292.7	-20.486
AGTGT	3187.0	15784.7	-19.425
ACCAT	3420.0	17062.9	-18.346
GGTGA	2876.0	14230.7	-18.327
GCTCA	3973.0	19956.1	-18.224
CCTTG	3453.0	17295.4	-17.236
CATGC	2758.0	13701.0	-16.554
CTCGT	774.0	3510.6	-16.464
GCCCG	1369.0	6525.3	-16.458
TTTAG	5778.0	29676.0	-15.246
TGGAA	3843.0	19476.6	-15.132
TGCGC	636.0	2878.8	-14.148
GCCTT	3478.0	17619.0	-14.113
ACTGT	3137.0	15859.7	-13.568
ATTCT	5477.0	28223.9	-13.546
ATCGG	307.0	1281.6	-13.401
CTTAA	3020.0	15286.9	-12.961
CCCGG	1640.0	8063.5	-12.796
AGGCT	5042.0	26013.2	-12.494
TTATA	4734.0	24401.5	-12.268
CATGT	3881.0	19881.8	-12.236
CGAGT	804.0	3792.7	-11.767
TCTTG	5036.0	26055.9	-11.687
GTAGA	3032.0	15434.0	-11.614
TTCAA	4622.0	23942.2	-10.681
TTAGA	3291.0	16884.0	-10.546
TCCAC	2701.0	13777.4	-10.252
CCATG	3596.0	18524.3	-10.213
AACTT	3543.0	18246.0	-10.204
GTATT	4495.0	23350.2	-9.760
CAGTC	2065.0	10470.1	-9.373
TTAAC	2510.0	12875.0	-8.648
GTGTT	3716.0	19368.6	-7.893
TAGAA	3234.0	16816.3	-7.637
TTAAT	5594.0	29481.0	-7.514
AGCTA	2503.0	12932.2	-7.478
ACCGT	653.0	3175.6	-7.283
GGGAC	1892.0	9696.5	-7.264
TCGAC	274.0	1243.7	-7.111
GAAAT	3896.0	20430.8	-6.955
GTCTT	3865.0	20272.4	-6.876
AGTAA	2656.0	13865.0	-6.071
ATAGC	1582.0	8149.9	-5.760
GTTGC	2493.0	13022.6	-5.726
TGTAG	2865.0	15029.8	-5.664
CAAAC	2297.0	11996.2	-5.475
GCAAT	2467.0	12920.0	-5.383
AAATG	4825.0	25671.0	-5.064
ATAGA	2405.0	12616.8	-5.035
TTGAC	2189.0	11470.1	-4.900
ACCTT	2870.0	15142.3	-4.844
GATTT	5386.0	28780.4	-4.574
TTGTA	4985.0	26651.3	-4.320
ATACT	2287.0	12070.5	-4.202
GTCTC	3870.0	20646.1	-4.084
AACGA	357.0	1765.1	-3.939
GACAT	1937.0	10214.5	-3.893
ACTAT	2086.0	11018.6	-3.840
TCAAA	3818.0	20413.4	-3.740
AGTTG	2570.0	13656.3	-3.691
AGAGA	4649.0	24933.6	-3.686
AGACT	2454.0	13031.4	-3.655
TAATG	2927.0	15590.2	-3.653
TAAGG	1896.0	10032.1	-3.478
AATAG	2540.0	13541.2	-3.296
GTAAC	1273.0	6698.2	-3.210
GTAGG	1466.0	7758.5	-3.027
CCACT	2849.0	15280.2	-2.876
ATGGA	2873.0	15444.3	-2.655
GCTAT	1793.0	9578.4	-2.608
TAAGA	2712.0	14581.4	-2.574
GCGCC	1042.0	5508.4	-2.560
AGCAA	2774.0	14919.5	-2.559
GATAC	1215.0	6452.3	-2.493
TGAGT	3336.0	18004.9	-2.460
TAGTA	3066.0	16530.6	-2.452
TTCGC	518.0	2697.8	-2.370
TCGTA	332.0	1702.2	-2.357
GTGTA	2022.0	10870.2	-2.269
GAACG	319.0	1657.2	-1.991
TGAAG	3368.0	18277.8	-1.974
TACGA	268.0	1385.5	-1.969
AGTAT	2576.0	13949.9	-1.932
AAATT	6337.0	34558.0	-1.919
GTTAC	1500.0	8084.7	-1.820
TGCTA	2201.0	11949.2	-1.638
ACGAG	367.0	1936.9	-1.622
AGTCG	302.0	1592.3	-1.547
TGAAA	4664.0	25520.3	-1.457
GTATG	1739.0	9450.8	-1.453
AATGG	2763.0	15078.2	-1.412
ATTGT	3211.0	19693.7	-1.378
AGTCA	2025.0	11772.3	-1.314
ATCTT	3828.0	22003.8	-1.285
TATTG	2964.0	18419.9	-1.264
GATTG	1907.0	11425.5	-1.247
GACCG	236.0	1526.7	-1.203
CGTAT	400.0	2153.6	-1.171
TGATT	4812.0	26544.0	-1.161
CCGTG	789.0	4286.8	-1.160
AACTA	1859.0	10271.8	-1.141
GTTCG	314.0	1690.9	-1.138
TAAAC	2263.0	12398.1	-1.123
CGGTC	244.0	1492.3	-1.119
GTACG	205.0	1097.3	-1.110
CGCAC	421.0	2281.7	-1.078
TCTCA	4422.0	24313.1	-1.072
GGGCC	1063.0	8418.6	-1.069
CTTCC	3015.0	19822.2	-1.064
TGACT	2554.0	14912.3	-1.060
ACTGA	2404.0	13742.6	-1.035
TGGCT	4160.0	24005.7	-1.015
CTGAA	3231.0	17963.0	-1.011
TGTAT	4718.0	25969.0	-1.011
ACGAT	438.0	2499.0	-1.007
GGTCA	1544.0	9295.5	-0.945
ACGTT	625.0	3417.0	-0.945
ATGCC	2513.0	13834.6	-0.924
TCTGC	3565.0	19649.7	-0.904
GTTAG	1664.0	9425.3	-0.902
CGGAA	385.0	2103.9	-0.896
AATTA	3800.0	23567.2	-0.888
AATTC	3073.0	16944.9	-0.874
GACGA	293.0	1597.5	-0.873
ACTTA	2293.0	12637.2	-0.870
GTGGG	1762.0	13314.8	-0.864
AGAGC	1508.0	10912.1	-0.861
TGCAG	3550.0	23193.3	-0.854
ACTTT	5209.0	29595.4	-0.851
CAACG	224.0	1643.4	-0.844
TATCG	270.0	1476.9	-0.841
GTTAT	2177.0	13488.2	-0.838
ATTAA	3504.0	21478.1	-0.804
ATACC	1366.0	7536.0	-0.787
AGCTT	2642.0	16156.8	-0.784
GTCGT	277.0	1522.2	-0.778
CTAGC	992.0	6755.4	-0.777
CTACT	1727.0	11761.0	-0.766
TAACA	2334.0	12964.2	-0.762
ACGCC	974.0	5375.1	-0.747
GATGG	2783.0	17101.7	-0.743
GACTG	1892.0	10463.1	-0.727
CGTTA	338.0	1862.9	-0.725
CGTAG	302.0	1783.2	-0.715
ATTGC	2114.0	13051.2	-0.713
AAAGC	2264.0	13642.8	-0.706
GCTAC	1041.0	6780.9	-0.701
TGGAT	2749.0	15932.7	-0.667
GGATG	1841.0	11674.6	-0.644
TAGCA	1929.0	10699.6	-0.630
TCTTA	3049.0	17360.9	-0.625
TTTCG	774.0	4295.8	-0.622
TACCT	2203.0	12439.3	-0.613
ACGAC	205.0	1140.2	-0.607
TGTGC	2744.0	15666.2	-0.569
ATTGG	2186.0	12147.4	-0.553
ATAAC	1605.0	8943.8	-0.495
CAGTG	3610.0	22737.0	-0.475
GCACC	1695.0	9457.0	-0.472
CTAAC	1047.0	6807.2	-0.469
GTCAG	1890.0	11182.0	-0.458
AATGC	2077.0	12205.2	-0.457
GTAGT	1877.0	10591.1	-0.455
GTAAG	1584.0	9091.2	-0.454
CGGTA	224.0	1268.3	-0.445
TTCTG	4633.0	29020.9	-0.445
TTGCC	3545.0	19782.3	-0.400
CATAC	1330.0	7458.5	-0.376
TCTCG	1652.0	9262.5	-0.364
ACGTA	365.0	2215.9	-0.362
AACAG	2326.0	13455.1	-0.361
GGTAG	1480.0	8303.0	-0.360
GGTGG	1949.0	16003.2	-0.359
CGCGC	424.0	2406.5	-0.356
TTTAC	3449.0	21371.1	-0.355
AGGCC	1465.0	11399.7	-0.354
GGTAA	1632.0	9154.9	-0.351
TAACC	1352.0	7596.5	-0.343
ACCAA	1574.0	10634.5	-0.335
AGATG	3515.0	19661.2	-0.333
GAGTT	2711.0	16573.8	-0.328
CCTTA	1938.0	11569.3	-0.324
TTCTA	3053.0	20063.8	-0.320
ATTTG	4590.0	29656.8	-0.301
AAGCC	1709.0	11258.5	-0.301
GGCTG	4739.0	26711.9	-0.290
TCTAA	2240.0	13541.8	-0.289
AAGAT	2951.0	16552.7	-0.288
TTACC	1812.0	10893.2	-0.281
CTACA	2122.0	11932.6	-0.276
TGAAT	3521.0	21343.0	-0.270
GGAAA	3261.0	18299.6	-0.261
CATAG	1618.0	9516.6	-0.255
TACGC	200.0	1192.0	-0.251
ACTAG	1246.0	7089.4	-0.241
CATGG	1881.0	12725.4	-0.232
CAATG	1601.0	11980.2	-0.231
TTGAT	3611.0	22086.1	-0.228
GGGAA	2117.0	13760.7	-0.226
TTTGG	5190.0	29766.2	-0.220
CACTA	1495.0	8464.7	-0.220
AAAAT	6881.0	40654.9	-0.219
TACTT	3365.0	18919.1	-0.218
GCAAG	1340.0	9913.8	-0.216
TCAGT	3038.0	17099.8	-0.214
AACCG	262.0	1612.9	-0.212
GATGT	2101.0	12442.3	-0.208
GCAAA	2080.0	13120.9	-0.202
AGGAG	2431.0	17681.7	-0.195
TGTAC	1708.0	9672.2	-0.195
GATAT	2050.0	12884.6	-0.191
GGTAC	804.0	5240.1	-0.189
TTATG	3104.0	18078.2	-0.181
AGAAT	3454.0	19460.7	-0.181
GAAAG	2801.0	16546.0	-0.178
GGAAC	1352.0	7692.7	-0.170
TACAC	1182.0	8085.1	-0.169
CAGGA	2335.0	18127.7	-0.157
CAATC	1602.0	9112.9	-0.156
GGTGC	1568.0	10565.1	-0.156
GAAGA	2793.0	15793.6	-0.155
CGATA	211.0	1253.4	-0.154
TTAGT	3876.0	21858.2	-0.151
TAGAC	1177.0	7057.5	-0.151
TACAA	2109.0	14193.1	-0.138
CAGTA	2059.0	11693.1	-0.137
AAACG	513.0	2985.6	-0.136
TTGGT	3559.0	20107.9	-0.134
GACAG	2562.0	14921.7	-0.134
TAGAT	2281.0	13974.7	-0.132
TAAAT	4909.0	28140.0	-0.128
CACTG	4066.0	22963.9	-0.128
GATAG	1400.0	8005.9	-0.125
TGGGT	2734.0	16871.4	-0.124
TCAGA	2526.0	15771.5	-0.122
GGCAC	1622.0	9936.5	-0.120
AGTTA	2427.0	13787.8	-0.118
AATCT	2948.0	17094.0	-0.116
CGCCG	183.0	1353.3	-0.115
TATAA	3115.0	19315.0	-0.115
TATGT	3515.0	19897.5	-0.114
CGTTG	432.0	2536.3	-0.106
CGTAC	166.0	1026.9	-0.104
GTATA	2038.0	11617.5	-0.103
CGCAT	294.0	1751.2	-0.098
ATACG	296.0	1764.4	-0.097
AGAGG	2288.0	14819.9	-0.090
TTCGA	405.0	2393.1	-0.089
CATCA	1870.0	12072.9	-0.088
ATACA	2339.0	14982.4	-0.087
AATCG	251.0	1925.2	-0.087
CTTTA	3444.0	23509.9	-0.087
AAAAG	4085.0	24698.2	-0.086
CGTGT	662.0	4024.4	-0.086
TAAAA	6136.0	35781.2	-0.081
CGCTA	243.0	1467.1	-0.080
ACACC	1770.0	10148.6	-0.079
TGCAC	1982.0	11339.3	-0.079
CATTT	6652.0	39942.6	-0.078
TAGTT	3110.0	18931.6	-0.075
GCGCT	316.0	2299.6	-0.073
CGTCG	74.0	566.6	-0.072
GCGCA	416.0	2473.2	-0.070
CAAAA	3583.0	23488.2	-0.070
ACCCC	1149.0	8769.3	-0.070
ACTTG	2298.0	13187.7	-0.066
TTGCA	2802.0	18099.4	-0.066
CGGCG	182.0	1121.6	-0.065
TTCCA	3028.0	21971.1	-0.064
ACGAA	319.0	1923.1	-0.062
AAAGA	3874.0	23782.8	-0.060
TGACG	335.0	2014.1	-0.059
TAATA	3281.0	18701.6	-0.059
GCATA	1442.0	8327.1	-0.057
GTAAA	2538.0	14669.1	-0.054
GAAAA	4440.0	25234.6	-0.054
ATTGA	2805.0	16057.2	-0.052
GTCGA	177.0	1100.8	-0.052
GCTGT	2567.0	14695.9	-0.052
TATGA	2274.0	13471.2	-0.048
AGCTC	2064.0	14384.6	-0.048
ATCGT	363.0	2193.1	-0.046
CTATG	1769.0	10208.3	-0.045
ACTTC	2182.0	12630.7	-0.044
TCCCC	1758.0	13504.5	-0.043
GCAGT	3135.0	17939.4	-0.041
CTACG	243.0	1499.8	-0.039
CAATT	2806.0	16951.5	-0.038
AGATA	2511.0	14423.5	-0.038
GTTCT	2536.0	15831.3	-0.037
GAATG	2350.0	14054.4	-0.037
ATTTC	3982.0	29013.5	-0.037
GTCTG	2134.0	12299.3	-0.036
TCTGA	2988.0	18145.5	-0.034
CCGCT	458.0	2760.1	-0.033
GTCAA	1218.0	7949.6	-0.030
GCCGT	341.0	2255.7	-0.027
TAGGG	1447.0	8435.2	-0.027
AATAT	4124.0	24506.3	-0.025
ACCGA	264.0	1645.8	-0.024
CCTCT	3069.0	21391.0	-0.021
ATGTA	2798.0	16171.7	-0.020
CGACA	252.0	1584.4	-0.018
GTCGG	233.0	1489.5	-0.018
ACAGA	3013.0	18167.5	-0.017
TATAT	4676.0	27285.2	-0.017
AATGA	3315.0	19299.3	-0.016
CGCAG	377.0	2685.8	-0.015
AGACA	3047.0	17947.6	-0.015
CAGTT	3219.0	18572.1	-0.014
CATTA	2228.0	14217.7	-0.014
CTTAC	1603.0	9446.1	-0.012
TCATC	1799.0	12246.0	-0.012
TGCGT	439.0	2940.6	-0.012
GGCGA	342.0	2351.6	-0.011
GTGCA	2700.0	17625.0	-0.011
CATAA	2076.0	12108.3	-0.010
ATAAT	3515.0	21475.9	-0.010
CTTGT	2874.0	17560.9	-0.010
TGTTC	2445.0	15993.9	-0.010
ACGCA	284.0	1803.1	-0.008
CGGGG	638.0	4772.2	-0.008
ATGGT	2372.0	15523.0	-0.008
ATGAA	3266.0	19500.3	-0.007
TACAT	2671.0	16653.2	-0.007
GGGTC	1167.0	7802.0	-0.006
CCAGA	2354.0	14771.9	-0.006
CCCTG	2237.0	16780.4	-0.006
CATCG	268.0	1727.9	-0.005
GTTGT	2467.0	14909.3	-0.005
ATCCC	1289.0	10452.2	-0.005
AACGC	234.0	1529.5	-0.004
GTCCG	232.0	1517.6	-0.004
CCATA	1533.0	9289.6	-0.004
GTACC	924.0	5592.4	-0.003
CTAGA	1677.0	10139.5	-0.003
ATATG	2467.0	15279.0	-0.003
CTTAT	2330.0	15274.4	-0.003
AAGGA	2846.0	16633.9	-0.003
AAAAA	9134.0	58622.2	-0.003
TATGG	1817.0	10769.3	-0.002
CCGTT	409.0	2597.0	-0.002
CCCAT	1778.0	12781.2	-0.002
TTCCG	427.0	2707.6	-0.002
CACGA	407.0	2729.6	-0.002
GATGC	1191.0	8232.2	-0.002
AGCAG	2523.0	14837.0	-0.002
TACGT	393.0	2559.6	-0.002
TTCGT	505.0	3177.5	-0.002
CCCCG	528.0	4068.9	-0.002
TCGTC	264.0	1798.3	-0.002
CCGAG	874.0	5342.2	-0.002
CCGTA	249.0	1649.3	-0.002
AAATA	5234.0	32715.2	-0.002
TATAC	1662.0	9906.3	-0.002
ATCAA	1691.0	11259.6	-0.001
GAGTC	1809.0	11633.8	-0.001
AGGAA	3317.0	19630.4	-0.001
TTATC	2260.0	14564.3	-0.001
GTCAC	1643.0	9807.8	-0.001
CCGAT	231.0	1545.5	-0.001
TCGGT	304.0	1993.7	-0.001
ATAAG	1962.0	11742.0	-0.001
AGTTC	2040.0	13441.9	-0.001
AACGG	255.0	1703.7	-0.001
ATGCA	2080.0	12800.6	-0.001
ACGGC	257.0	1719.1	-0.001
TAGTC	1299.0	7858.4	-0.001
CTTCA	2693.0	16483.4	-0.001
AAGGC	1530.0	10189.7	-0.001
TCGGG	362.0	2560.1	-0.001
CTTGC	2237.0	13913.8	-0.001
TTGTG	3698.0	22342.3	-0.001
CCAAT	1421.0	9760.8	-0.001
GCGAA	205.0	1546.8	-0.001
GGGTA	1138.0	7033.3	-0.000
CAGAG	2742.0	19117.4	-0.000
TTACT	3248.0	19120.5	-0.000
GGTCG	210.0	1449.9	-0.000
ATCAC	1658.0	10889.4	-0.000
TGCTT	3795.0	24009.5	-0.000
ACATA	2289.0	13621.4	-0.000
CTATT	2834.0	17919.2	-0.000
AGGGT	2129.0	12794.7	-0.000
GGACA	1501.0	9093.1	-0.000
CGCTG	512.0	3448.4	-0.000
CGTTT	808.0	5047.5	-0.000
ACCAG	1674.0	12042.1	-0.000
GAACA	1826.0	10988.9	-0.000
CGGTT	342.0	2329.8	-0.000
CGTGG	484.0	3956.8	-0.000
CGCTT	459.0	2984.3	-0.000
TGCAT	2584.0	16535.0	-0.000
GGTCC	788.0	5803.9	-0.000
CCTGT	2673.0	18881.4	-0.000
AAACA	3609.0	21273.2	-0.000
GTATC	1170.0	7192.2	-0.000
AACAT	2914.0	17369.7	-0.000
GTTTG	2983.0	22336.6	-0.000
TACTA	1705.0	10322.7	-0.000
CAGAT	2412.0	14573.3	-0.000
AGACG	963.0	5992.2	-0.000
GACAA	1522.0	9268.8	-0.000
CTGTT	3930.0	24525.1	-0.000
AAATC	2442.0	14683.4	-0.000
TCATA	2178.0	13078.2	-0.000
CTTCG	384.0	2551.7	-0.000
TCAAT	1674.0	13038.4	-0.000
AGATC	1415.0	9807.1	-0.000
ACTAA	1773.0	10746.1	-0.000
GGGGA	1600.0	11065.7	-0.000
TTCGG	350.0	2356.6	-0.000
TGTCG	514.0	3360.3	-0.000
TTGCG	320.0	2184.1	-0.000
TATGC	1451.0	8901.7	-0.000
GCACA	1775.0	10794.7	-0.000
AAGAA	3986.0	24202.4	-0.000
TGAGG	2673.0	17510.5	-0.000
GCGCG	294.0	2346.9	-0.000
ACATT	3687.0	22088.3	-0.000
TTGTC	2491.0	15835.9	-0.000
AGAAA	4859.0	28778.0	-0.000
CCGTC	401.0	2688.6	-0.000
ACGCT	309.0	2127.5	-0.000
TACCC	1135.0	7081.9	-0.000
ATTCG	302.0	2091.1	-0.000
TCTCC	4143.0	24543.3	-0.000
AGTCC	1362.0	9166.6	-0.000
GCACG	470.0	3122.2	-0.000
AGCGC	286.0	2148.4	-0.000
GTCCC	1046.0	8101.2	-0.000
GAGCA	1610.0	10655.7	-0.000
GAGCG	317.0	2350.9	-0.000
CGTCT	530.0	3490.2	-0.000
CGATG	279.0	1957.2	-0.000
GAGGC	1662.0	14166.1	-0.000
CAAGA	1947.0	13498.1	-0.000
GGTTG	1792.0	10957.3	-0.000
ATATA	3837.0	22812.4	-0.000
AGGTC	1320.0	8587.6	-0.000
GGCCG	504.0	3552.6	-0.000
GCCCT	1553.0	11713.0	-0.000
TCGAT	361.0	2473.0	-0.000
CCTTC	2369.0	16923.5	-0.000
ATCTC	2927.0	18760.2	-0.000
GAGGT	2030.0	13106.2	-0.000
AGAAG	2920.0	18022.0	-0.000
GTGGA	2071.0	12628.0	-0.000
TTTGC	3734.0	25697.0	-0.000
CTTCT	3368.0	23298.3	-0.000
ATAAA	4050.0	26392.1	-0.000
GTCTA	1072.0	7171.6	-0.000
AAAAC	3187.0	19126.2	-0.000
ACGGT	291.0	2077.9	-0.000
ATCAT	2441.0	14839.0	-0.000
AAGAC	1787.0	10982.2	-0.000
ACATC	1426.0	9150.1	-0.000
CTATA	1662.0	10259.8	-0.000
TGTGT	4323.0	30331.1	-0.000
CAGCA	2073.0	15695.9	-0.000
TGGTT	3407.0	20565.5	-0.000
CTGTG	3506.0	21401.5	-0.000
GCTTT	3838.0	24193.3	-0.000
AATCC	1889.0	11776.7	-0.000
GCAAC	1596.0	10459.3	-0.000
CTTTG	3772.0	27575.0	-0.000
TCCGT	443.0	3008.8	-0.000
GCGAG	315.0	2307.6	-0.000
ATGGC	1779.0	11305.8	-0.000
CCCGT	408.0	2804.0	-0.000
ACCCT	1457.0	10822.4	-0.000
GAGAA	2903.0	17652.5	-0.000
GTCGC	416.0	2866.7	-0.000
CGGCA	275.0	1988.1	-0.000
TATCT	2617.0	16642.4	-0.000
CCAGT	2062.0	13814.0	-0.000
GACAC	923.0	7276.2	-0.000
GCACT	1519.0	10459.9	-0.000
CTCTT	3604.0	24855.8	-0.000
GAATC	1405.0	8840.2	-0.000
TGCAA	2893.0	19713.7	-0.000
TGTCC	1721.0	11801.8	-0.000
ATTCC	1978.0	13841.0	-0.000
CATCT	2559.0	16752.2	-0.000
GTGTG	3790.0	23500.4	-0.000
GGGAG	2045.0	15947.9	-0.000
GAGAC	3049.0	18550.2	-0.000
CAGCG	361.0	2967.1	-0.000
GGCCC	1274.0	8640.7	-0.000
ACGGA	492.0	3387.7	-0.000
CACTT	2702.0	17508.7	-0.000
CGAGA	378.0	3160.5	-0.000
CCCCT	1686.0	12723.0	-0.000
GCCAG	2694.0	17385.3	-0.000
ACAAA	2989.0	20128.4	-0.000
AGAAC	1704.0	10686.2	-0.000
GCGGT	322.0	2341.1	-0.000
TTCCT	4169.0	31771.8	-0.000
TGGCG	684.0	4994.6	-0.000
GAAAC	2013.0	12528.6	-0.000
ATTCA	2727.0	17917.1	-0.000
GAGAG	2227.0	14071.3	-0.000
CTGTA	2655.0	16364.6	-0.000
TTGCT	3917.0	25646.6	-0.000
TGTCT	3356.0	22053.4	-0.000
GTGGC	2134.0	15177.7	-0.000
TCGTT	441.0	3125.4	-0.000
TGCGG	325.0	2565.9	-0.000
TGGGG	2567.0	17289.0	-0.000
CCATC	1842.0	12215.6	-0.000
AATCA	2242.0	13986.2	-0.000
GGGTG	1499.0	11910.6	-0.000
GGACG	248.0	1910.8	-0.000
CGTTC	285.0	2150.8	-0.000
CACGG	364.0	2699.5	-0.000
CTGTC	2515.0	16554.3	-0.000
ACAAT	2088.0	13294.1	-0.000
TTCAT	4016.0	25959.3	-0.000
TTCAC	3001.0	19503.2	-0.000
AATAA	3896.0	25437.7	-0.000
GGCAA	1469.0	9847.7	-0.000
TGTCA	2709.0	16803.8	-0.000
CGCGG	156.0	1328.9	-0.000
AGCGG	296.0	2252.4	-0.000
CGACG	41.0	491.9	-0.000
TCATT	4142.0	26899.5	-0.000
AGGGG	1488.0	10007.3	-0.000
TCGCG	85.0	861.4	-0.000
TCCTT	3511.0	26914.9	-0.000
TGTGG	2694.0	18097.0	-0.000
AACAC	1550.0	10017.2	-0.000
AGGAC	1349.0	8775.3	-0.000
GACGG	754.0	5158.7	-0.000
GAAGC	1506.0	10552.2	-0.000
AGCCC	1382.0	11124.7	-0.000
CATTG	2367.0	14892.5	-0.000
CATAT	2413.0	15290.7	-0.000
TATTC	2448.0	16223.0	-0.000
ATCTA	1605.0	10383.7	-0.000
CCGGA	298.0	2313.8	-0.000
TGGAG	4114.0	25267.6	-0.000
GTGTC	1601.0	10373.3	-0.000
TTCTC	4852.0	29618.6	-0.000
ACAAC	1218.0	8071.3	-0.000
GCGGC	269.0	2146.8	-0.000
CCTTT	4292.0	29652.5	-0.000
CTCTG	3707.0	27663.3	-0.000
GTTTC	3550.0	23900.0	-0.000
AACAA	2625.0	16598.5	-0.000
CTATC	1039.0	7056.1	-0.000
GAGGA	2200.0	14089.0	-0.000
GGCGC	727.0	5136.9	-0.000
TACTC	1346.0	8953.0	-0.000
ACTCT	2293.0	15448.2	-0.000
GTCCA	1209.0	8131.1	-0.000
CGAGG	431.0	3275.0	-0.000
GACGC	170.0	1526.2	-0.000
GGACC	844.0	5894.7	-0.000
ATATC	1610.0	10594.6	-0.000
CACAT	2212.0	14645.2	-0.000
GGAGA	2426.0	15538.5	-0.000
GCAGC	1671.0	11410.3	-0.000
ACACT	1685.0	11111.1	-0.000
AGCAC	1446.0	10252.5	-0.000
GGGGG	1196.0	8145.3	-0.000
TTCCC	2782.0	18927.5	-0.000
CTGCA	3404.0	22298.4	-0.000
GAAGG	2036.0	13292.1	-0.000
CACAC	2186.0	14202.7	-0.000
TCTTC	2795.0	20739.6	-0.000
TATCC	1333.0	9025.2	-0.000
TATCA	1858.0	12295.0	-0.000
AGGGC	1210.0	9269.0	-0.000
CAGAA	2842.0	18228.2	-0.000
ATGTC	1690.0	11269.4	-0.000
CAATA	1645.0	11004.6	-0.000
CCTAT	1394.0	9503.2	-0.000
GCCGA	338.0	2824.0	-0.000
GCGGA	266.0	2309.2	-0.000
CCCTA	1104.0	7997.4	-0.000
AAACC	1710.0	12425.2	-0.000
TCTGT	4252.0	29402.4	-0.000
GGAGC	1225.0	9378.3	-0.000
GTTCC	1215.0	9723.2	-0.000
TCTAC	1325.0	9868.7	-0.000
CAACA	1660.0	12186.8	0.000
CGGAG	580.0	4468.9	0.000
CTCTA	1594.0	12085.8	0.000
TCTAT	2037.0	15328.4	0.000
GAGGG	1626.0	11474.2	0.000
CCCTT	2168.0	15735.8	0.000
AGACC	1180.0	9273.7	0.000
AACCC	1129.0	9121.6	0.000
CACTC	1528.0	12504.6	0.000
GGGGC	955.0	8079.0	0.000
TTTCC	4189.0	32027.2	0.000
GGCGG	468.0	3995.5	0.000
CCATT	2916.0	20154.6	0.000
GCAGA	1726.0	12822.9	0.000
TCACT	3765.0	24593.7	0.000
GGGCG	372.0	3592.9	0.000
CTTTC	3030.0	25682.6	0.000
TCGCT	618.0	4750.8	0.000
CGCTC	492.0	4043.3	0.000
GCTCT	2061.0	16867.6	0.000
TCCCT	2409.0	19619.6	0.000
TCTCT	3596.0	28775.6	0.000
CATTC	2147.0	15374.5	0.000
GGGCA	1362.0	10584.1	0.000
GGCAG	1851.0	14516.0	0.000
CTCTC	2128.0	17907.8	0.000
TCCAT	2223.0	16975.1	0.000
ATCGC	214.0	2056.9	0.000
ACACA	2037.0	15764.4	0.000
GGAGG	2138.0	17259.4	0.000
GGAAG	2337.0	15437.9	0.000
CGGTG	359.0	3222.1	0.000
