OligoSequence	Target Occurences	Background Occurences	Enrichment(ln p, up to 2 mismatches)
TTGTT	71695.0	38962.6	-2302.536
TGTTT	77953.0	43737.9	-1985.943
TTATT	76556.0	45124.6	-1469.583
GTTTT	69952.0	42138.2	-1238.373
TTTGT	74154.0	44937.2	-1206.059
TTTAT	76125.0	46455.3	-1152.824
GCCTC	26907.0	15280.1	-1048.653
TATTT	83229.0	52933.3	-837.865
CAGCC	18522.0	10433.7	-817.394
GCTCA	18169.0	10299.9	-776.124
AGCCT	20239.0	11693.1	-759.133
CCTCC	30102.0	18439.8	-695.836
GCAGT	17341.0	10057.8	-653.067
CTCAC	18763.0	11115.7	-609.628
TATCG	2383.0	877.8	-542.740
TTTTG	79336.0	52867.0	-521.824
ATCGA	2299.0	866.8	-497.092
ACTGC	15360.0	9189.5	-483.111
CTCAG	21588.0	13461.3	-471.663
ACCTC	16344.0	9960.2	-447.254
CAAGC	10964.0	6362.3	-437.444
GTTTG	26785.0	17194.9	-434.247
TGCAG	20768.0	13095.9	-417.334
GGCTC	13979.0	8481.6	-403.703
AGTGG	16110.0	9956.1	-397.714
TCAGC	17846.0	11168.6	-392.384
CAGTG	19868.0	12606.0	-381.829
TCACT	23857.0	15394.5	-379.043
ATTTA	40528.0	27178.2	-366.595
CACTG	19003.0	12175.8	-337.578
GAGTG	15066.0	9461.7	-330.909
TTTTT	307575.0	186392.2	-330.696
CCTCA	18626.0	11969.8	-323.527
CCCAG	22162.0	14469.3	-319.405
GTGGC	12098.0	7452.2	-318.581
AGGCT	19424.0	12612.6	-303.473
AACCT	13425.0	8424.8	-301.192
GCGAT	4662.0	2505.5	-300.036
TCAAG	16304.0	10437.4	-299.913
CGCAG	1886.0	1459.8	-297.284
GGAGT	18284.0	11868.6	-289.740
CCAGG	20045.0	13183.1	-273.792
GTGCA	15708.0	10150.2	-266.481
CCGCC	5433.0	4114.4	-264.878
CAACC	9588.0	5921.6	-253.761
AGCGA	3658.0	1940.9	-253.533
CTGCA	18633.0	12279.3	-252.781
GCAAC	8940.0	5480.2	-252.197
AGTGC	15324.0	9949.8	-249.526
TTTTA	77864.0	54962.7	-235.202
CTCCC	22395.0	15097.5	-227.171
AAGCG	3492.0	1882.0	-224.416
GAGAC	13478.0	8767.6	-219.368
GTCGC	2849.0	1621.1	-201.509
CGATC	3592.0	2007.4	-192.397
TCGCG	585.0	470.7	-189.760
TGGCG	4322.0	2522.5	-178.797
GGTTC	11842.0	7778.6	-177.992
GGCGG	3514.0	2570.6	-175.399
GGTGG	11237.0	7362.3	-174.391
TCCTG	25294.0	17583.4	-165.922
TCCCA	19862.0	13656.6	-160.765
TGGAG	19888.0	13678.2	-160.219
CTGCC	17724.0	12141.0	-153.936
GGAGG	11444.0	7600.7	-153.830
GCCGC	2184.0	1840.5	-146.364
CTTTT	68560.0	49661.9	-139.104
GACAG	11487.0	7715.8	-135.999
GCAGC	8606.0	5652.8	-134.311
CAGCG	1996.0	1512.4	-133.716
GTGGT	13762.0	9384.2	-132.310
GCGGT	1702.0	1335.9	-130.431
TCCCG	5422.0	3412.4	-129.582
GCGCA	1821.0	1246.7	-122.458
GAGGC	9143.0	6091.1	-121.968
ACCGC	1553.0	1270.0	-121.442
GTTCA	15832.0	10963.5	-120.822
CCGAG	3645.0	2206.2	-120.104
TCTCG	7285.0	4776.1	-117.476
GGCTG	18305.0	12821.5	-114.814
CTCCG	4464.0	2932.8	-114.780
CCCGG	4569.0	3566.2	-108.544
CGAGG	2227.0	1450.1	-101.141
AGTGA	14313.0	9984.7	-99.939
GACTC	5783.0	4579.4	-99.346
CTCAA	13353.0	9297.4	-96.743
CTCGG	5063.0	3573.0	-94.897
GTAGC	8948.0	6082.4	-94.511
TCGAG	2077.0	1360.6	-94.363
GTCTC	17149.0	12123.8	-93.737
GGGGG	7071.0	4727.7	-93.126
TCGAA	2382.0	1414.5	-91.481
TGCCT	23139.0	16604.1	-90.721
CGAGA	2317.0	1374.2	-89.482
CGATT	3519.0	2219.3	-85.151
CGCCT	5298.0	3635.5	-80.767
CGGGT	3263.0	2054.4	-80.491
TCTCA	21220.0	15278.8	-79.382
TACTT	20246.0	14552.3	-79.170
CCCCC	7929.0	5437.6	-75.851
AGCGT	1776.0	1318.3	-75.172
CGCGA	1099.0	795.0	-74.777
GCGTC	1271.0	1113.6	-74.038
CCTCG	2873.0	2600.7	-71.989
CCGGG	4490.0	2959.6	-71.420
GAGCC	7443.0	5946.5	-71.294
TGTCG	3409.0	2190.7	-70.540
AAAAA	40872.0	30157.4	-70.473
CTGTC	15992.0	11456.4	-69.876
TCGCT	4292.0	2827.8	-68.994
TCACG	3032.0	2050.5	-68.949
CTGGA	17912.0	12905.4	-68.464
TTTTC	66816.0	49738.0	-68.004
GATCT	13683.0	9759.0	-66.568
GCGAC	1066.0	704.8	-65.825
GTCAC	8478.0	5904.5	-64.909
CACCC	9284.0	7007.3	-63.453
TCGTT	3503.0	2504.6	-60.871
AGCCG	1982.0	1349.2	-60.504
TCGCC	3557.0	2334.1	-60.116
CGGAG	3712.0	2458.9	-59.169
ATCTC	16114.0	11647.9	-58.876
TCCGC	3739.0	2473.4	-58.100
CTCCT	25419.0	18671.7	-58.034
CTCGA	2070.0	1755.6	-57.274
CGAAG	1780.0	1088.4	-57.196
GCTCG	1490.0	1252.6	-56.370
AGCGG	1637.0	1228.2	-55.111
CAGTC	8905.0	6290.5	-54.477
TGGTT	20684.0	15348.0	-53.643
CCAGC	11083.0	8723.3	-53.122
GGGTC	6747.0	4699.2	-53.030
AGACC	5801.0	4004.5	-52.580
CGGCC	2525.0	2539.2	-50.305
TCGGC	4237.0	2974.5	-48.884
CCCGA	2785.0	1824.1	-48.863
CCTGC	13888.0	10076.9	-48.194
CAGGC	17804.0	13276.3	-47.384
TTACT	19789.0	14558.1	-46.316
CGTGG	2538.0	1767.1	-46.030
TGCCG	1807.0	1463.9	-45.274
GGGGT	7649.0	6496.3	-45.042
TTGGT	19732.0	15300.2	-44.887
GCGGC	2260.0	1901.2	-44.047
ACGAT	2131.0	1375.4	-43.805
CCGCA	1704.0	1331.6	-43.748
GGAGC	4998.0	4636.9	-43.673
GGTTT	23932.0	17741.1	-43.486
TTGAG	22014.0	16284.5	-43.323
GTTGT	16727.0	12860.6	-43.321
AGGCG	3088.0	2695.6	-43.170
ACCGA	1067.0	803.5	-42.641
GCAGG	7794.0	6364.3	-42.383
CGAGT	2720.0	1807.6	-42.302
TGATC	13002.0	9477.4	-41.260
TGCAA	15571.0	11423.4	-41.077
GGGTT	14753.0	10804.0	-41.002
AGTCG	1228.0	878.1	-40.967
CGTTT	4845.0	3575.0	-40.818
ACAGC	6665.0	5452.0	-40.779
CACCT	12773.0	9310.9	-40.653
ATCCT	13415.0	9795.1	-40.634
CTTAA	14106.0	10320.9	-40.583
GGCAG	8702.0	6685.3	-40.468
GCCGA	1694.0	1076.3	-40.432
CGAGC	1242.0	1037.2	-39.683
CTCTG	23946.0	17808.7	-39.656
CTGTA	14358.0	10521.5	-39.575
CGCAC	1291.0	1042.9	-39.485
GGGAG	10001.0	7231.3	-39.419
TGGTG	15624.0	11484.3	-39.258
TAGCG	1079.0	918.4	-39.183
TTTCT	75315.0	57034.2	-37.806
ACGGA	2900.0	1954.9	-37.717
GTTAT	13738.0	10947.0	-37.677
TGAGA	19880.0	14740.9	-37.590
GCCAC	7630.0	7180.1	-37.487
TCGAC	1121.0	685.9	-37.392
GGTTG	8800.0	7372.5	-36.983
TTCTT	65294.0	49438.7	-36.658
GCAAT	9998.0	7254.2	-36.572
CTCGC	3661.0	2520.6	-36.016
AGTCT	17407.0	12884.1	-35.610
TTCGT	3562.0	2597.6	-33.653
CACGG	1702.0	1415.7	-32.803
AGGGT	9637.0	7017.7	-32.788
CGCAA	1549.0	1011.1	-32.626
GCCTG	11529.0	9659.1	-32.606
CGGGG	2688.0	2439.1	-32.596
AAGCA	11645.0	8548.9	-31.956
CATCC	7681.0	6422.6	-31.002
GCCGT	1537.0	1059.6	-30.867
TCGCA	1145.0	922.3	-30.644
GATCA	7652.0	5539.1	-30.517
TTAGT	15987.0	14099.8	-30.377
ACTCC	8852.0	6886.1	-29.981
TCTTA	18998.0	14183.0	-29.759
GTTCG	1537.0	1051.8	-29.724
CAAGT	12117.0	8934.7	-29.551
GGGCG	2656.0	2145.0	-29.065
AGACT	9632.0	7156.1	-28.614
GAGTA	9253.0	6784.6	-27.122
CCACC	12807.0	10368.7	-26.503
TAGTT	17785.0	15547.7	-26.502
GAGTC	9509.0	6986.6	-26.454
CGGTT	1852.0	1431.1	-26.433
TGGGC	9634.0	7082.3	-26.406
TACTC	7883.0	5756.9	-26.019
GTGTT	18355.0	14240.2	-25.788
CGACA	1111.0	713.2	-25.416
ACAGT	11943.0	8853.1	-25.377
TGGGT	13968.0	10403.9	-25.170
CCTAC	4981.0	4236.8	-25.131
GTTTA	19107.0	14344.3	-24.883
GCTGG	20384.0	15324.7	-24.862
GGCGC	3405.0	2744.0	-24.433
TTTCG	4060.0	2891.5	-24.017
CACAG	9191.0	7815.2	-23.631
TTTGG	27647.0	20933.8	-23.514
GGGGC	4957.0	4330.8	-22.927
CGCTG	2267.0	1910.3	-22.367
GTAAT	11581.0	8617.3	-22.267
GACTG	7017.0	5330.0	-22.259
ATCGC	1376.0	937.6	-21.950
CACGA	2020.0	1387.0	-21.915
CCTGT	14321.0	10723.5	-21.772
GGATC	5339.0	3874.5	-21.413
TCGTG	2507.0	1970.4	-21.345
GCTAC	4778.0	3452.1	-21.237
GATCG	1416.0	948.2	-21.159
CTTGA	14232.0	10664.5	-21.146
GCCCA	11486.0	9019.2	-20.910
GCTCC	6340.0	5991.6	-20.221
AACCG	981.0	751.6	-20.077
TAACC	5787.0	4229.5	-19.762
GCGGA	1555.0	1056.5	-19.758
GGGTG	8016.0	6056.0	-19.700
GTACT	6853.0	5042.4	-19.443
TCTTG	25589.0	19442.6	-19.399
GTTGC	10781.0	8044.7	-19.386
TTGAT	20542.0	16841.9	-19.164
TTGGG	14439.0	10858.6	-19.038
TGTTG	25170.0	19951.7	-18.996
CGTAA	1387.0	937.2	-18.971
CAGAC	5911.0	4963.5	-18.840
ACTCA	8320.0	6953.7	-18.588
CGGCA	1275.0	1056.4	-18.400
TTAAG	15148.0	11414.8	-18.390
GCGGG	2647.0	2258.7	-18.193
CGGCT	4481.0	3254.5	-18.190
AGTAC	6284.0	4622.6	-18.187
CCAAG	9112.0	6785.8	-17.905
CAGGG	9317.0	7179.2	-17.832
TAGCT	14356.0	10824.2	-17.205
TGGGG	10995.0	8962.6	-17.156
CACGC	2696.0	2278.6	-16.859
AGCTC	10879.0	8292.2	-16.795
AAGCC	6187.0	5169.3	-16.461
CGCCC	4172.0	3964.2	-16.361
TGATT	23942.0	18597.0	-16.350
CTTAC	8673.0	6471.7	-16.272
TCTTT	66325.0	51042.9	-16.216
GTGAT	14582.0	11020.1	-16.032
TAGTG	9725.0	7283.8	-15.937
GCACT	7321.0	5708.1	-15.907
AAGTA	12059.0	9080.2	-15.823
CGTAG	1389.0	956.0	-15.669
ACGCT	1251.0	1048.2	-15.534
CTACC	5646.0	4315.4	-15.292
CCCCG	2598.0	2381.9	-15.193
CGGTG	2132.0	1784.3	-15.032
CGAAA	1498.0	1038.1	-14.985
GAGCG	1767.0	1316.2	-14.598
TGCTT	23900.0	18256.5	-14.517
ATTTT	85232.0	65752.3	-14.447
GTATT	17313.0	15655.3	-14.442
AAGCT	10319.0	7934.4	-14.351
AGCGC	1283.0	1138.3	-14.315
CTGGG	18882.0	14378.2	-14.238
TGTTA	18926.0	14488.8	-14.208
ACCCT	7177.0	5810.2	-14.158
ACGAG	1318.0	910.4	-14.138
TTCGA	2021.0	1435.7	-13.759
GAGGT	8825.0	6624.0	-13.743
GGCGA	1572.0	1101.9	-13.644
TAAGC	6387.0	4948.7	-13.560
GACCG	1005.0	760.7	-13.430
GACCA	5310.0	3933.4	-13.424
TGTTC	16066.0	13504.1	-13.374
TGGCA	11676.0	8829.7	-13.215
ATAGC	6915.0	5166.5	-13.149
GTTTC	19917.0	16383.7	-13.011
GTAGT	9568.0	7443.1	-12.664
TTGTG	19403.0	16593.0	-12.545
TGTGT	27596.0	24625.2	-12.501
CCTGG	16419.0	12511.9	-12.495
GTGCG	2384.0	1722.5	-11.856
GTAAC	5396.0	4136.4	-11.830
TCTGT	31698.0	24390.2	-11.752
CTGTT	25190.0	19335.8	-11.732
TATTG	16628.0	14921.2	-11.542
TACCG	1061.0	736.1	-11.082
ACTTG	11052.0	8390.8	-10.992
GCATC	5283.0	4753.9	-10.991
TCGGG	1944.0	1398.7	-10.906
TCCAG	12276.0	10326.2	-10.892
GCTGC	8303.0	7041.5	-10.853
CTTGT	17250.0	13705.5	-10.775
TTTGA	34921.0	26948.5	-10.363
TTTAG	21492.0	19195.0	-10.362
CACCG	2140.0	1967.4	-10.256
TTATG	16578.0	13613.0	-10.251
AGCTA	8481.0	6416.4	-10.247
GTTCT	16291.0	13586.0	-10.180
GCAAG	6427.0	4934.3	-10.169
TCACC	11019.0	8763.3	-9.943
CGCTC	3326.0	2456.6	-9.874
GTCGT	1450.0	1050.4	-9.799
CTGCG	2060.0	1986.6	-9.795
TAGGC	5667.0	4254.0	-9.761
CAAGG	6844.0	5450.0	-9.383
CTACT	9742.0	7408.0	-9.383
AGCCC	5834.0	4968.0	-9.361
GTTGG	9698.0	8378.9	-9.250
ACTCT	13585.0	10390.2	-9.237
ATCTT	23413.0	18033.9	-9.237
CGGTC	1113.0	898.5	-9.150
TTATC	14436.0	12203.6	-8.969
CCAGT	9445.0	8164.9	-8.827
CCGTA	1124.0	797.4	-8.750
TTGCT	25900.0	19987.0	-8.712
GGCGT	3042.0	2253.3	-8.587
ACGGC	1116.0	899.0	-8.567
TAGCC	6508.0	4960.2	-8.489
ACTGT	13500.0	10343.8	-8.450
TCGGT	1649.0	1386.3	-8.433
GGCAC	6269.0	4739.2	-8.406
TTGTC	15569.0	13730.9	-8.230
ATCAC	8070.0	6136.0	-8.224
CTTAT	15049.0	11968.4	-8.109
CGCCA	2830.0	2097.6	-8.089
ATCGT	1872.0	1367.2	-8.004
TGTAT	21161.0	18476.7	-8.003
AACGA	1280.0	920.8	-7.883
GCTTG	9001.0	7103.7	-7.864
CGACC	1119.0	801.2	-7.683
AGAGT	12095.0	9272.4	-7.631
CACTC	9644.0	7368.6	-7.600
CTGAC	6489.0	6022.3	-7.596
AGACA	12551.0	9632.2	-7.409
GAACG	1154.0	829.0	-7.344
CCGGA	1528.0	1114.9	-7.044
TATGT	19078.0	15799.6	-7.027
GCTTT	22827.0	17973.2	-6.973
CAATC	7344.0	5597.4	-6.956
GCTGT	11291.0	9693.7	-6.797
GAGGG	6862.0	5519.2	-6.756
GTGGG	9119.0	6980.6	-6.742
TTGTA	20506.0	17799.7	-6.687
TGGCT	16238.0	13539.9	-6.548
CGGGA	2117.0	1569.2	-6.543
ACTGG	7501.0	6444.4	-6.463
AAGTG	14302.0	11025.3	-6.414
GCACG	2223.0	1652.8	-6.381
GGTCG	1096.0	792.9	-6.378
TCCTC	15857.0	13062.3	-6.336
TTAAT	27773.0	21735.1	-6.318
GTCTT	20444.0	16382.1	-6.277
GACGA	1061.0	768.6	-6.147
CCTAG	6828.0	5521.4	-6.094
GAAGC	6113.0	5217.4	-6.073
CCCTG	10275.0	8520.3	-6.058
GGTCA	5824.0	5022.3	-6.051
CCCTC	9565.0	8844.6	-6.032
GACGG	3117.0	2343.4	-6.010
TTTAA	43708.0	34025.1	-5.994
TAACG	1220.0	988.9	-5.974
CGTCG	512.0	357.1	-5.940
GTACA	7543.0	5775.6	-5.870
GCGAG	1566.0	1210.6	-5.792
GGTGC	6848.0	5237.6	-5.741
TGTAA	16181.0	12515.1	-5.696
AATCG	1381.0	1015.9	-5.679
CTGGC	9374.0	8836.8	-5.599
GTCGG	1174.0	858.8	-5.592
GCTTA	8492.0	6524.0	-5.487
GAACC	4528.0	3444.0	-5.439
TTTGC	22911.0	19352.9	-5.354
CGACG	435.0	304.8	-5.279
TAATT	29375.0	24350.1	-5.266
GTGGA	7823.0	6488.4	-5.213
GATTC	11097.0	8562.5	-5.188
GATTT	24738.0	19762.2	-5.110
CCTGA	11051.0	9538.4	-5.074
CTTTA	23166.0	18414.5	-5.034
CGGAA	1345.0	994.8	-4.965
TCGTA	1506.0	1118.4	-4.900
GAGAG	7773.0	7021.2	-4.892
TGCTG	15854.0	14476.3	-4.890
ACTTA	10740.0	8376.4	-4.835
GTGAC	6102.0	4841.7	-4.530
ATACT	10912.0	8438.1	-4.528
CTTTG	25451.0	20266.6	-4.495
CCGTC	1971.0	1481.3	-4.482
ACCTG	8652.0	7042.8	-4.380
ATTTG	27960.0	21794.6	-4.360
CCCAC	9027.0	6993.7	-4.337
ACCCA	9476.0	7322.6	-4.320
TCAGT	14942.0	12261.2	-4.279
CGTCC	1421.0	1248.8	-4.217
ATGTT	22757.0	19065.2	-4.142
AGCAA	9988.0	7733.4	-4.023
CCCCA	9259.0	7458.4	-3.959
TCAGG	10437.0	9108.3	-3.949
CGATA	973.0	721.2	-3.782
GCACA	7349.0	5678.1	-3.745
ATTGT	18955.0	15603.9	-3.717
ACGGT	1447.0	1166.7	-3.634
AGACG	3488.0	2669.4	-3.626
TTTAC	19471.0	15225.9	-3.578
CAGCT	13862.0	10806.3	-3.566
CCGAA	1213.0	909.9	-3.537
GGGCT	8547.0	6622.5	-3.534
GTTAC	7273.0	5626.8	-3.526
TGTCT	21650.0	18828.1	-3.503
CGACT	1143.0	955.2	-3.500
ACTTT	27279.0	21315.7	-3.464
TGTAC	8187.0	6342.7	-3.460
AGTTT	28886.0	25042.8	-3.455
GCGTG	3524.0	2702.1	-3.394
AGCCA	10192.0	8508.5	-3.388
TCCGG	1644.0	1366.1	-3.373
GCTTC	9507.0	8184.1	-3.207
TGCGA	1851.0	1406.0	-3.189
TACCT	10029.0	7795.7	-3.177
TCATT	28015.0	22456.0	-3.075
TATTC	15559.0	13596.8	-3.059
TACTG	10777.0	8424.2	-3.002
TCAAC	6386.0	5382.3	-2.960
CATGG	8627.0	6708.5	-2.848
AGGTT	14540.0	11352.4	-2.778
CGGAT	1256.0	952.2	-2.772
TTATA	21214.0	18414.4	-2.766
CTATT	16157.0	14712.8	-2.760
CTAGC	5047.0	4221.2	-2.751
TATAT	24847.0	21845.1	-2.685
GTAAG	6629.0	5152.0	-2.605
GCCTA	5354.0	4666.0	-2.549
CTCAT	12477.0	10570.7	-2.480
TATTA	20823.0	17872.2	-2.453
CTAGG	6904.0	5492.4	-2.365
GGCCG	2480.0	1911.6	-2.364
GCCCC	5325.0	4686.7	-2.352
TGAAG	12239.0	10525.0	-2.341
CGCTA	939.0	713.4	-2.251
GGCCT	8127.0	7800.6	-2.208
TATCT	16993.0	14136.2	-2.203
AACGT	2105.0	1623.0	-2.155
AGTAG	12155.0	9515.3	-2.071
CAGTA	8994.0	7032.7	-1.999
TTCTG	28756.0	23549.8	-1.978
CCCAA	10261.0	8031.1	-1.961
CTCTC	15027.0	14841.9	-1.900
ACCCC	5419.0	4229.1	-1.867
GTACG	965.0	739.3	-1.864
GGCTT	10477.0	8939.0	-1.817
CAGCA	9444.0	8230.6	-1.812
CTTGG	13906.0	10997.7	-1.805
GGTAC	3895.0	3318.3	-1.801
CGCGT	542.0	560.6	-1.787
GTTAA	10664.0	8358.2	-1.767
AGCAG	9745.0	7669.7	-1.692
GATAG	5916.0	4627.2	-1.682
CTTAG	9788.0	7692.2	-1.664
AGCTT	13277.0	10885.9	-1.620
CCTTA	9360.0	7340.3	-1.620
CAACG	1035.0	799.0	-1.611
TTCAT	27521.0	22110.7	-1.603
GAAGT	9942.0	8384.9	-1.597
GCCAT	9100.0	7141.9	-1.510
AAGAC	7073.0	5545.8	-1.500
ACAGA	12200.0	9590.2	-1.426
CGTGC	2209.0	1780.1	-1.396
CGTCA	1596.0	1241.5	-1.383
TAGTC	7052.0	5536.9	-1.367
GCGTA	912.0	706.6	-1.354
GACAC	3920.0	3704.5	-1.325
TAATC	10015.0	7874.1	-1.322
CTGAG	13517.0	10639.8	-1.298
AGTGT	13239.0	10494.8	-1.285
TTCCT	30246.0	25279.2	-1.276
TGACG	1382.0	1077.9	-1.244
GATCC	6175.0	4851.8	-1.239
ATTAT	23713.0	19995.7	-1.215
AGGTA	8087.0	6363.2	-1.192
TTCCG	2362.0	1851.6	-1.139
ACCTT	11796.0	9297.4	-1.098
GTGCT	10064.0	8931.3	-1.092
CTGCT	14532.0	12293.0	-1.084
CGTAC	759.0	597.8	-1.043
CTTCT	24224.0	21055.1	-1.030
AAACG	1920.0	1506.7	-1.025
TGAGC	10244.0	8276.2	-1.007
ACTCG	1453.0	1145.0	-0.984
TCCTT	26105.0	22066.1	-0.971
ACCTA	5856.0	4816.0	-0.967
ACTAA	7480.0	5899.4	-0.959
GGTAG	5895.0	5002.0	-0.943
TAATG	12975.0	10243.8	-0.938
TTAAC	11078.0	8745.4	-0.914
CTCTT	24643.0	20717.6	-0.905
GCATG	8885.0	7014.8	-0.899
GCTCT	14217.0	11231.3	-0.872
CGATG	1301.0	1024.4	-0.864
CATTT	36166.0	30747.7	-0.861
ACTTC	10877.0	9057.9	-0.847
CGAAT	1358.0	1069.4	-0.845
ATCGG	976.0	768.9	-0.835
CAAGA	8476.0	6698.8	-0.807
AGGGG	5964.0	5034.2	-0.788
GTCTG	9668.0	8857.9	-0.786
GAGCA	6395.0	5728.7	-0.786
TCTCT	28861.0	26133.2	-0.771
CTAGA	7530.0	5954.1	-0.749
CGGAC	813.0	642.4	-0.746
AGGAG	10160.0	8037.4	-0.737
CCGGC	2131.0	2394.2	-0.735
TGTAG	12866.0	10179.4	-0.726
AGCTG	12972.0	10263.1	-0.720
AACTC	8863.0	7661.9	-0.688
CGCTT	2156.0	1708.1	-0.663
TCTGC	15415.0	12424.0	-0.656
ACAAG	6634.0	5254.2	-0.643
AACGG	1094.0	868.6	-0.630
GGTAA	6641.0	5263.5	-0.612
CACAC	8827.0	7065.1	-0.600
CGCGG	1215.0	1161.8	-0.581
GATAC	4967.0	3939.4	-0.579
AGTTA	11090.0	9242.2	-0.578
CATAC	5841.0	4633.3	-0.564
ATTTC	29857.0	23753.5	-0.548
ACTGA	9438.0	7669.7	-0.540
CCTCT	16654.0	14162.2	-0.523
ATTCT	27635.0	21910.6	-0.508
CTTCC	16980.0	14425.7	-0.504
ACTAG	5073.0	4030.4	-0.501
TCCCC	10256.0	8595.5	-0.497
TTTCA	34401.0	29257.2	-0.497
ACACT	7877.0	6664.8	-0.490
TCTAT	14784.0	13855.6	-0.483
CTTTC	26946.0	24184.0	-0.475
ATCCC	6728.0	5872.6	-0.469
CCTTT	27552.0	22199.9	-0.448
ATATT	26096.0	23787.8	-0.443
TACTA	8424.0	6695.5	-0.442
CGGGC	2454.0	1956.6	-0.441
CGTGA	3204.0	2553.1	-0.440
AGGCA	10071.0	8206.4	-0.421
TCGGA	1153.0	924.6	-0.410
GCCTT	12619.0	10107.7	-0.407
TCCGA	1275.0	1021.9	-0.405
GCCAG	7654.0	6872.0	-0.404
CGCCG	1361.0	1090.1	-0.402
TGACT	10570.0	9078.5	-0.392
TCTTC	23017.0	19987.4	-0.392
TCGTC	1673.0	1339.1	-0.384
ACGTA	1650.0	1329.8	-0.375
CTGTG	15292.0	13871.2	-0.364
TCTCC	20040.0	15923.0	-0.363
TCCGT	2397.0	1918.5	-0.357
GTGCC	7020.0	5930.5	-0.354
TACGA	1013.0	816.2	-0.346
CCCGC	2589.0	2732.7	-0.342
TTCTC	29088.0	23594.1	-0.339
GTCCC	5697.0	4755.8	-0.335
TGAGG	11035.0	8784.2	-0.331
GACGT	1377.0	1109.0	-0.313
TCACA	10284.0	9004.4	-0.307
CGGTA	902.0	765.3	-0.304
CATAG	7668.0	6116.8	-0.297
ACCGG	896.0	724.5	-0.296
AATTT	39399.0	34833.8	-0.293
AGTCC	6148.0	4908.4	-0.291
CTAAC	4815.0	4038.7	-0.286
TTCTA	20496.0	17070.0	-0.283
GGTGT	10280.0	8718.7	-0.282
TTGAC	9350.0	7455.7	-0.280
CCCGT	1852.0	1491.0	-0.267
CTGAA	12039.0	10426.0	-0.260
GTTGA	9700.0	8710.8	-0.260
TTGCG	1653.0	1446.9	-0.258
TACGG	989.0	802.2	-0.256
AAGGT	8742.0	6978.0	-0.250
ACCGT	1674.0	1413.5	-0.245
GCTGA	9175.0	7324.9	-0.243
GATTG	8752.0	7228.1	-0.238
CACTA	6109.0	4886.6	-0.237
TTCAG	17799.0	15192.4	-0.236
GACCC	3874.0	3106.2	-0.234
TTCAC	12876.0	12113.8	-0.231
CTGGT	10670.0	9695.3	-0.225
TAACT	11302.0	9032.8	-0.217
CTAAG	6539.0	5584.7	-0.208
GACGC	885.0	742.5	-0.199
TCGAT	1602.0	1297.8	-0.199
GGACG	1135.0	924.3	-0.184
GCGTT	1682.0	1395.3	-0.172
AACCC	5389.0	4328.1	-0.158
TTCAA	20241.0	16150.5	-0.157
TTTCC	29873.0	24851.2	-0.137
GGGAC	5133.0	4349.0	-0.135
TCTGG	12792.0	11529.8	-0.128
ACGTG	2452.0	1989.5	-0.118
ACGCA	1171.0	962.3	-0.110
CCGTT	2096.0	1705.0	-0.107
GGTTA	7291.0	6055.7	-0.106
CCGAT	985.0	812.9	-0.105
ATAAC	6674.0	5369.0	-0.105
CTTCA	14480.0	12512.6	-0.103
AACGC	849.0	702.5	-0.103
AGTAA	9961.0	7992.8	-0.099
AGGGC	5050.0	4470.9	-0.097
TTACG	1776.0	1452.3	-0.091
CGTTA	1515.0	1242.8	-0.089
TTCGG	1771.0	1480.9	-0.088
GGTCT	11573.0	9284.9	-0.085
GGAGA	9024.0	7254.4	-0.079
CATCG	1335.0	1100.0	-0.078
ACGAC	720.0	602.7	-0.074
TCATG	12241.0	10295.3	-0.068
GTTAG	7192.0	6078.8	-0.067
ACAAC	5324.0	4304.6	-0.065
GCTAA	6683.0	6346.4	-0.065
GTCAG	7270.0	6569.5	-0.064
AATCC	8145.0	6563.4	-0.061
AACTT	15761.0	12645.7	-0.057
TGCGG	1803.0	1597.8	-0.052
GGGGA	7030.0	5678.3	-0.050
GAGTT	12273.0	10995.8	-0.049
CTCCA	12759.0	10483.2	-0.046
GGGCA	6371.0	5154.0	-0.046
TCCCT	14507.0	12859.1	-0.043
TGCTC	12007.0	9692.5	-0.040
AATAC	9054.0	7308.1	-0.036
CTTCG	2035.0	1676.2	-0.035
GCCGG	2222.0	1828.5	-0.035
ATGCT	10570.0	9338.6	-0.035
GTAGG	5451.0	4545.3	-0.030
GTATG	8439.0	6823.8	-0.030
ACTAC	5882.0	4811.2	-0.029
ATTGA	12598.0	11125.2	-0.029
TCCTA	9792.0	8295.8	-0.028
GCAGA	7356.0	6805.9	-0.028
GTGAG	10170.0	8212.1	-0.027
CGGCG	1454.0	1314.8	-0.025
CTTGC	12109.0	9767.4	-0.024
CGTTG	1922.0	1591.1	-0.024
GTCCG	1009.0	850.1	-0.023
TGCCA	10703.0	9469.5	-0.021
CCGGT	1186.0	995.7	-0.021
TAAGT	12309.0	9933.7	-0.020
ACCAG	7000.0	5687.9	-0.017
AACTA	7301.0	5928.3	-0.017
TGCAC	7809.0	6336.8	-0.016
ACCCG	1498.0	1373.8	-0.016
AACTG	9020.0	7705.4	-0.016
TTACC	8585.0	6960.7	-0.016
AAAAC	13116.0	10590.7	-0.016
GTGTG	17871.0	16424.1	-0.015
ATCTA	8719.0	7673.5	-0.013
ATATC	10070.0	8156.3	-0.013
AAACC	7335.0	6223.0	-0.012
GGCAA	5807.0	4738.5	-0.011
TGACA	9216.0	7478.1	-0.011
CTCGT	2310.0	1919.4	-0.010
AGTTG	10999.0	9086.9	-0.010
TACGT	2213.0	1880.3	-0.010
CGTCT	2652.0	2196.9	-0.010
CGCAT	1127.0	956.2	-0.010
TAAAG	12472.0	10094.5	-0.009
GTGTC	8120.0	7708.5	-0.007
ACGAA	1210.0	1027.5	-0.007
CAGGT	12146.0	9840.7	-0.007
GAGGA	8289.0	6747.6	-0.007
ATTGC	10354.0	8930.6	-0.006
GCTAG	5402.0	4429.5	-0.005
AGTTC	11446.0	9985.3	-0.005
ATGTA	13930.0	11284.7	-0.005
AAGAT	11557.0	9380.8	-0.005
CCATC	8986.0	7317.2	-0.005
GGCAT	8630.0	7033.1	-0.004
GACCT	6415.0	5603.7	-0.004
CAGAG	12168.0	9877.9	-0.004
CAGGA	10220.0	8319.2	-0.003
AGGTG	10526.0	8567.6	-0.003
CCGTG	2263.0	1908.1	-0.003
CTACG	957.0	827.4	-0.003
CGAAC	1060.0	958.5	-0.003
TACAG	12607.0	11109.4	-0.003
ATGAT	13279.0	10782.4	-0.003
TGAGT	13159.0	11325.9	-0.002
TGTGG	12884.0	11239.1	-0.002
CAAAC	7389.0	6242.6	-0.002
ATAGG	6536.0	5367.0	-0.002
TCTAC	8320.0	6805.9	-0.002
AATCT	14883.0	12180.3	-0.002
CACTT	14079.0	11640.3	-0.002
TCATC	10454.0	8975.3	-0.001
AGATC	6943.0	5701.3	-0.001
ACACG	1559.0	1331.4	-0.001
GGTGA	7942.0	6532.2	-0.001
TTAGC	9386.0	7921.7	-0.001
GCACC	4740.0	4438.5	-0.001
ACGTT	2706.0	2272.6	-0.001
GTCGA	779.0	688.5	-0.001
AGAGG	8365.0	7131.3	-0.001
TACGC	759.0	673.2	-0.001
TAAGA	10378.0	8485.6	-0.001
ACGCG	458.0	419.6	-0.001
AGAGC	6547.0	5399.1	-0.001
CATTG	12385.0	10695.5	-0.001
TCTGA	14001.0	12265.3	-0.000
TCTAG	10047.0	8229.4	-0.000
CGTTC	1718.0	1472.0	-0.000
CCGAC	890.0	786.9	-0.000
CAGTT	15935.0	13375.6	-0.000
ACAGG	11230.0	10024.2	-0.000
TAAGG	6913.0	5706.5	-0.000
AAGTT	16418.0	13371.2	-0.000
TAGGG	5969.0	4943.8	-0.000
CCAAC	5212.0	4331.0	-0.000
ACGCC	2298.0	1954.7	-0.000
TGCAT	12894.0	11637.0	-0.000
ATACC	5537.0	4597.5	-0.000
TAGAG	9684.0	8402.6	-0.000
CCTTC	14277.0	12374.2	-0.000
GAAAC	7783.0	6422.2	-0.000
GAAGA	10099.0	8297.6	-0.000
AAACA	14320.0	11705.7	-0.000
CCTAA	7022.0	5976.5	-0.000
ACGTC	1274.0	1116.7	-0.000
TTAAA	29915.0	24373.7	-0.000
GGGTA	5006.0	4372.2	-0.000
CTAAA	10312.0	8478.6	-0.000
AATGC	7913.0	6888.9	-0.000
ATTGG	8694.0	8095.1	-0.000
TTGGC	12289.0	10663.2	-0.000
AGGAT	9520.0	7845.7	-0.000
GGCTA	5932.0	5714.8	-0.000
TAGAC	5002.0	4184.2	-0.000
TAGGT	9323.0	8060.5	-0.000
AGAGA	12083.0	11575.5	-0.000
TAAAC	9082.0	7504.7	-0.000
AGATA	10367.0	8547.1	-0.000
TGGTC	8214.0	7797.7	-0.000
TGTGA	14786.0	13200.8	-0.000
TGGGA	15160.0	12512.9	-0.000
AAACT	13817.0	11344.8	-0.000
TTGAA	19618.0	16824.5	-0.000
TTAGG	10011.0	8680.5	-0.000
TGCGT	2027.0	1794.9	-0.000
CTAGT	7865.0	6534.6	-0.000
GCCAA	5836.0	4884.2	-0.000
GTGTA	9581.0	7953.9	-0.000
AAGGC	5823.0	4876.8	-0.000
TTCGC	1692.0	1484.3	-0.000
GCGAA	890.0	811.3	-0.000
CAACT	7620.0	6381.4	-0.000
GAGCT	7447.0	6340.4	-0.000
GTAAA	10594.0	8757.2	-0.000
TGGAA	12789.0	10954.2	-0.000
TTGGA	13521.0	11552.5	-0.000
AGCAT	9485.0	8517.6	-0.000
GGATT	12892.0	11767.7	-0.000
ATTAA	15336.0	13632.2	-0.000
GGAAC	4466.0	3776.0	-0.000
GGGAT	8945.0	8209.1	-0.000
GGGAA	8218.0	6835.3	-0.000
GCGCT	1410.0	1326.2	-0.000
CATCT	14148.0	11644.6	-0.000
TGAAC	8399.0	6983.7	-0.000
ATTCA	13669.0	12839.1	-0.000
CCTTG	11833.0	10191.1	-0.000
AACAG	8772.0	7289.9	-0.000
CGTAT	1656.0	1461.2	-0.000
ATACG	1273.0	1140.6	-0.000
CATGC	8012.0	7093.8	-0.000
ACACA	10253.0	8500.8	-0.000
ATACA	10856.0	8992.3	-0.000
ATCTG	11506.0	10426.2	-0.000
CCCCT	9127.0	7670.2	-0.000
TACCC	5038.0	4284.3	-0.000
GTCAT	9465.0	8073.8	-0.000
ACCAC	7216.0	6758.8	-0.000
GGCCC	4715.0	4000.3	-0.000
AATGT	17213.0	14161.0	-0.000
CACGT	2396.0	2088.0	-0.000
TGTCA	14907.0	12299.5	-0.000
CAACA	7617.0	6379.5	-0.000
GGACC	3144.0	2712.4	-0.000
TTGCA	14131.0	12446.6	-0.000
AGTCA	8117.0	7213.0	-0.000
GACTT	9839.0	8326.6	-0.000
ACCAA	6470.0	5450.9	-0.000
TAAAA	25151.0	21084.6	-0.000
CAAAA	15248.0	12595.1	-0.000
AGGGA	8207.0	6872.4	-0.000
TAACA	9678.0	8072.9	-0.000
TCTAA	11839.0	10284.1	-0.000
GAGAT	11767.0	9782.8	-0.000
CCAGA	8502.0	7294.8	-0.000
GGAAG	8640.0	7255.5	-0.000
ACATA	10575.0	8815.2	-0.000
TTGCC	14498.0	12204.3	-0.000
TGATG	11654.0	10740.7	-0.000
TGATA	11357.0	9550.2	-0.000
ACATC	6827.0	5769.1	-0.000
TATAC	8653.0	7265.7	-0.000
ATGGC	7389.0	6231.6	-0.000
GGAAA	11343.0	9461.9	-0.000
AATTA	16658.0	15035.5	-0.000
AACAA	10627.0	8884.7	-0.000
GTACC	3781.0	3276.9	-0.000
AACCA	7457.0	6296.4	-0.000
TCAGA	11332.0	10138.2	-0.000
TACAC	5736.0	4887.9	-0.000
TGCTA	9346.0	8099.5	-0.000
AACAC	6466.0	5489.9	-0.000
TAGCA	7990.0	6738.6	-0.000
AGGCC	5841.0	4975.5	-0.000
GGACT	6542.0	5628.0	-0.000
CTACA	7588.0	6755.2	-0.000
CGTGT	2809.0	2470.6	-0.000
TGGTA	10190.0	8912.1	-0.000
CTCTA	9700.0	8559.4	-0.000
GCATT	11808.0	10689.9	-0.000
TGCCC	11007.0	9222.2	-0.000
TCAAT	9384.0	9567.0	-0.000
AAGAA	15012.0	12854.6	-0.000
TGAAA	17246.0	14715.9	-0.000
ATGGT	10550.0	9179.8	-0.000
ATCCG	1214.0	1136.7	-0.000
AGCAC	6259.0	5349.2	-0.000
TACCA	7450.0	6338.1	-0.000
TTCCC	15405.0	12852.5	-0.000
GTATA	10018.0	8452.5	-0.000
GGATG	6384.0	6018.3	-0.000
GGGCC	4541.0	3945.1	-0.000
AAAGC	8154.0	6975.1	-0.000
AGAAC	6886.0	5886.0	-0.000
CCACG	1998.0	2171.3	-0.000
TGACC	6526.0	5872.9	-0.000
TAGAA	12184.0	10243.8	-0.000
CCGCT	1733.0	1594.8	-0.000
TCCAA	8761.0	8451.6	-0.000
AACAT	12745.0	10703.4	-0.000
TACAT	14293.0	11972.3	-0.000
GTCCT	7974.0	7254.9	-0.000
ACACC	5280.0	4616.7	-0.000
ATGCA	8572.0	7594.8	-0.000
AAAAG	15224.0	13094.7	-0.000
CTGAT	11494.0	9697.2	-0.000
ACTAT	8607.0	7326.1	-0.000
CCACT	9787.0	8300.8	-0.000
TTAGA	13200.0	11141.7	-0.000
AAGGG	6669.0	5741.4	-0.000
GATTA	10839.0	9831.4	-0.000
GATGG	8888.0	8471.0	-0.000
GCTAT	7806.0	6704.0	-0.000
AGGAC	4853.0	4238.3	-0.000
CCCTA	5043.0	4398.1	-0.000
ATTAC	10623.0	10187.7	-0.000
ATGCG	1097.0	1062.4	-0.000
ATATA	18744.0	17036.1	-0.000
AAGTC	7416.0	7116.5	-0.000
AAAGA	14119.0	12412.9	-0.000
CCACA	7945.0	7555.0	-0.000
AAAGT	15892.0	13345.5	-0.000
AAAAT	28197.0	24114.4	-0.000
AAATT	25700.0	23142.3	-0.000
AAGAG	9462.0	8062.5	-0.000
CCGCG	1190.0	1289.5	-0.000
GTGAA	9397.0	8200.2	-0.000
GTTCC	7457.0	7148.5	-0.000
TAGGA	7965.0	6831.2	-0.000
GACAT	7280.0	6265.8	-0.000
TGGAC	5328.0	4857.4	-0.000
ATCAT	12557.0	10756.7	-0.000
CAATG	7287.0	6949.1	-0.000
CTATA	8536.0	7314.8	-0.000
CCATA	6483.0	5615.6	-0.000
GTATC	6325.0	5688.5	-0.000
TGGAT	11010.0	10133.8	-0.000
AGAAT	13693.0	11565.6	-0.000
ACATG	9814.0	8375.2	-0.000
CATGT	13458.0	12573.8	-0.000
GACTA	5220.0	4576.1	-0.000
TAATA	14945.0	12604.7	-0.000
AGAAA	17474.0	15909.4	-0.000
GAAGG	7275.0	6290.3	-0.000
ATAGT	10980.0	9357.6	-0.000
AAATA	22601.0	19803.0	-0.000
TCCAC	8716.0	7490.8	-0.000
AATAG	9705.0	8311.9	-0.000
CCCTT	12476.0	10596.9	-0.000
AGATT	15071.0	12754.1	-0.000
CTATC	6241.0	5448.6	-0.000
TAAAT	21544.0	19039.4	-0.000
TGCGC	1508.0	1447.9	-0.000
GAACT	8176.0	7180.8	-0.000
GATGT	9508.0	8299.3	-0.000
TGTGC	10799.0	9847.1	-0.000
TTCCA	16881.0	15721.4	-0.000
GAAAG	9554.0	8214.6	-0.000
GCGCG	1880.0	1777.1	-0.000
AGTAT	11499.0	9823.2	-0.000
TAGTA	9839.0	9076.8	-0.000
GAAAA	15850.0	14044.5	-0.000
TATAA	15084.0	13439.9	-0.000
GGAAT	9132.0	8145.8	-0.000
GATGA	7961.0	6903.8	-0.000
TATGC	6838.0	5975.7	-0.000
ATGTC	9078.0	8498.6	-0.000
TTACA	15911.0	14501.9	-0.000
GTCCA	5300.0	4873.0	-0.000
TATCA	10325.0	9699.7	-0.000
GAATG	9077.0	8065.1	-0.000
AGGTC	5906.0	5210.7	-0.000
AATTG	12759.0	10912.3	-0.000
ATCCA	8056.0	7840.1	0.000
TCCAT	13255.0	12614.1	0.000
CATAA	8627.0	7728.5	0.000
ATAAT	16533.0	14301.8	0.000
CTAAT	11375.0	10395.5	0.000
TATCC	7410.0	6813.3	0.000
ACAAT	8837.0	8362.7	0.000
CAATA	7058.0	6875.8	0.000
AATAT	18740.0	17534.8	0.000
GGACA	5244.0	4802.1	0.000
GACAA	5479.0	4952.5	0.000
AATGA	11962.0	10591.8	0.000
ATGAA	12212.0	11172.8	0.000
ACCAT	9152.0	8556.9	0.000
CCAAT	6041.0	6139.4	0.000
CACCA	9614.0	9896.0	0.000
AATCA	9938.0	8658.1	0.000
ATCAA	7485.0	7145.5	0.000
CATCA	8398.0	7631.6	0.000
CATTA	11424.0	9902.9	0.000
AATAA	16831.0	14729.3	0.000
TCATA	11363.0	9777.5	0.000
AATGG	9969.0	8635.6	0.000
TATAG	9981.0	8642.9	0.000
ATAAA	17379.0	16108.4	0.000
AGGAA	11218.0	9839.8	0.000
GAATA	9631.0	8569.9	0.000
CACAT	10067.0	9092.2	0.000
CACAA	7755.0	6768.8	0.000
CCATG	8826.0	9081.8	0.000
TGGCC	8934.0	8246.1	0.000
GGCCA	6524.0	5987.8	0.000
TATGA	10363.0	9225.6	0.000
ATGAG	8744.0	7987.1	0.000
AAATG	17644.0	14977.6	0.000
ATGCC	7438.0	6537.3	0.000
GCCCT	6555.0	5996.8	0.000
CCTAT	7173.0	6439.7	0.000
GATAA	7616.0	6804.3	0.000
GGATA	6068.0	5449.2	0.000
ATAAG	7641.0	6929.3	0.000
AGAAG	10757.0	9296.6	0.000
GCGCC	2362.0	2428.0	0.000
GCCCG	2363.0	2443.2	0.000
ATAGA	8879.0	7809.0	0.000
TAGAT	10796.0	9540.4	0.000
CTATG	7453.0	6893.5	0.000
CCATT	15792.0	14303.0	0.000
GCATA	6203.0	5693.8	0.000
GCAAA	7579.0	7241.1	0.000
ACATT	17169.0	15129.2	0.000
ACAAA	12427.0	10762.2	0.000
CAAAT	12390.0	11686.4	0.000
CCAAA	10865.0	9560.0	0.000
GTCAA	5218.0	5210.1	0.000
AAAGG	9391.0	8177.9	0.000
GAGAA	10280.0	9312.1	0.000
GAAAT	14417.0	12500.9	0.000
GTAGA	8018.0	7508.5	0.000
ACGGG	1437.0	1413.1	0.000
CATGA	9642.0	8380.1	0.000
ATTAG	10059.0	8854.3	0.000
CAGAT	10110.0	8762.1	0.000
AGATG	11909.0	10476.1	0.000
ATGGA	9802.0	8709.6	0.000
CCCAT	8553.0	7944.5	0.000
CATAT	12541.0	11392.4	0.000
ATATG	11568.0	10742.4	0.000
TATGG	7796.0	7066.7	0.000
ATGGG	7528.0	6770.4	0.000
TGAAT	15400.0	14374.4	0.000
AAGGA	9222.0	8032.2	0.000
CAATT	12581.0	11886.4	0.000
GAACA	6957.0	6178.9	0.000
TCAAA	14281.0	12426.9	0.000
CAAAG	10209.0	9474.6	0.000
CATTC	12881.0	11303.5	0.000
ATTCC	10541.0	9171.2	0.000
GGTCC	3514.0	3523.3	0.000
TGTCC	8861.0	8043.1	0.000
CGCGC	1269.0	1441.7	0.000
GATAT	10288.0	8930.7	0.000
GGTAT	7751.0	6845.8	0.000
ATGTG	13514.0	12035.2	0.000
AAATC	10718.0	9431.3	0.000
TACAA	9315.0	8088.2	0.000
GAATC	6227.0	5492.8	0.000
GTCTA	6051.0	5828.3	0.000
AATTC	13674.0	11768.5	0.000
GAATT	14719.0	13036.9	0.000
CAGAA	11235.0	10182.5	0.000
GATGC	4899.0	4570.5	0.000
ATGAC	5707.0	5155.2	0.000
ATCAG	8263.0	7474.4	0.000
ATTCG	1407.0	1380.4	0.000
