OligoSequence	Target Occurences	Background Occurences	Enrichment(ln p, up to 2 mismatches)
TTATT	51554.0	72186.3	-450.630
TTTAT	52211.0	75236.7	-336.555
TGTTT	40085.0	57873.5	-311.178
TTGTT	34249.0	49250.2	-306.204
TTTTT	167099.0	217747.7	-290.793
GTTTT	38375.0	57410.8	-197.401
TATTT	56964.0	85764.5	-193.817
CCCCC	2945.0	3581.1	-154.712
GGGGG	3044.0	4155.7	-118.511
TTTTA	59921.0	93177.2	-112.533
TTTGT	36852.0	57113.2	-110.454
GGCGG	624.0	916.1	-61.939
GGGCG	568.0	827.8	-61.860
CCCGC	515.0	742.5	-55.831
AGTGA	9209.0	14109.3	-54.320
GGAGG	4917.0	7295.7	-50.297
ACCCG	512.0	845.3	-49.353
ACCCC	2493.0	3702.4	-49.138
AGCCG	551.0	847.9	-48.631
CCCCG	623.0	852.3	-47.836
TGACA	7723.0	11823.0	-47.548
AGCGG	452.0	798.1	-47.382
GAGGG	3880.0	5701.7	-45.788
GGTGG	4624.0	6882.9	-45.759
AACTG	8019.0	12333.9	-45.545
CAGTG	7980.0	12312.5	-42.985
ACAGT	8438.0	13054.2	-42.832
CCGCC	602.0	1011.0	-42.760
ACCTG	5075.0	7648.8	-42.099
GCCCC	1788.0	2551.1	-39.640
AGCTG	6005.0	9192.0	-38.496
GGACG	403.0	704.6	-38.005
ACCGT	892.0	1397.5	-37.618
TAGTG	6968.0	10770.0	-37.189
GGCCG	661.0	809.1	-36.618
CCCCT	3584.0	5335.2	-36.469
AACCG	611.0	979.2	-36.326
ATTTA	31461.0	50992.1	-35.479
CCTGT	6738.0	10427.2	-35.419
TACCG	646.0	939.0	-34.846
AGCAG	6055.0	9395.2	-30.937
CTACC	3131.0	4679.5	-30.794
TACTG	7971.0	12523.0	-30.757
CGCCC	577.0	1165.4	-30.416
AGTAA	10391.0	16494.6	-30.262
ACTGA	7921.0	12450.9	-30.228
GACTA	4041.0	6147.1	-30.196
GGGAG	4743.0	7280.0	-30.165
GACCG	368.0	562.5	-29.994
GTGAC	3912.0	5944.7	-29.822
TAAGC	5142.0	7933.8	-29.662
GATAA	8799.0	13907.1	-29.284
GGCAG	4256.0	6529.4	-28.966
GACCC	1873.0	2943.2	-28.839
GCGGG	528.0	872.8	-28.520
AAGTG	9294.0	14739.6	-28.436
AGTGT	8924.0	14136.9	-28.224
ATGAC	5451.0	8462.3	-28.059
ACTGT	9232.0	14646.6	-27.967
GCTGC	3503.0	5311.4	-27.945
GCGGA	431.0	635.6	-27.706
CCCTC	3465.0	5255.2	-27.588
GCGAG	473.0	732.8	-26.918
GCCGC	347.0	535.5	-26.823
AATAG	10293.0	16425.3	-26.613
CCGAC	299.0	466.9	-26.529
CCCCA	4228.0	6512.7	-25.905
GCCAG	3980.0	6111.2	-25.843
TGACC	3829.0	5873.2	-25.387
CCGAA	669.0	990.4	-24.861
GTGAT	7997.0	12693.1	-24.721
CGGGG	596.0	930.1	-24.711
CACCC	3063.0	4942.9	-24.702
TAACC	4603.0	7210.0	-24.665
ACCAG	4532.0	7143.9	-24.439
GTACT	5081.0	7927.2	-24.182
CGACC	284.0	518.1	-24.149
GGGGA	4116.0	6365.8	-23.661
GACAA	5488.0	8604.2	-23.550
CGCCG	143.0	192.7	-23.549
GGCCC	1701.0	2487.2	-23.267
GGACC	1646.0	2658.8	-23.102
ACCGC	443.0	708.6	-23.099
GGGGC	1818.0	2907.3	-23.035
CAGCG	593.0	995.0	-22.642
TCCCC	4148.0	6433.1	-22.638
CCACC	3738.0	6059.3	-22.586
GCAGG	3738.0	5772.6	-22.310
CGCGG	211.0	228.5	-22.175
CTGAC	3868.0	6305.0	-22.169
GGGTG	3608.0	5570.2	-21.788
GCCGT	578.0	813.7	-21.725
CCAGC	4007.0	6502.5	-21.552
TGGAA	10775.0	17360.5	-21.515
GCGGC	305.0	551.5	-21.212
CGAGG	677.0	948.2	-21.173
CCCGT	645.0	1005.0	-21.049
ACTAA	7400.0	11803.3	-20.767
ATAGC	5217.0	8216.0	-20.634
CCCTG	4128.0	6435.8	-20.618
GAGTA	5414.0	8544.1	-20.447
CAAGG	4378.0	6847.0	-20.364
AGTGG	6226.0	10163.0	-20.271
AGGGC	2619.0	4234.4	-20.253
AAGTA	11031.0	17832.1	-19.923
ACTAG	4308.0	6742.1	-19.838
TAGAC	4225.0	6608.4	-19.797
GACAG	4941.0	8327.4	-19.658
ACCGG	344.0	572.5	-19.494
GTAAC	4405.0	6908.4	-19.488
CGGAA	646.0	1073.5	-19.430
GGAAG	6369.0	10268.9	-19.324
CATGG	5239.0	8281.6	-19.245
GCCGA	563.0	750.4	-19.234
GACCA	3282.0	5124.0	-19.222
AGTAG	6689.0	10669.1	-19.202
AGGGG	3426.0	5374.3	-19.191
GCCGG	528.0	699.0	-19.078
GGTGA	4806.0	7575.4	-19.001
AGCCA	5764.0	9150.1	-18.933
CTGCC	4318.0	6778.2	-18.800
CCCGA	487.0	803.7	-18.715
ACGGT	694.0	1184.1	-18.688
CCAAA	8589.0	13822.4	-18.671
CCGTA	733.0	1013.8	-18.666
ACCAC	3944.0	6594.6	-18.415
GCCCG	488.0	859.6	-18.359
CGCAG	582.0	805.9	-18.267
GCTAA	5022.0	7949.7	-18.032
CAGCC	3946.0	6438.3	-17.970
GCCAA	4187.0	6579.3	-17.965
AACCC	3240.0	5369.2	-17.933
CGGTG	709.0	1063.6	-17.928
TGATT	16378.0	26803.5	-17.747
GACTG	4329.0	6820.0	-17.602
CGAGC	376.0	479.4	-17.492
CACCT	4849.0	7680.6	-17.298
CAGTA	6981.0	11200.7	-17.179
GACGA	458.0	842.3	-17.157
CCGCA	462.0	773.8	-17.029
ACCGA	592.0	870.4	-16.997
CGGAC	264.0	423.6	-16.979
AGGAC	3483.0	5672.2	-16.942
TAACG	941.0	1544.8	-16.551
AGTCA	6316.0	10118.8	-16.507
TACCC	3294.0	5176.4	-16.349
CCGGT	385.0	669.7	-16.208
CGTGA	1086.0	1854.4	-16.194
CCGCG	189.0	318.8	-16.097
CAGCA	5953.0	9528.9	-16.040
GTGAA	8388.0	13566.6	-15.997
ATAAC	7101.0	11433.1	-15.926
GGTAG	4046.0	6454.1	-15.895
GGGAA	6252.0	10199.6	-15.846
AACAG	7660.0	12363.9	-15.840
CCGAG	725.0	1021.8	-15.812
CGAAC	395.0	706.7	-15.702
GGTAA	5791.0	9682.0	-15.698
AAGGT	6673.0	10735.1	-15.546
GTTTG	12806.0	20942.5	-15.432
GAGGA	5394.0	9185.3	-15.355
AGGTG	5464.0	8738.7	-15.307
GCAGC	3026.0	4788.1	-15.259
TTACC	6325.0	10167.1	-15.184
ACGCC	548.0	822.4	-15.181
AACCA	6672.0	10743.8	-15.159
GGGCC	1662.0	2515.4	-15.097
CGGCC	551.0	901.5	-15.072
GTCAG	4420.0	7022.3	-15.021
GTACC	2536.0	4429.8	-14.991
CTGTA	8945.0	14527.8	-14.871
CACTA	4377.0	6957.4	-14.749
TACCT	6671.0	10756.3	-14.605
AGCCC	2547.0	4275.7	-14.589
GCTGA	5102.0	8161.6	-14.444
GTAGG	3802.0	6324.6	-14.436
AGGCC	2794.0	4366.5	-14.280
ATCAC	5212.0	8350.8	-14.195
GCTAG	3128.0	4914.7	-14.152
AGCTA	5469.0	8776.2	-14.148
TTGAC	6548.0	10565.5	-14.118
GGAAA	11111.0	18164.2	-14.117
CCCAC	3390.0	5517.0	-14.113
AACGG	578.0	1011.4	-14.059
ACCCT	3913.0	6210.9	-13.938
TAACT	9477.0	15454.7	-13.682
TGCCG	672.0	956.7	-13.577
CCGCT	461.0	772.8	-13.518
CCGTC	533.0	878.9	-13.469
GTCGG	375.0	500.0	-13.391
CGCTA	461.0	631.0	-13.328
ACGTG	1318.0	2269.5	-13.274
GTAAA	11086.0	18156.4	-13.254
GCTGT	6112.0	9866.0	-13.229
AGCAC	4081.0	6617.3	-13.204
GAACA	6648.0	10759.9	-13.176
ACTGC	4628.0	7730.6	-13.165
TGTAA	13495.0	22192.4	-13.068
AACAC	5756.0	9281.2	-12.997
TGATA	10570.0	17306.1	-12.930
GCCCT	2870.0	4518.9	-12.751
CTAAC	3729.0	5935.9	-12.575
CGTAA	1022.0	1641.8	-12.521
ACAGC	4125.0	6621.3	-12.505
CCGTG	849.0	1258.4	-12.468
CTGAA	9446.0	15450.5	-12.333
GCACG	570.0	1059.1	-12.218
CACCA	4607.0	8285.1	-12.168
GGCCA	3228.0	5287.4	-12.166
AGTAC	4674.0	7510.9	-12.115
TACTT	14075.0	23207.3	-12.108
AAGCC	4040.0	6460.1	-12.086
TTACT	13815.0	22773.2	-12.085
GGGCA	3236.0	5323.4	-11.956
AGCGA	711.0	1272.8	-11.908
GCGAA	430.0	801.3	-11.907
CTGAT	7686.0	12531.2	-11.839
ACCCA	4543.0	7691.1	-11.565
ACACC	2962.0	5026.6	-11.418
GGACA	3962.0	6499.6	-11.404
GTAAG	5584.0	9120.1	-11.402
AGTCG	555.0	792.4	-11.291
CGTAG	747.0	1094.0	-11.279
TTTTG	39922.0	66659.7	-11.140
ATAGG	5635.0	9134.8	-11.127
CGGTA	551.0	863.2	-11.027
CTGCT	6610.0	10764.6	-10.949
ACGAC	370.0	656.8	-10.843
TTACG	1255.0	1915.6	-10.710
GAATG	7795.0	12752.3	-10.704
GTAAT	9620.0	15806.9	-10.684
GATGA	6804.0	11099.5	-10.589
CACAC	5109.0	8277.1	-10.455
ATCCG	560.0	807.5	-10.421
GCAGT	5846.0	9506.7	-10.407
CCTGA	5294.0	8948.1	-10.305
GCCCA	3299.0	6222.3	-10.280
CCCAG	5455.0	9573.1	-10.268
TCCGA	554.0	799.2	-10.249
TAGGG	3889.0	6759.7	-10.213
ACTCA	5389.0	9288.1	-10.177
TTAAT	23181.0	40750.5	-10.177
AATGG	7990.0	13527.8	-10.177
ATGGC	4227.0	7226.4	-10.177
AGCAA	7028.0	12203.3	-10.177
TAGCC	3499.0	5815.5	-10.177
CAGAG	6166.0	10804.6	-10.177
GGCAC	2300.0	4102.2	-10.177
GCCTG	4185.0	7284.3	-10.177
CTCAC	4328.0	7809.9	-10.177
CCACA	4933.0	8307.3	-10.177
CACTG	6293.0	11068.0	-10.177
CCTAC	2767.0	4685.6	-10.177
CTCCC	4508.0	7441.1	-10.177
CTTTT	35165.0	61780.0	-10.177
TTATG	13502.0	23360.9	-10.177
CTTAT	10512.0	18072.8	-10.177
TTATA	20118.0	36358.5	-10.177
AAATT	25363.0	46862.6	-10.177
AATTT	31898.0	60288.5	-10.177
ACAGA	8544.0	14650.2	-10.177
AGAGC	3859.0	6581.1	-10.177
TAATT	23802.0	42141.7	-10.177
TTTCT	35755.0	64951.0	-10.177
TAAGG	5932.0	9996.3	-10.177
AAGGA	8680.0	14836.5	-10.177
GCAAA	7053.0	12487.0	-10.177
AAACC	6054.0	10378.8	-10.177
GAACG	597.0	958.2	-10.177
AACGC	481.0	794.2	-10.177
ACGCA	614.0	1029.2	-10.177
ATCAG	6438.0	10755.0	-10.177
TTTAA	36981.0	65732.7	-10.177
CAGGC	4036.0	7661.9	-10.177
TCTTT	30445.0	55815.6	-10.177
ATTTT	61401.0	103980.0	-10.177
TTTTC	35007.0	63136.8	-10.177
TTCTT	30029.0	53422.1	-10.177
CGAAA	906.0	1517.9	-10.177
GAAAG	9055.0	15579.5	-10.177
AAGCG	720.0	1316.2	-10.177
GCGGT	544.0	817.7	-10.177
TGGGA	7312.0	12514.6	-10.177
CAGGG	3907.0	6675.9	-10.177
GTGTT	10520.0	18192.3	-10.177
TGTTG	11797.0	21995.2	-10.177
GAGTG	4915.0	8659.7	-10.177
CCCTA	3020.0	5171.7	-10.177
CAACC	3063.0	5286.8	-10.177
AACCT	6032.0	10324.1	-10.177
ACCTC	4068.0	6854.2	-10.177
CCTCC	4746.0	8135.0	-10.177
TCAGG	5460.0	9612.2	-10.177
GGCTG	4440.0	8446.9	-10.177
GCTGG	4468.0	9028.3	-10.177
GACAC	2690.0	4806.4	-10.177
ACAGG	5069.0	9238.8	-10.177
TATTA	19291.0	34702.5	-10.177
ATTAT	21906.0	38271.7	-10.177
CAAAC	5643.0	9610.5	-10.177
AACGT	1468.0	2609.1	-10.177
ACGTA	1235.0	2272.9	-10.177
GAAGC	3838.0	6841.8	-10.177
GGAGC	2308.0	4024.7	-10.177
AGGGA	5802.0	9563.1	-10.177
GACGT	705.0	1188.9	-10.177
TTAGT	11315.0	20538.6	-10.177
TAGTT	12114.0	22786.4	-10.177
GTTGT	8871.0	15734.9	-10.177
GTTTA	13653.0	23612.0	-10.177
AGTTA	9739.0	16790.2	-10.177
GTTAT	10535.0	17898.8	-10.177
TTATC	9972.0	17556.4	-10.177
TATTG	12645.0	23473.9	-10.177
AGGAG	5741.0	9771.4	-10.177
AGTGC	4825.0	8011.9	-10.177
TGCCC	3630.0	6250.5	-10.177
TAGCG	586.0	914.6	-10.177
AGCGT	812.0	1381.4	-10.177
TTGGT	10459.0	19000.1	-10.177
GTATT	12852.0	23859.7	-10.177
TTGAT	13945.0	24792.5	-10.177
CCTAA	5188.0	8888.4	-10.177
GTTAG	5118.0	8754.4	-10.177
AAAAA	37311.0	67747.3	-10.177
CAAGC	3243.0	5458.6	-10.177
TGGTT	11067.0	19303.7	-10.177
GGTTT	12357.0	21301.1	-10.177
ATATT	24878.0	46468.7	-10.177
ACTCG	552.0	929.4	-10.177
GGGTA	3605.0	6136.0	-10.177
TGCTT	12362.0	21521.1	-10.177
TATAT	22959.0	45095.7	-10.177
AGGTA	6512.0	11072.3	-10.177
GGTAC	2611.0	4646.9	-10.177
GGAAC	3218.0	5226.8	-10.177
GAACT	5736.0	9811.8	-10.177
CTAGC	2740.0	4508.2	-10.177
GAGCA	4192.0	7130.3	-10.177
ACAAC	4525.0	7739.5	-10.177
GATGG	4478.0	8747.3	-10.177
ACGGA	745.0	1533.5	-10.177
CGGAG	641.0	1241.5	-10.177
ATCCC	3631.0	6178.8	-10.177
AAGGG	4784.0	8062.7	-10.177
AGGGT	4603.0	8012.9	-10.177
GCAAG	3798.0	6227.6	-10.177
GCACA	4294.0	7339.5	-10.177
TGCGG	526.0	926.7	-10.177
GAAGG	5361.0	8835.8	-10.177
GCAGA	5095.0	8461.6	-10.177
CGTAC	487.0	796.8	-10.177
TAGGC	3260.0	5494.0	-10.177
TGGAC	3523.0	5929.4	-10.177
CGAAG	688.0	1139.0	-10.177
CAGGT	5291.0	9259.3	-10.177
GCTAC	2513.0	4181.1	-10.177
CGACA	477.0	791.0	-10.177
ACGAG	571.0	951.0	-10.177
ATCGG	449.0	761.4	-10.177
GCGTA	553.0	876.8	-10.177
TACGG	598.0	951.2	-10.177
ATCGC	456.0	777.6	-10.177
TGACG	665.0	1070.2	-10.177
GTACG	528.0	824.8	-10.177
TCGGA	508.0	824.1	-10.177
TACGC	423.0	614.7	-10.177
TAATC	7581.0	12418.5	-10.057
ATACT	9519.0	15666.2	-9.996
TCCGT	1034.0	1567.7	-9.995
TCAGT	9401.0	15468.9	-9.975
CTAAG	5116.0	8304.9	-9.947
TAAAC	9142.0	15040.7	-9.827
GTGGG	4263.0	6888.3	-9.810
TGTAC	6217.0	10149.8	-9.736
GTGGA	5046.0	8195.3	-9.723
ACCAA	5829.0	9500.1	-9.721
CCCAA	4958.0	8048.1	-9.669
CATAG	5741.0	9356.2	-9.661
AAGGC	4103.0	6626.4	-9.649
ATACC	4766.0	7732.1	-9.559
TAGCA	6568.0	10743.6	-9.491
GACGG	491.0	1191.4	-9.471
CCAAC	3209.0	5147.7	-9.390
CATAC	4849.0	7878.4	-9.288
TACTC	4581.0	7432.7	-9.246
ACTTG	7385.0	12122.7	-9.198
CAGCT	5674.0	9263.9	-9.053
CCTGC	3628.0	5853.7	-9.029
GCGCA	410.0	583.2	-9.012
GAGGC	3264.0	5248.8	-9.004
CAGTC	3942.0	6377.5	-8.966
CAGAC	3749.0	6056.8	-8.935
TAGGA	6764.0	11095.5	-8.792
CCAAG	4577.0	7440.0	-8.785
AAATG	18229.0	30389.3	-8.627
ACTAC	3850.0	6234.5	-8.585
GAATA	10293.0	17032.0	-8.510
GACAT	6335.0	10390.3	-8.462
GATAC	4186.0	6802.5	-8.337
TGAAC	6248.0	10248.9	-8.322
CGTGG	917.0	1399.6	-8.316
AATGA	12970.0	21550.1	-8.297
GCACC	2029.0	3551.3	-8.240
GCCAC	2985.0	5137.5	-8.240
CGGCA	378.0	731.2	-8.240
CACGG	587.0	1010.3	-8.240
CGGGA	548.0	1047.5	-8.240
TCCGC	407.0	892.4	-8.240
AGGCG	787.0	1305.1	-8.240
GAGCG	451.0	806.0	-8.240
GTCCG	319.0	499.6	-8.240
TGACT	7606.0	12533.8	-8.189
GCACT	3868.0	6277.7	-8.144
TGTTA	14279.0	23763.0	-8.141
ACTGG	4859.0	7936.7	-8.016
GGCGA	421.0	743.2	-7.973
CCTCT	5958.0	9782.5	-7.848
GTAGA	6237.0	10248.5	-7.840
CCGAT	498.0	733.1	-7.780
CCAGA	5384.0	8823.1	-7.743
GAGGT	4709.0	7695.1	-7.682
TTCGT	1708.0	2704.6	-7.619
CTCTC	5434.0	8912.3	-7.599
TGTGA	10551.0	17516.3	-7.510
TCGCA	505.0	747.2	-7.486
CACAG	5763.0	9468.9	-7.445
ATCTG	7786.0	12869.7	-7.368
GGATG	4365.0	7133.6	-7.273
GGTCG	331.0	542.8	-7.194
CGGGC	482.0	714.4	-7.108
GAACC	2820.0	4559.1	-7.094
AAAGT	14271.0	23817.9	-7.083
GGTCA	3409.0	5541.1	-7.073
AATAC	9001.0	14930.7	-7.038
GATAG	4819.0	7902.8	-7.007
ACAAG	5561.0	9152.0	-6.892
CACCG	653.0	1058.0	-6.877
TACCA	6142.0	10128.3	-6.857
TAATG	11567.0	19276.3	-6.699
TACGA	746.0	1143.3	-6.656
CTAAA	9553.0	15881.4	-6.655
AGACC	3074.0	4997.2	-6.553
TTTCG	1797.0	2872.6	-6.548
AGGCA	5707.0	9413.7	-6.470
ATGGA	8019.0	13312.3	-6.330
TAACA	9652.0	16066.7	-6.293
TGCGC	422.0	628.0	-6.273
CTGCG	621.0	948.1	-6.172
GTAGC	3340.0	5453.2	-6.167
CGCCA	483.0	905.9	-6.157
CTGAG	6300.0	10429.9	-6.038
GCATG	4843.0	7981.2	-5.971
ACGGC	338.0	588.0	-5.786
GTTAC	5162.0	8528.1	-5.735
TTCCG	922.0	1445.8	-5.709
CCATC	4066.0	6692.0	-5.562
ATGAT	11014.0	18416.9	-5.508
TGCCA	6188.0	10264.2	-5.506
AGCGC	368.0	591.7	-5.446
AATGC	6765.0	11241.7	-5.414
GGCAA	4202.0	6932.6	-5.247
TCAGC	5007.0	8288.2	-5.218
CCGTT	1039.0	1647.7	-5.178
AGTTG	7787.0	12980.6	-5.173
TTTAC	15107.0	25377.2	-5.077
TGGCA	6030.0	10019.4	-5.057
CGTCG	98.0	162.1	-5.031
CTAGT	5045.0	8363.0	-4.978
GACCT	3306.0	5435.3	-4.967
AATCG	856.0	1350.8	-4.952
TCACC	4430.0	7328.5	-4.935
ACACA	8467.0	14146.5	-4.890
CGGCG	140.0	194.4	-4.818
GTGAG	5362.0	8904.7	-4.803
GAAGT	7742.0	12927.7	-4.748
TGAGG	6363.0	10600.4	-4.682
GCGCC	367.0	788.5	-4.658
TTAAG	12347.0	20735.6	-4.634
CCTCA	5257.0	8737.7	-4.590
GTCCC	2148.0	3510.3	-4.491
CGCAC	375.0	607.1	-4.405
ACGCT	594.0	928.4	-4.398
TGGGG	5224.0	8696.7	-4.291
TCGTA	972.0	1554.1	-4.288
CAGAT	7658.0	12814.2	-4.266
CGTTT	2553.0	4196.0	-4.253
CAGAA	9767.0	16391.5	-4.214
CATGC	4321.0	7175.9	-4.214
CCCTT	5832.0	9728.4	-4.181
AAGAT	10607.0	17820.0	-4.180
AGCAT	7656.0	12820.9	-4.132
AGGAA	10449.0	17554.1	-4.129
AACTA	7365.0	12328.4	-4.120
TCACG	1003.0	1610.5	-4.033
TAGTC	4298.0	7152.1	-3.897
GGGAC	2265.0	3725.1	-3.865
TAGCT	6785.0	11366.0	-3.804
GATCA	4509.0	7512.4	-3.800
GAAAT	14679.0	24768.4	-3.770
AAGCA	8107.0	13608.3	-3.754
TTCGG	789.0	1265.4	-3.596
CCGGA	418.0	652.6	-3.595
ACCTA	4611.0	7697.0	-3.592
CAAGT	6465.0	10838.0	-3.557
TCGTG	963.0	1555.8	-3.519
ATAGT	9725.0	16379.6	-3.433
AGAAC	5905.0	9897.0	-3.402
TCCGG	440.0	692.7	-3.398
ATGCC	4385.0	7323.3	-3.372
CCAGT	5532.0	9267.1	-3.364
AGACT	6345.0	10646.3	-3.360
ATAGA	9388.0	15812.3	-3.356
GTTCG	572.0	910.8	-3.311
TAAAG	11976.0	20223.5	-3.227
GGCGC	409.0	847.9	-3.193
GGACT	3524.0	5877.1	-3.164
CACGC	681.0	1096.7	-3.080
AGGTC	3103.0	5170.1	-3.070
GTGCT	5192.0	8713.4	-2.989
TCTGA	8984.0	15157.6	-2.975
ACTTA	9219.0	15559.1	-2.939
TGGGC	3555.0	5942.9	-2.929
CAGGA	5749.0	9666.9	-2.867
TGCTG	8150.0	13748.8	-2.857
GTCTG	4913.0	8250.5	-2.813
TTGGG	7685.0	12963.8	-2.789
GGAAT	7408.0	12496.1	-2.729
CTTAA	10582.0	17908.8	-2.637
TCGGG	539.0	868.1	-2.625
TCGGT	700.0	1136.8	-2.614
CGTGT	1318.0	2176.7	-2.579
CAGTT	10313.0	17460.9	-2.544
TCATG	7668.0	12955.1	-2.533
CGGAT	551.0	890.2	-2.526
CGAGA	732.0	1195.5	-2.427
TTAAC	9447.0	15999.7	-2.379
ACCTT	7094.0	11991.2	-2.369
GCTTC	4186.0	7045.2	-2.351
ATCGT	1029.0	1697.9	-2.315
TCGAG	660.0	1078.0	-2.301
AGAAT	12757.0	21653.3	-2.293
GTGTA	7144.0	12085.2	-2.284
ACAAA	13063.0	22188.6	-2.187
TAAGT	10514.0	17840.1	-2.178
AATTG	11634.0	19755.2	-2.155
CTGTT	12802.0	21759.8	-2.064
TCAGA	8325.0	14121.7	-2.044
CTGGT	5269.0	8909.6	-2.042
AAAGG	8581.0	14564.1	-1.974
ACATG	7846.0	13313.5	-1.936
ACGCG	98.0	167.1	-1.927
TGCTA	6775.0	11486.1	-1.927
AAAGC	7250.0	12298.7	-1.924
AAGCT	6604.0	11202.7	-1.869
ACACT	5873.0	9956.2	-1.839
CATCC	3658.0	6183.0	-1.826
AGAGG	5295.0	8974.6	-1.805
GATTG	5833.0	9892.8	-1.798
GTCGA	386.0	630.5	-1.787
CGCAT	538.0	886.9	-1.752
GATTT	18121.0	30895.6	-1.751
TCGTT	1625.0	2727.9	-1.745
CAAAT	12401.0	21121.0	-1.718
CAAAG	8033.0	13659.8	-1.702
GTGGC	3687.0	6242.2	-1.677
GACGC	262.0	427.4	-1.618
GTACA	5836.0	9916.4	-1.598
TACAG	7853.0	13364.6	-1.592
TAGAA	12262.0	20904.7	-1.578
GATCG	475.0	786.5	-1.541
GCGCG	215.0	350.8	-1.528
CGCGT	125.0	199.1	-1.526
GTGCC	2908.0	4926.2	-1.491
TAAGA	9775.0	16663.5	-1.485
GGATC	2506.0	4243.5	-1.438
CGCCT	802.0	1344.1	-1.405
CTCAG	5862.0	9982.1	-1.386
TGTGT	15535.0	29360.2	-1.364
CCATA	5147.0	8762.1	-1.363
TTTGA	20451.0	38290.6	-1.312
AAAAT	30765.0	54798.8	-1.312
AGATA	9885.0	16877.5	-1.312
TCGCG	107.0	172.5	-1.311
AATCA	9182.0	15676.1	-1.282
CTAGA	5398.0	9200.7	-1.277
CTGGA	6123.0	11573.1	-1.259
CGCAA	495.0	828.2	-1.257
CCAGG	4743.0	8673.0	-1.254
ATCCT	6418.0	10952.7	-1.228
TCCTC	5417.0	9239.0	-1.218
AGAGT	7076.0	12724.8	-1.206
AGGAT	6918.0	11812.6	-1.203
GCTTG	4383.0	7474.3	-1.182
ACGGG	478.0	861.1	-1.168
TGTAT	15573.0	29133.1	-1.154
CAACA	6031.0	10368.0	-1.147
TTGTA	14405.0	26644.4	-1.132
TCGTC	587.0	991.0	-1.130
CGACG	78.0	126.9	-1.129
CATCA	6006.0	10259.6	-1.123
GCATA	5568.0	9509.2	-1.119
CGCGC	168.0	322.1	-1.106
CCTCG	663.0	1119.3	-1.106
GACTC	2707.0	4613.4	-1.101
CATCG	551.0	995.7	-1.097
AAACA	14569.0	24942.8	-1.091
ACTCC	3364.0	5738.8	-1.082
CCGGC	463.0	822.5	-1.077
CACAA	6119.0	10727.2	-1.067
CGTTC	734.0	1242.8	-1.066
GATTA	8461.0	14475.2	-1.057
GTGGT	5844.0	10310.8	-1.036
AACAT	12339.0	21129.7	-1.035
GGAGA	5490.0	9689.9	-1.032
TTTAG	15861.0	29041.6	-1.026
GGATA	5320.0	9405.2	-1.023
TCGAC	346.0	616.7	-0.999
GTCGT	616.0	1044.8	-0.994
CACTC	3329.0	6260.1	-0.994
CGGTC	317.0	534.3	-0.989
TGGCC	3656.0	6249.5	-0.987
TGCGT	947.0	1610.7	-0.987
TTAAA	28613.0	52632.4	-0.984
CGCTG	598.0	1039.7	-0.971
AGACA	7281.0	13032.1	-0.964
GTTGG	5152.0	8816.9	-0.962
CTGTG	8051.0	13791.0	-0.949
TTGGA	9576.0	16408.2	-0.942
CCCGG	569.0	1253.6	-0.937
ACGTT	1799.0	3073.5	-0.903
GGTTG	4537.0	8247.1	-0.877
GAAGA	8217.0	14226.1	-0.864
GGCTC	2854.0	4887.2	-0.846
ATTGT	13814.0	24770.4	-0.830
GCTCG	352.0	600.5	-0.826
GATGT	6963.0	11945.4	-0.810
CCTAG	3485.0	6158.1	-0.808
ATGGG	4759.0	8400.7	-0.808
TATGT	14446.0	27017.7	-0.806
CGTCT	929.0	1589.2	-0.805
GGGCT	3005.0	5152.5	-0.801
ATGCG	576.0	985.5	-0.793
AATCC	5116.0	8778.5	-0.790
CTTTA	15116.0	27678.4	-0.782
TGAAA	17035.0	29252.5	-0.775
CATGA	6859.0	11811.5	-0.769
CAAGA	6286.0	10791.8	-0.763
TGGTA	7402.0	13005.1	-0.742
TGATG	8577.0	15270.3	-0.738
TGATC	5166.0	9116.0	-0.733
ATGCA	7095.0	12187.5	-0.731
ATGTT	16932.0	29977.8	-0.724
TTTCA	22705.0	40861.4	-0.723
CAACT	5272.0	9056.1	-0.723
CTTGT	8601.0	15522.0	-0.707
ATAAT	18149.0	31189.1	-0.706
CGACT	452.0	794.7	-0.693
AGATG	7917.0	13927.3	-0.686
TATGG	6499.0	11171.5	-0.682
AAGAC	5526.0	9499.1	-0.680
TTCAG	11494.0	19764.2	-0.656
GTCAC	3396.0	5841.8	-0.653
TCATT	17345.0	30775.9	-0.650
AAACT	11969.0	20582.8	-0.647
CGTTG	960.0	1652.6	-0.639
TTGTG	11763.0	21971.9	-0.629
GCCAT	4537.0	7809.8	-0.622
GCAAC	2770.0	5189.1	-0.610
TTGCT	12032.0	22033.1	-0.608
CGATA	608.0	1049.1	-0.605
AAGAG	7564.0	13602.9	-0.603
TGTTC	8391.0	15528.5	-0.597
ATCGA	676.0	1167.9	-0.595
GAGCT	3841.0	6617.1	-0.589
GCTTA	5299.0	9244.1	-0.578
GGCAT	4577.0	7885.5	-0.575
ATAAG	8281.0	14258.5	-0.574
CGTGC	664.0	1148.3	-0.568
TCTTA	11933.0	20544.1	-0.567
TCAAG	6448.0	11109.4	-0.558
TTTGG	15970.0	27619.1	-0.556
AGAAG	8886.0	15342.0	-0.555
GCGTC	352.0	611.8	-0.555
ATTTG	20224.0	35212.6	-0.555
GAGAA	8931.0	15557.9	-0.554
AGCCT	5279.0	9097.4	-0.550
CCGGG	614.0	1063.4	-0.544
GGTTA	5271.0	9314.2	-0.538
GCTTT	12444.0	22380.7	-0.538
ATGCT	7706.0	13280.1	-0.534
GTTAA	9487.0	16391.0	-0.534
AGTTT	19420.0	36533.3	-0.519
TTCAT	17305.0	30436.2	-0.482
TATTC	11157.0	20099.1	-0.481
ACACG	809.0	1499.0	-0.468
CTATT	10739.0	21548.8	-0.458
TAGTA	8580.0	14849.9	-0.443
TGAAG	9183.0	16098.0	-0.442
TCTGG	6307.0	10893.0	-0.440
CTACT	5438.0	9395.5	-0.439
CGTTA	994.0	1728.9	-0.437
CATAA	8942.0	15435.6	-0.435
AAGTC	5305.0	9593.3	-0.430
TGAGA	9785.0	18527.8	-0.425
CTCGT	785.0	1368.2	-0.425
CTTCC	6239.0	10779.4	-0.425
ATACG	1033.0	1798.3	-0.413
ATTGA	11134.0	19412.8	-0.405
AACGA	833.0	1533.0	-0.405
TACTA	7221.0	12596.5	-0.390
TTAGG	7261.0	12814.9	-0.386
GTAGT	5878.0	10262.7	-0.384
CGTCA	606.0	1071.5	-0.380
CTAGG	3730.0	6467.7	-0.379
TGTCA	7951.0	14937.1	-0.378
ATGAG	7112.0	12298.2	-0.373
CACGA	565.0	1161.8	-0.370
GCGTG	852.0	1489.6	-0.366
TGCAC	3998.0	6928.0	-0.364
TAAAA	27066.0	49321.5	-0.363
CCTTC	5366.0	9291.5	-0.357
GAAAA	17441.0	30831.0	-0.354
TCATC	5910.0	10230.7	-0.351
GCGAC	275.0	486.5	-0.350
TCGAA	813.0	1424.5	-0.346
TATCG	725.0	1271.4	-0.344
CAAAA	14407.0	24892.6	-0.338
GTCAA	4397.0	7852.6	-0.336
GATGC	3207.0	5568.2	-0.332
AAACG	1288.0	2423.2	-0.332
TGAGC	4595.0	8062.2	-0.328
GGGGT	3303.0	5736.5	-0.326
AATGT	15394.0	26603.2	-0.315
ACCAT	6374.0	11044.6	-0.311
GAGCC	2647.0	4606.4	-0.307
TCCCT	6096.0	10566.0	-0.303
TATCT	11008.0	19919.1	-0.300
GGGAT	4491.0	8275.9	-0.299
TCCCG	602.0	1254.2	-0.290
ATTAC	8191.0	14735.9	-0.285
ACATC	4839.0	8401.3	-0.284
AGTCC	2986.0	5196.3	-0.283
TTAGC	6134.0	10643.7	-0.268
CGGCT	544.0	1220.2	-0.263
CTAAT	8357.0	14578.7	-0.255
CTGGC	3566.0	6209.9	-0.255
AATTA	17639.0	31850.0	-0.252
CCTGG	4771.0	8429.5	-0.250
CTACG	457.0	860.4	-0.247
GGTGC	2313.0	4040.2	-0.246
CATTT	24536.0	46201.2	-0.241
CTCAA	6150.0	10684.0	-0.236
AAATC	9789.0	16973.4	-0.236
ACATA	10815.0	18745.1	-0.234
GCTCA	4251.0	7401.2	-0.228
GCGTT	773.0	1368.7	-0.227
ATTAA	16534.0	30087.7	-0.226
TGCAG	6819.0	11847.8	-0.221
AATAA	20394.0	35866.2	-0.220
ACGAA	845.0	1517.9	-0.220
AGCTC	3552.0	6620.6	-0.213
GAAAC	6385.0	11099.7	-0.211
AAAAG	15489.0	27806.2	-0.209
AAAGA	14460.0	26607.8	-0.209
CGATG	597.0	1063.1	-0.203
GAGAG	5370.0	9348.3	-0.202
TCAAC	4398.0	7669.3	-0.195
AGAAA	18450.0	33382.3	-0.191
ATCAT	9399.0	16505.4	-0.188
TAATA	16328.0	28482.2	-0.188
CTTCG	735.0	1308.8	-0.188
CGAAT	772.0	1372.8	-0.187
ATGGT	7210.0	12792.7	-0.186
GGTCC	1534.0	2704.8	-0.174
GTTTC	9612.0	17969.8	-0.170
AGTAT	10222.0	17759.3	-0.168
CGTAT	1239.0	2192.0	-0.167
CTTAC	5160.0	9001.0	-0.165
GCGCT	373.0	674.7	-0.163
AAGAA	15005.0	27399.0	-0.161
GTTCT	8018.0	14844.5	-0.157
ATTTC	18489.0	33078.8	-0.156
CGAGT	643.0	1153.5	-0.153
CTCAT	6948.0	12105.5	-0.149
TATAG	9100.0	15835.6	-0.144
AACTC	4998.0	8850.2	-0.143
GGCGT	643.0	1155.4	-0.141
CAACG	523.0	1014.4	-0.139
AAAAC	12677.0	22531.4	-0.138
TTGTC	7774.0	15302.6	-0.138
AGATC	4103.0	7182.5	-0.134
ATGAA	12774.0	22635.2	-0.130
TACGT	1514.0	2681.6	-0.130
TCCTG	7033.0	12267.9	-0.126
GGCTA	3194.0	5839.8	-0.126
TTGCG	707.0	1269.1	-0.125
AGACG	770.0	1751.9	-0.125
CGGGT	530.0	957.3	-0.125
CTGGG	5413.0	9583.4	-0.125
TCTGT	12934.0	24350.5	-0.120
AACAA	11119.0	19387.1	-0.119
CGTCC	379.0	710.0	-0.110
GTCAT	6056.0	10930.8	-0.109
ATTAG	8643.0	15438.0	-0.107
ATGTA	12631.0	22272.5	-0.105
GGCCT	3064.0	5461.9	-0.097
TTCTA	13217.0	24953.7	-0.093
CTATC	3730.0	6556.6	-0.093
AAATA	26566.0	46128.8	-0.092
ACTTT	18535.0	33221.4	-0.092
AAGTT	13356.0	23253.1	-0.092
ATTGG	6619.0	11790.5	-0.089
GCTCC	2100.0	3721.5	-0.086
ACGAT	807.0	1545.8	-0.079
TTCTG	14154.0	26236.4	-0.078
CGGTT	747.0	1354.9	-0.075
ATTCT	14118.0	26049.8	-0.072
ATCTT	12650.0	23486.5	-0.072
TCACA	6998.0	12409.5	-0.070
TGTCT	9922.0	19133.1	-0.069
GTCTT	8549.0	17058.9	-0.069
TAAAT	22072.0	39669.5	-0.064
ATAAA	21001.0	37627.8	-0.063
CTGCA	5822.0	10584.7	-0.062
TCATA	8802.0	16068.0	-0.062
TAGGT	6483.0	11371.1	-0.061
GCCTC	3667.0	6473.7	-0.059
TATAA	16429.0	29298.6	-0.058
CTGTC	5204.0	9153.0	-0.056
GTCCA	2948.0	5222.6	-0.055
CTTGA	7664.0	13430.8	-0.055
GTATG	6332.0	11115.6	-0.054
TGAAT	13895.0	24395.6	-0.054
AGGTT	8058.0	14115.4	-0.054
TCCCA	6370.0	11184.2	-0.053
ATTCA	11373.0	20868.5	-0.052
ATATA	19849.0	38715.2	-0.051
TATCC	4985.0	8776.7	-0.051
AATAT	21056.0	38144.4	-0.051
CTTTG	12903.0	23660.9	-0.049
GAGAC	3976.0	8301.3	-0.048
TCACT	7774.0	14470.6	-0.044
TTTGC	12509.0	23400.9	-0.043
TAGAG	6244.0	10978.0	-0.043
CTTCA	7982.0	14004.2	-0.041
CCTTA	5733.0	10097.6	-0.038
TCTAT	9256.0	19076.1	-0.038
CATCT	7558.0	13274.7	-0.037
CCACG	667.0	1284.0	-0.037
CTCGC	496.0	976.0	-0.034
TATGA	9695.0	17296.2	-0.032
TACAC	4596.0	8272.4	-0.032
TGTCC	4284.0	7581.6	-0.031
GTGCA	4716.0	9187.7	-0.029
GTTGA	6936.0	12311.0	-0.029
GGCTT	5331.0	9413.0	-0.029
GTGTG	8756.0	16634.3	-0.029
TCGGC	513.0	1076.6	-0.028
TGTCG	749.0	1378.5	-0.028
TCTAA	9112.0	16010.7	-0.028
CTCTA	5320.0	9397.9	-0.027
GGAGT	4950.0	9464.0	-0.027
AGCTT	7880.0	13859.4	-0.026
TTCGA	920.0	1685.0	-0.026
CTTAG	5930.0	10480.9	-0.025
CACGT	1202.0	2186.5	-0.024
TTGAA	15768.0	28361.2	-0.023
CACAT	7689.0	13768.5	-0.023
TATCA	8667.0	15242.1	-0.022
CTACA	4958.0	8777.8	-0.022
AGGCT	5334.0	9937.5	-0.021
CGCGA	104.0	253.0	-0.021
TGCAA	6874.0	13409.3	-0.020
CAATA	7558.0	13688.1	-0.020
TGGCG	609.0	1329.7	-0.019
TGCGA	542.0	1018.9	-0.017
CTCCT	6036.0	10673.9	-0.017
ACAAT	8538.0	15694.2	-0.015
TCGCC	490.0	992.4	-0.014
TGGGT	6041.0	10693.8	-0.014
TGGCT	6960.0	12299.3	-0.014
TTCGC	584.0	1100.0	-0.014
GATCC	2383.0	4287.4	-0.013
ACTCT	6319.0	11183.5	-0.013
GACTT	6843.0	12259.1	-0.012
GCATC	2957.0	5388.3	-0.011
CAATG	5525.0	10471.5	-0.011
CGCTT	712.0	1331.7	-0.011
TCTAC	4839.0	8604.3	-0.011
TTGGC	5766.0	10230.4	-0.010
GTGCG	520.0	989.2	-0.010
TGAGT	7986.0	14109.3	-0.010
AGAGA	9095.0	16467.5	-0.009
TGGAT	7879.0	13926.7	-0.009
TCAAA	11806.0	20784.1	-0.008
AACTT	12071.0	21375.0	-0.008
GTCGC	358.0	698.2	-0.008
GAATC	4275.0	7707.9	-0.007
GGTGT	4632.0	8792.9	-0.007
ATTCG	893.0	1665.7	-0.007
GAGAT	6798.0	12623.3	-0.007
GCCTA	2977.0	5374.1	-0.006
TCTTG	9447.0	18527.8	-0.005
TTACA	12231.0	22794.6	-0.005
TATAC	7913.0	14619.0	-0.005
CCACT	4681.0	8413.9	-0.005
ATGTG	10156.0	18300.0	-0.005
TCCTT	11586.0	21505.8	-0.004
GAATT	12460.0	22474.8	-0.004
TGGTG	6620.0	11943.2	-0.004
CTTCT	10276.0	19335.7	-0.004
TTCCC	6920.0	12307.8	-0.003
AGATT	12289.0	21695.2	-0.003
TTCCT	13380.0	24706.7	-0.003
ATCTA	6935.0	12702.4	-0.003
TGTGG	7084.0	13214.6	-0.002
CATTA	9901.0	17541.4	-0.002
ACTAT	7455.0	13258.5	-0.002
CCTTT	13575.0	24109.6	-0.002
ATATG	11237.0	21088.6	-0.002
TATGC	5457.0	9770.4	-0.002
CGCTC	449.0	974.1	-0.002
TTCAC	7303.0	13865.9	-0.001
TGGAG	6566.0	12237.4	-0.001
GCCTT	5569.0	9976.7	-0.001
CTCCG	619.0	1197.8	-0.001
ACATT	15165.0	27654.1	-0.001
ATCTC	6013.0	10767.6	-0.001
TTGAG	9963.0	19641.4	-0.001
GATAT	8602.0	16016.6	-0.001
TCCAG	5707.0	10420.5	-0.001
CTCGA	544.0	1064.9	-0.001
TTTCC	14694.0	27996.4	-0.001
ATACA	10638.0	19057.3	-0.001
CTTTC	11829.0	22525.0	-0.001
ATCAA	7305.0	13074.7	-0.001
TCTAG	5981.0	10726.0	-0.001
TTAGA	10880.0	19711.4	-0.001
GGATT	7644.0	14136.0	-0.001
ACGTC	536.0	1053.7	-0.001
CCCAT	4640.0	8444.9	-0.001
ACTTC	6023.0	10806.9	-0.001
TGTAG	7800.0	14032.3	-0.001
GTATC	4212.0	7622.2	-0.001
CGATC	439.0	938.8	-0.001
GTATA	9293.0	16789.8	-0.000
GAGTT	7341.0	14144.7	-0.000
TACAA	8954.0	16107.9	-0.000
TACAT	12283.0	22827.5	-0.000
CATGT	8839.0	16063.3	-0.000
CCTTG	5385.0	9727.5	-0.000
AATCT	9949.0	17780.7	-0.000
CTTGG	5758.0	10396.3	-0.000
TTCAA	12285.0	23181.0	-0.000
AATTC	9684.0	18134.8	-0.000
TCTCA	8408.0	15137.9	-0.000
TGCCT	7254.0	13181.3	-0.000
CTCTT	10252.0	19086.7	-0.000
TAGAT	9134.0	16465.8	-0.000
TCCAC	3715.0	6798.0	-0.000
CATTG	7956.0	14607.9	-0.000
CGATT	970.0	1881.5	-0.000
ATTGC	6524.0	11812.6	-0.000
CTCCA	4774.0	8688.9	-0.000
GCAAT	4990.0	9450.1	-0.000
TCTCC	5736.0	10403.6	-0.000
TCTGC	5602.0	10168.1	-0.000
TCCAA	6128.0	11103.6	-0.000
CATTC	7192.0	12994.1	-0.000
ATATC	7474.0	13506.7	-0.000
CACTT	8192.0	14857.1	-0.000
GGGTT	5344.0	10015.1	-0.000
ATCCA	5540.0	10108.0	-0.000
TGCTC	4268.0	8002.6	-0.000
GTTCA	6321.0	11539.7	-0.000
CATAT	10784.0	20469.0	-0.000
TGGTC	3678.0	6791.4	-0.000
TCTTC	9640.0	18288.4	-0.000
CCATG	4895.0	9072.2	-0.000
ATGTC	5969.0	11054.6	-0.000
GGTAT	5624.0	10260.6	-0.000
TCGAT	706.0	1428.2	-0.000
GATCT	4834.0	8876.4	-0.000
TCCTA	5525.0	10294.2	-0.000
CTATA	7137.0	12969.5	-0.000
TTCTC	10820.0	20524.0	-0.000
CTCTG	6996.0	13188.9	-0.000
GGGTC	1902.0	3652.1	-0.000
GTCCT	3760.0	6975.9	-0.000
TCAAT	7511.0	15196.5	-0.000
TCGCT	796.0	1611.1	-0.000
CAATT	9230.0	18500.4	-0.000
GATTC	4859.0	9290.8	-0.000
GCGAT	602.0	1257.3	-0.000
CAATC	3464.0	6486.5	-0.000
ATTCC	6517.0	11949.2	-0.000
TGCAT	8828.0	16558.5	-0.000
AGTTC	6195.0	11397.0	-0.000
AGTCT	6667.0	13020.7	-0.000
GCATT	8232.0	15281.0	-0.000
TTGCA	8872.0	16822.4	-0.000
CTTGC	4567.0	8510.6	-0.000
GCTAT	5215.0	9686.8	-0.000
GCTCT	4403.0	8702.6	-0.000
CCTAT	4699.0	8764.6	-0.000
CTCGG	649.0	1373.6	-0.000
CCAAT	4736.0	8835.9	-0.000
TCTCT	11305.0	20922.8	-0.000
TTGCC	6135.0	11618.0	-0.000
TGTGC	5538.0	10632.5	-0.000
GTTGC	4128.0	8036.4	-0.000
GTGTC	3968.0	7524.8	-0.000
TTCCA	9692.0	19100.7	-0.000
GGTTC	3062.0	5957.6	-0.000
GTCTA	3700.0	7355.0	-0.000
GAGTC	2986.0	6061.4	-0.000
CCATT	8853.0	17633.5	-0.000
CTATG	5012.0	9681.8	-0.000
GTTCC	3459.0	6824.5	-0.000
TCCAT	7415.0	14803.2	0.000
GTCTC	4086.0	8436.1	0.000
GGTCT	3723.0	7350.7	0.000
TCTCG	907.0	2140.6	0.000
