OligoSequence	Target Occurences	Background Occurences	Enrichment(ln p, up to 2 mismatches)
ATCGG	483.0	1904.7	-240.760
GCCTC	3858.0	33816.4	-218.971
TGGTC	1982.0	16435.7	-165.546
AAGTG	3107.0	28047.7	-164.101
TCGGA	470.0	2617.3	-133.596
TGATC	2099.0	18568.2	-132.480
CCCAA	2339.0	21187.5	-129.688
ACCTC	2391.0	22411.2	-110.934
GTGCT	2085.0	19147.0	-110.437
CGGAA	505.0	3254.6	-104.409
GATTA	2399.0	22759.9	-104.396
GATCG	449.0	2771.0	-103.571
CCAAA	2620.0	25245.0	-102.431
GTGAT	2387.0	22701.9	-102.342
CCTCA	2687.0	26602.4	-88.733
CCACC	2653.0	26228.5	-88.566
CCTCC	3576.0	36568.9	-87.988
GGCCT	2032.0	19468.9	-86.374
TTTTA	7434.0	80068.4	-86.363
TCAAG	2221.0	21599.1	-85.117
GGATT	2540.0	25265.2	-82.495
GGTCT	1841.0	17629.1	-79.678
GCTGG	3369.0	34853.4	-77.417
AAAGT	3181.0	32824.0	-75.914
CCGCC	1114.0	9911.7	-75.224
GACCT	1633.0	15685.6	-71.195
TTGGC	2066.0	20497.7	-71.122
GAACT	1829.0	17852.0	-70.996
TGACC	1654.0	15957.4	-70.050
GGGAT	2017.0	20027.6	-69.394
GATCC	1271.0	11928.0	-65.140
CTCCC	2881.0	30063.1	-64.841
CAAAG	2474.0	25605.2	-61.339
AGTGC	2058.0	20963.5	-59.541
CCTCG	808.0	7106.2	-59.332
TTTTT	20676.0	226392.2	-58.911
ATTAC	2125.0	21782.5	-58.506
CTCAA	2063.0	21145.7	-57.223
ATTTT	8391.0	94601.9	-56.278
CCGAA	237.0	2980.4	-55.894
CGGCC	756.0	6694.0	-54.338
CTGGT	1925.0	19782.8	-53.168
CGCCT	1039.0	9840.6	-51.985
ACAGG	2337.0	24633.6	-51.090
CGAAC	391.0	2994.1	-50.900
CTGAC	1585.0	16165.3	-47.738
CGACC	224.0	2310.7	-47.724
TGCTG	2687.0	29158.4	-44.545
TCCTG	3167.0	34852.0	-43.899
GTTGG	1643.0	17039.7	-43.562
CTCCT	3068.0	33786.8	-42.585
TACAG	2322.0	25043.0	-42.123
TTTAA	5063.0	57527.2	-41.899
TGGCC	1938.0	20598.9	-41.174
TCGAA	467.0	3992.7	-40.463
GTAGC	1272.0	12986.4	-39.483
TCCCA	2736.0	30112.3	-39.428
TCGGC	674.0	6294.1	-38.013
CCTAA	1178.0	13855.4	-36.761
CTCGA	542.0	4907.9	-36.428
CGTGA	757.0	7281.8	-36.240
ACTCC	1620.0	17259.7	-34.950
AGTAG	2044.0	22281.2	-34.653
TTGGA	2091.0	22860.5	-34.264
ATCCG	388.0	3316.4	-34.191
CGCAA	243.0	2532.8	-33.927
TTAAG	2112.0	23135.9	-33.834
AACTC	1674.0	17983.7	-33.461
ACCGC	409.0	3825.8	-31.456
CGGAC	110.0	2004.3	-30.016
CGCAT	279.0	2298.0	-29.378
CAAGT	1730.0	18956.9	-28.983
AAGCG	517.0	4874.3	-28.743
CTTAA	1872.0	20741.5	-27.705
TTACA	2552.0	28942.0	-27.449
AGGAT	1404.0	19592.6	-27.198
TAACC	757.0	10454.7	-27.198
CCAAC	797.0	11575.3	-27.198
TTTTC	4047.0	58555.8	-27.198
TTCGG	230.0	3220.2	-27.198
TCGGG	307.0	3913.4	-27.198
GGTAT	900.0	12016.3	-27.198
ATGGG	1136.0	16957.6	-27.198
TGGGC	1094.0	17499.3	-27.198
CCCGA	403.0	4795.4	-27.198
CCGAT	169.0	2050.6	-27.198
AGCTT	1452.0	19756.2	-27.198
TTATT	4018.0	59283.2	-27.198
TATTT	5457.0	72915.9	-27.198
ATTTA	2794.0	44247.0	-27.198
TTAGC	1037.0	15379.6	-27.198
GCTGA	1430.0	19337.1	-27.198
CCTTA	1137.0	14612.3	-27.198
ACTTT	2526.0	35454.5	-27.198
TTAGG	1267.0	16333.8	-27.198
TAGGA	1262.0	15987.3	-27.198
GATGG	1507.0	20527.1	-27.198
ATAGG	982.0	12101.5	-27.198
GAATT	1882.0	25190.7	-27.198
AATTT	4539.0	56491.6	-27.198
TTTTG	5702.0	70890.4	-27.198
GATTC	1169.0	15395.4	-27.198
TTCGA	279.0	3353.3	-27.198
CTCAT	1362.0	18793.9	-27.198
ATAGT	1135.0	16552.1	-27.198
GTCCT	952.0	13725.5	-27.198
AAGGG	1204.0	16349.5	-27.198
GATTT	2444.0	32626.1	-27.198
ATTAT	2488.0	32635.2	-27.198
TAACT	1327.0	18032.7	-27.198
TCTTT	3627.0	53880.9	-27.198
CTTTT	4856.0	60613.5	-27.198
TTTAT	4274.0	60409.4	-27.198
ATCAG	1137.0	14791.5	-27.198
ATATT	2797.0	37385.6	-27.198
TCCTC	1465.0	21060.8	-27.198
CCCCA	1193.0	18282.2	-27.198
CCACA	1291.0	17963.7	-27.198
CGCCC	672.0	8817.6	-27.198
ACCAC	1444.0	17218.7	-27.198
ACTGC	1473.0	19590.1	-27.198
CTGCT	1515.0	22546.7	-27.198
TGCTC	966.0	16347.0	-27.198
CCTAC	677.0	9135.7	-27.198
CTACC	732.0	9667.9	-27.198
ACCTA	884.0	11554.9	-27.198
ATGCT	1307.0	18180.2	-27.198
TAATC	1040.0	15882.9	-27.198
ATCTT	1846.0	25042.3	-27.198
TTATA	2200.0	29279.0	-27.198
AAATT	3489.0	45015.2	-27.198
GGTTA	858.0	11281.7	-27.198
GACCA	752.0	12163.7	-27.198
CCAAG	1205.0	18168.3	-27.198
AAGAG	1714.0	22414.2	-27.198
AGAGC	931.0	14279.0	-27.198
CCCTC	961.0	16306.2	-27.198
GTAAG	1001.0	12854.2	-27.198
TAAGT	1510.0	19429.2	-27.198
AAGTT	1776.0	25890.5	-27.198
TTTCT	3977.0	62926.5	-27.198
CTAAG	961.0	12782.5	-27.198
GGACT	1197.0	13775.8	-27.198
GCAAA	1355.0	18176.6	-27.198
ACCCC	875.0	11420.2	-27.198
GCATC	686.0	9305.6	-27.198
TCAAC	902.0	11293.2	-27.198
CAACT	1003.0	13687.0	-27.198
AACTG	1529.0	19380.1	-27.198
CTGAA	1907.0	24633.5	-27.198
GAACG	211.0	2731.4	-27.198
AACGC	174.0	2235.9	-27.198
CAGCC	2145.0	26550.9	-27.198
TAAGC	962.0	11541.2	-27.198
AAGCT	1312.0	18584.6	-27.198
GCTTC	1096.0	14331.0	-27.198
AACCT	1587.0	19717.8	-27.198
ACCTG	1535.0	19505.9	-27.198
TGCCG	253.0	3619.4	-27.198
GGGCT	1172.0	14783.9	-27.198
TCCCG	569.0	7268.9	-27.198
CCGGC	448.0	6243.5	-27.198
GAAGT	1455.0	19375.7	-27.198
GATTG	1107.0	14797.2	-27.198
GTTGA	1199.0	15599.1	-27.198
ATTAG	1155.0	18197.4	-27.198
TAGGG	806.0	11006.8	-27.198
GTGTT	1715.0	22419.1	-27.198
TGTTT	3673.0	55285.4	-27.198
TTTGT	3971.0	57766.2	-27.198
GGTTT	2186.0	29210.2	-27.198
GTTTA	1623.0	22464.9	-27.198
AAGTC	1056.0	14647.3	-27.198
AGTGG	1424.0	22063.7	-27.198
ATTTG	2475.0	35213.2	-27.198
GTTTT	3994.0	54221.6	-27.198
CCTGG	2259.0	31288.9	-27.198
ACGAT	266.0	3260.3	-27.198
TAGCC	793.0	11671.0	-27.198
CCACG	454.0	5952.3	-27.198
CACGC	419.0	6422.3	-27.198
ACGCC	374.0	5714.7	-27.198
GCCTG	1727.0	26509.9	-27.198
GCTAG	634.0	9224.8	-27.198
AGTTT	2647.0	37093.5	-27.198
GACGT	202.0	3021.0	-27.198
ACGTG	374.0	5159.8	-27.198
GTGGT	1129.0	19086.1	-27.198
TTTCA	2931.0	42321.0	-27.198
TCACC	1267.0	18411.2	-27.198
GGCCA	1156.0	17277.3	-27.198
CTGAG	1962.0	26336.1	-27.198
CTCAC	1366.0	20870.3	-27.198
GACTT	1329.0	17116.5	-27.198
GATCT	1404.0	17356.8	-27.198
AAAGG	1793.0	23426.5	-27.198
TTGTT	2952.0	46235.7	-27.198
TACCG	182.0	2077.4	-27.198
GAGAT	1542.0	22729.7	-27.198
GCCCC	747.0	11350.7	-27.198
AGTAC	821.0	9949.7	-27.198
GTACA	740.0	11811.7	-27.198
CTCCA	1257.0	21941.3	-27.198
CGGGT	340.0	4752.2	-27.198
GGCTC	1177.0	17265.1	-27.198
TATTG	1547.0	22233.2	-27.198
TTGGG	1659.0	22631.8	-27.198
ATGTG	1668.0	22920.1	-27.198
TAAAA	3664.0	49883.7	-27.198
TCATG	1273.0	18707.1	-27.198
TAGTG	1060.0	14101.9	-27.198
AGGTC	816.0	11373.6	-27.198
TTAGA	1696.0	21820.9	-27.198
AAAAT	4111.0	56955.3	-27.198
ATGAC	904.0	12831.4	-27.198
ACTGG	1120.0	15952.1	-27.198
GTACT	845.0	10491.1	-27.198
TACTG	1313.0	16241.0	-27.198
ACGGT	193.0	2956.1	-27.198
CGGTC	131.0	2111.6	-27.198
GGTCC	535.0	7786.5	-27.198
AGCGT	276.0	3302.1	-27.198
CGATC	334.0	4305.1	-27.198
CTCGT	352.0	4271.6	-27.198
CACCG	482.0	5758.7	-27.198
CCGCA	280.0	3421.1	-27.198
CAATG	1003.0	15095.8	-27.198
AACCG	171.0	2473.7	-27.198
CAACG	191.0	2416.6	-27.198
ACCCA	1330.0	17630.9	-27.198
CCGCG	238.0	2849.6	-27.198
CGGCT	417.0	6810.4	-27.198
CTCCG	468.0	6030.0	-27.198
CGTAA	291.0	2711.1	-27.198
GTAAT	1274.0	18915.2	-27.198
TTTGA	3366.0	42965.2	-27.198
TTGAG	2016.0	28561.4	-27.198
GCCGC	284.0	3689.7	-27.198
GCGAT	432.0	5030.3	-27.198
AGCCG	228.0	4651.6	-27.198
GGTAA	1002.0	13096.5	-27.198
TAACG	244.0	2500.0	-27.198
GATCA	912.0	13224.1	-27.198
TGGAC	897.0	11325.8	-27.198
CGGAT	259.0	2545.1	-27.198
TGGTG	1472.0	25099.6	-27.198
TTCTT	3297.0	51241.1	-27.198
TCCGA	194.0	2452.1	-27.198
GACTA	958.0	10747.8	-27.198
CGAAT	211.0	2657.5	-27.198
GCCTA	853.0	10186.9	-27.198
GCCAA	1013.0	14256.0	-27.198
CATCC	799.0	12720.7	-27.198
GACCG	197.0	2293.0	-27.198
CTAGG	900.0	12152.1	-27.198
AAAAA	5760.0	87671.8	-27.198
ATTGT	1767.0	23640.1	-27.198
GCTTG	1011.0	14822.2	-27.198
GAGCT	1102.0	15097.8	-27.198
TTACG	237.0	3022.0	-27.198
TACGG	176.0	2005.0	-27.198
GAACC	694.0	10615.6	-27.198
TCGAG	236.0	3587.7	-27.198
GTGAA	1403.0	20546.5	-27.198
ACCGT	291.0	3950.5	-27.198
CGTGC	384.0	4582.9	-27.198
GCTCG	162.0	2873.9	-27.198
TGACG	233.0	2907.5	-27.198
CCCCC	813.0	11869.9	-27.198
CACGT	375.0	4642.1	-27.198
AACGT	329.0	4192.0	-27.198
CTAAC	590.0	9389.5	-27.198
GTCAA	806.0	10925.4	-27.198
TAGCA	1067.0	14012.4	-27.198
GACTC	778.0	10767.2	-27.198
CGTCA	185.0	2738.9	-27.198
CCGAC	164.0	2343.0	-27.198
CGACT	188.0	2325.3	-27.198
TCGTC	141.0	2501.8	-27.198
CGTCG	49.0	916.6	-27.198
GCGTC	183.0	2385.2	-27.198
CGTCC	206.0	2867.3	-27.198
GGAAC	839.0	10991.0	-27.198
AATCG	213.0	3150.7	-27.198
ATCGA	196.0	2419.4	-27.198
CGAAA	287.0	3403.3	-27.198
GATAA	1252.0	16648.0	-27.198
GGATC	592.0	9527.9	-27.198
GTATA	1043.0	14374.3	-27.198
TGGTA	1163.0	16459.8	-27.198
TCCGG	221.0	3223.9	-27.198
CGAAG	262.0	3263.8	-27.198
GTCGA	132.0	1692.8	-27.198
TCGAC	162.0	1692.6	-27.198
TCGTA	210.0	2420.4	-27.198
GCGTA	212.0	1830.3	-27.198
CGTAG	171.0	2373.1	-27.198
CTCGC	208.0	4471.3	-27.198
ACGTA	221.0	3041.1	-27.198
ACTCG	215.0	3199.5	-27.198
CGTAC	107.0	1522.6	-27.198
ACCGG	146.0	2323.8	-27.198
ACGTC	186.0	2638.7	-27.198
GTCGG	198.0	2284.5	-27.198
CGCGT	107.0	1331.4	-27.198
GTCCG	136.0	2059.9	-27.198
TAGCG	167.0	1979.7	-27.198
CAGGT	1897.0	21119.2	-26.742
CTGCC	2350.0	26628.6	-25.965
TTGAA	2911.0	33454.5	-25.680
CACCT	1893.0	21178.2	-25.386
CTCAG	2539.0	28983.1	-25.330
GCCAC	1741.0	19368.6	-25.083
TGAAC	1563.0	17253.2	-24.984
CCCGC	670.0	6752.9	-24.800
TGGGA	2866.0	33139.1	-23.525
ATCTG	1701.0	19020.4	-23.358
GAAGA	2081.0	23654.0	-22.947
AAGTA	1942.0	21963.6	-22.945
GGGTT	1801.0	20267.8	-22.901
TACGA	237.0	2001.1	-22.900
TAGCT	1764.0	19830.9	-22.821
GAGTA	1327.0	14595.3	-22.599
GGTTC	1234.0	13483.0	-22.531
AGGTG	1945.0	22050.1	-22.518
CTTGG	1931.0	21897.7	-22.226
CTAAT	1755.0	19874.1	-20.989
GCTAA	1385.0	15416.6	-20.814
CCTGA	2145.0	24636.3	-20.716
CTCGG	772.0	8158.9	-20.064
AATTG	1870.0	21351.3	-20.028
TCCGC	547.0	5556.0	-19.894
ACTAC	1008.0	10979.5	-19.574
TAAGA	1753.0	20041.5	-18.759
TCAGC	1882.0	21712.5	-17.773
TAAAG	2064.0	23993.1	-17.297
CCTTG	1766.0	20358.2	-17.097
TTAAA	4081.0	48991.7	-17.040
CACCC	1436.0	16356.9	-16.776
ACTGA	1670.0	19254.1	-16.362
TTGAC	1286.0	14596.2	-16.015
GGCAT	1333.0	15196.7	-15.764
CAAGC	1308.0	14887.1	-15.730
TGAGC	1821.0	21178.0	-15.693
CTGAT	1618.0	18699.7	-15.601
CTGGG	2993.0	35704.0	-15.588
TAGAG	1697.0	19704.5	-15.190
GGCGT	579.0	6168.9	-14.880
TTCGC	318.0	3146.2	-14.504
GATGA	1585.0	18407.4	-14.452
GCATA	949.0	10675.3	-13.920
GGAAT	1559.0	18170.2	-13.558
ATTGG	1345.0	15554.5	-13.483
GTATT	2186.0	25979.0	-13.313
AAGCA	1855.0	21881.7	-13.169
AGCCT	2347.0	28018.1	-13.010
GACGA	243.0	2354.4	-12.896
GATAC	786.0	8781.7	-12.818
CGATA	197.0	1849.7	-12.771
CTTGA	1893.0	22429.6	-12.595
CGATT	425.0	4469.5	-12.592
TATAG	1315.0	15285.8	-12.385
CAGTT	1802.0	21324.1	-12.351
TGTTG	2470.0	29682.9	-12.173
TAATG	1717.0	20315.0	-11.972
AGCTG	2100.0	25095.3	-11.908
TCGCA	236.0	2310.3	-11.844
ATACG	248.0	2451.3	-11.839
AAGAT	1940.0	23134.6	-11.623
GTTCA	1547.0	18249.2	-11.541
GCTTA	1078.0	12468.6	-11.266
AAATG	3002.0	36531.3	-10.995
GTCTT	1867.0	22326.5	-10.795
CATCG	254.0	2565.4	-10.783
ACCTT	1584.0	18810.6	-10.662
GTAAA	1739.0	20768.2	-10.532
GCGTT	298.0	3096.1	-10.253
ATACT	1335.0	15754.9	-10.235
AGCCA	2006.0	24160.3	-10.160
GTAGA	1473.0	17498.4	-10.076
TAAGG	1208.0	14207.4	-10.052
GGCTT	1432.0	17005.3	-9.910
CAACC	1108.0	12983.1	-9.875
GCCTT	1651.0	19760.7	-9.829
ACGAC	174.0	1682.9	-9.813
TGCGT	337.0	3585.1	-9.623
CAGGC	2423.0	29502.7	-9.502
TGTAG	1504.0	17960.4	-9.496
CATAA	1356.0	16132.8	-9.340
ACCCG	400.0	4360.9	-9.275
AGTGT	1603.0	19226.8	-9.264
TGAAG	2053.0	24881.7	-9.223
ATGTT	2546.0	31123.3	-9.156
TCAGG	1685.0	20281.8	-9.082
CCCAC	1375.0	16398.7	-9.048
ACTAG	819.0	9495.1	-8.936
TGATG	1852.0	22456.5	-8.593
TTTCG	448.0	4985.3	-8.524
GACAT	1147.0	13631.3	-8.401
TGCCT	2680.0	32999.0	-8.172
CGGTA	186.0	1889.6	-8.067
GGTCA	996.0	11792.4	-7.912
GGATA	1013.0	12041.8	-7.642
TTAAC	1424.0	17211.9	-7.584
AGCAT	1399.0	16884.5	-7.578
AGGGT	1266.0	15235.0	-7.484
ATAAG	1356.0	16377.6	-7.435
TGGAA	2221.0	27316.2	-7.418
GTTCG	240.0	2553.2	-7.316
GCATT	1505.0	18288.8	-7.211
CTAAA	1682.0	20539.8	-7.124
ACTGT	1667.0	20360.0	-7.029
AATGT	2195.0	27058.4	-7.001
TTACC	1119.0	13460.4	-6.882
CTGGC	1670.0	20417.3	-6.872
AAGGT	1370.0	16635.5	-6.816
TACGC	154.0	1577.0	-6.727
GAATA	1524.0	18608.9	-6.682
AACTA	1237.0	14982.1	-6.655
TCGAT	284.0	3129.7	-6.600
TCAGT	1637.0	20068.5	-6.519
GCCCG	609.0	7122.8	-6.427
AGCAG	1559.0	19081.1	-6.424
AGCGA	432.0	4951.0	-6.313
CCGTG	464.0	5373.0	-6.008
TAGGC	838.0	10047.4	-5.946
AAACT	2172.0	26997.6	-5.879
GCGTG	601.0	7082.4	-5.861
ACGCA	243.0	2672.4	-5.852
CCTGC	1809.0	22372.4	-5.815
GGGGT	1208.0	14752.0	-5.729
TCTGA	1823.0	22580.0	-5.693
CAAAC	1296.0	15863.8	-5.678
ACGAA	265.0	2952.9	-5.602
GGTCG	203.0	2207.4	-5.493
CTAGT	895.0	10841.8	-5.348
AGTAA	1614.0	19995.9	-5.272
TGCCC	1569.0	19421.3	-5.211
CGAGT	351.0	4037.7	-5.150
GACTG	1128.0	13831.7	-5.104
CAGTC	1004.0	12258.2	-5.046
GTTAA	1365.0	16877.1	-4.919
TCCAC	1252.0	15436.1	-4.892
AATCT	1704.0	21228.8	-4.849
TCGTG	423.0	4961.5	-4.807
GTGTA	1124.0	13825.8	-4.769
TACCT	1272.0	15729.6	-4.718
AGTAT	1426.0	17690.1	-4.705
AGTGA	2035.0	25496.1	-4.699
TGGCA	1541.0	19165.0	-4.699
GCATG	1292.0	15995.2	-4.617
GTAGG	851.0	10414.6	-4.369
GCCCA	1581.0	19757.1	-4.336
AGGCG	697.0	8472.7	-4.275
ACACC	994.0	12247.2	-4.258
ATAGC	876.0	10752.6	-4.239
GTACC	593.0	7175.0	-4.153
TAAAC	1367.0	17054.1	-4.063
AGTTG	1382.0	17261.8	-4.056
TACCC	731.0	8942.4	-4.041
TAACA	1445.0	18080.5	-4.015
ATACC	825.0	10139.6	-3.982
TATCG	176.0	1978.0	-3.944
ACAGT	1457.0	18255.3	-3.870
AATGA	2177.0	27544.8	-3.805
TAGTA	1450.0	18206.4	-3.727
GGCTA	997.0	12399.7	-3.630
TTGTA	2328.0	29559.3	-3.619
ATGAT	1820.0	23006.5	-3.599
AACAG	1494.0	18806.2	-3.562
AGGTA	1196.0	15000.3	-3.425
AACGG	233.0	2718.9	-3.389
GTGGA	1328.0	16708.9	-3.387
ATTCT	2460.0	31342.9	-3.382
AAAGC	1510.0	19061.4	-3.374
GCAAC	939.0	11715.3	-3.307
TCTGC	1678.0	21253.8	-3.281
TTAAT	2770.0	35381.0	-3.274
CTGCG	384.0	4642.8	-3.238
AACTT	1906.0	24241.5	-3.093
AGAGA	2452.0	31329.6	-3.076
TTTAG	2526.0	32309.6	-3.030
CATGT	1739.0	22109.7	-3.028
GAGCC	1375.0	17396.9	-3.012
CACTA	854.0	10681.7	-3.009
TCTTG	2163.0	27638.8	-2.887
TCGGT	233.0	2765.2	-2.868
GTCAG	1094.0	13814.9	-2.810
ATGCG	217.0	2576.9	-2.801
GAACA	1231.0	15594.3	-2.781
TCCGT	319.0	3869.1	-2.762
ATCCA	1263.0	16017.1	-2.710
GGAAG	1776.0	22696.6	-2.638
GCTCA	1620.0	20668.8	-2.625
AGACT	1353.0	17222.9	-2.570
CGGTT	246.0	2965.5	-2.562
TAATT	3152.0	40662.4	-2.524
ATAGA	1378.0	17567.9	-2.474
TCTTA	1664.0	21300.0	-2.464
CAGTA	1190.0	15143.0	-2.463
AACAC	1100.0	13973.6	-2.454
ATGTA	1642.0	21022.3	-2.443
TAGAA	1863.0	23890.3	-2.436
CGTTG	271.0	3303.0	-2.380
GGAAA	2179.0	28036.2	-2.362
ACCAT	1524.0	19510.5	-2.360
TGCGC	296.0	3626.0	-2.343
GTTAG	946.0	12008.7	-2.320
TACCA	1074.0	13678.5	-2.288
TTCGT	348.0	4313.5	-2.220
TTCAA	2168.0	27955.2	-2.194
ATGAG	1544.0	19839.7	-2.147
GACAA	1026.0	13094.3	-2.132
TCTCG	682.0	8637.4	-2.121
GCAAT	1163.0	14877.2	-2.119
GAAAT	2295.0	29655.2	-2.108
TGATT	2357.0	30475.6	-2.055
GAGCA	1085.0	13878.4	-2.050
TTGGT	1828.0	23597.2	-1.995
GTCTG	1181.0	15152.1	-1.972
TTTGG	2704.0	35060.1	-1.967
ATAAC	1007.0	12896.4	-1.959
CATGC	1194.0	15334.4	-1.936
CATTG	1392.0	17927.5	-1.916
AGCTA	1218.0	15654.5	-1.914
CGAGC	216.0	2657.2	-1.899
TAGGT	1087.0	13952.6	-1.895
CAATT	1555.0	20065.1	-1.868
ATCCT	1430.0	18437.6	-1.843
CCATG	1550.0	20027.6	-1.789
GATGT	1233.0	15884.1	-1.782
AATGC	1255.0	16189.9	-1.766
GGTGA	1410.0	18237.0	-1.673
AGATC	1000.0	12899.2	-1.632
GCGCA	261.0	3268.8	-1.621
CACCA	1890.0	24547.2	-1.616
ATTGA	1628.0	21145.5	-1.568
CTACG	165.0	2041.2	-1.538
CCACT	1410.0	18294.6	-1.521
AGGAC	920.0	11886.9	-1.480
CGTTC	212.0	2666.5	-1.432
AGTCG	197.0	2480.2	-1.422
ACTAA	1189.0	15451.2	-1.394
AGGAA	2231.0	29143.3	-1.382
ACTCA	1045.0	15565.2	-1.382
GGGTA	681.0	9630.0	-1.368
AGCGC	241.0	3053.5	-1.355
CATAC	718.0	9286.6	-1.353
AGAGT	1427.0	19446.5	-1.345
ACGCG	73.0	1215.0	-1.310
TCAAA	2014.0	26688.9	-1.308
TCCAA	1127.0	17059.9	-1.304
TCTGG	1507.0	20953.6	-1.303
GTGCC	1101.0	14330.3	-1.301
CTTAG	1092.0	14602.4	-1.296
AGTCT	1421.0	20359.6	-1.294
AGATG	1857.0	24280.9	-1.291
CCGGA	248.0	3159.8	-1.287
AAGAC	1241.0	16176.2	-1.276
TTCCG	289.0	3691.5	-1.269
AAACG	306.0	4545.8	-1.254
TCCTA	1161.0	15444.4	-1.252
AACCA	1270.0	16567.9	-1.251
GTAAC	738.0	9581.6	-1.247
CTACT	994.0	15218.2	-1.232
CGCAC	228.0	2913.6	-1.221
CATTT	3339.0	45277.9	-1.220
CCCTT	1419.0	18550.4	-1.215
TTCAG	1903.0	24923.4	-1.198
CCGCT	282.0	3624.0	-1.189
TGTTA	1767.0	23306.2	-1.187
TATTA	2089.0	29310.0	-1.182
CATAG	830.0	12091.7	-1.171
ATGGT	1443.0	19637.4	-1.165
GGGAC	914.0	11917.8	-1.161
CTTAC	902.0	11768.4	-1.156
TGGAT	1556.0	20379.7	-1.149
CAAAT	1791.0	24466.8	-1.134
CTGGA	1660.0	27104.2	-1.126
TGACT	1462.0	19153.4	-1.117
GGAGT	1260.0	22239.0	-1.110
CTATA	1004.0	13124.6	-1.110
ATCGT	227.0	3088.6	-1.103
TCGCC	338.0	4724.3	-1.098
CAAGG	1075.0	15214.2	-1.098
CTGTT	2062.0	27087.5	-1.084
GCGAA	174.0	2387.8	-1.080
GACCC	584.0	9048.3	-1.076
TGCCA	1560.0	21135.3	-1.075
ACATG	1309.0	18598.1	-1.071
ACTAT	1095.0	14346.3	-1.067
GCAGT	1504.0	19740.3	-1.063
CGCTA	152.0	1947.5	-1.053
CAGCT	1666.0	22933.6	-1.051
AGATT	1824.0	25407.5	-1.050
TGATA	1403.0	18422.7	-1.038
TACTA	1060.0	13898.8	-1.024
TGTGA	1963.0	25818.5	-1.023
TCTAG	974.0	13663.4	-1.021
ACGGG	342.0	4444.2	-1.016
TTGCG	222.0	2869.5	-1.015
ATTCG	228.0	2952.7	-1.009
GTGAC	832.0	12211.4	-0.996
ATTGC	1174.0	15981.6	-0.996
TAGAC	684.0	9108.5	-0.984
GGTGT	1211.0	15910.9	-0.975
AATGG	1523.0	20539.9	-0.975
GTCAT	941.0	13447.1	-0.968
GGTAC	488.0	6925.6	-0.960
GGACA	947.0	12437.3	-0.958
TCTAA	1245.0	17856.6	-0.955
AGGGA	1409.0	20029.3	-0.954
GGTAG	832.0	10915.1	-0.949
AGGTT	1541.0	20647.7	-0.941
ACAGC	1001.0	13827.7	-0.939
TGTAA	1847.0	26299.1	-0.933
GGGTC	638.0	9545.1	-0.922
CATGA	1384.0	19337.5	-0.904
GTTAC	781.0	10269.8	-0.887
ACGGA	234.0	4063.4	-0.872
TTGCC	1443.0	20331.1	-0.867
GCTCC	702.0	12287.0	-0.867
ACCGA	192.0	2507.0	-0.859
CTTCG	255.0	3527.0	-0.856
TGAAT	1996.0	27803.9	-0.850
ACTTG	1324.0	18051.2	-0.847
GGGGG	876.0	11545.9	-0.846
GAATG	1424.0	19349.8	-0.843
TAGAT	1167.0	17551.4	-0.841
TGACA	1262.0	17863.3	-0.840
TCACG	277.0	4983.2	-0.828
GAAAG	1829.0	25289.2	-0.828
GATAG	825.0	10878.1	-0.823
TGCAG	1692.0	26184.7	-0.808
TCAGA	1472.0	20452.6	-0.800
ACATC	831.0	11732.6	-0.793
CGTTA	200.0	2695.0	-0.771
CGTAT	223.0	2934.9	-0.769
CCATA	858.0	11414.9	-0.769
CCAAT	932.0	12325.5	-0.768
TTGAT	1876.0	25493.2	-0.768
TGTAT	2209.0	29252.8	-0.754
GTAGT	951.0	12581.0	-0.745
CAGTG	1697.0	26017.7	-0.742
TACGT	192.0	3471.3	-0.736
TGAGA	1987.0	30660.2	-0.734
TGCGA	187.0	3011.6	-0.728
TTCTG	2307.0	33187.4	-0.725
CACAA	1076.0	16181.5	-0.725
AAGCC	1112.0	14734.4	-0.718
GAATC	919.0	12185.2	-0.713
GCCAT	1066.0	15195.9	-0.709
TTGCA	1512.0	22135.3	-0.681
CTTCA	1511.0	20055.8	-0.671
ATGCA	1255.0	16670.9	-0.666
AGCGG	213.0	3226.5	-0.662
TATAT	2400.0	31870.6	-0.662
CCCCT	1104.0	15117.2	-0.653
GTCTC	1623.0	21572.8	-0.645
CCAGC	1415.0	24071.3	-0.638
TAGTC	675.0	9884.8	-0.638
AGAAC	1167.0	15508.7	-0.638
AGGCA	1706.0	22671.4	-0.638
GCTAC	562.0	8811.3	-0.634
GCTGC	957.0	15582.1	-0.626
AAATC	1539.0	20473.9	-0.625
CGCTT	269.0	4070.0	-0.623
TTGTG	1934.0	25715.4	-0.618
TATGA	1157.0	18355.4	-0.607
TGTTC	1367.0	18603.9	-0.601
TGAAA	2648.0	36763.1	-0.597
TTATC	1289.0	17174.6	-0.588
AAGGA	1871.0	24914.0	-0.582
GAGGA	1480.0	19725.8	-0.576
AATAG	1406.0	18738.7	-0.568
GTTGT	1315.0	17529.8	-0.567
CTTAT	1279.0	18427.9	-0.561
CCGGT	164.0	2563.8	-0.560
CTTTA	1819.0	28330.2	-0.560
CAGAC	893.0	12396.1	-0.550
AAATA	2920.0	46273.4	-0.549
CTACA	1091.0	14563.1	-0.539
TGGCT	1969.0	26783.1	-0.538
CTTGT	1437.0	20707.3	-0.532
GCAAG	887.0	13308.2	-0.521
CACTG	1924.0	25680.9	-0.519
AACGA	219.0	3051.1	-0.518
ACGTT	317.0	4487.3	-0.510
AGAAG	1878.0	25955.9	-0.508
GTGCA	1221.0	18663.9	-0.508
TATAC	963.0	12891.7	-0.502
GCTGT	1349.0	18035.3	-0.502
GTACG	112.0	1522.8	-0.494
CCCAT	1090.0	15167.9	-0.490
CAATC	814.0	10901.7	-0.487
GAGTG	1281.0	19594.0	-0.485
ATATG	1306.0	19866.7	-0.481
CGCCG	116.0	2137.6	-0.470
AGCAA	1501.0	20089.0	-0.468
TTATG	1590.0	22060.6	-0.464
CGCGA	74.0	1724.1	-0.462
GGATG	1081.0	15721.5	-0.458
GCAGG	1050.0	16826.3	-0.457
AATAC	1164.0	17284.3	-0.455
TCTCA	1956.0	26982.8	-0.449
ACTTC	1196.0	16098.8	-0.444
GTCTA	607.0	8992.8	-0.440
GGGAA	1398.0	20165.4	-0.439
ACACG	238.0	3638.4	-0.428
GTCCA	745.0	10023.3	-0.428
TTTAC	1800.0	24882.4	-0.425
AAAAG	2550.0	36739.7	-0.425
GCTTT	2045.0	27404.8	-0.421
TTCTA	1654.0	24275.2	-0.417
TGCTA	1104.0	15325.0	-0.409
GACAG	1217.0	18033.9	-0.405
CTTCC	1572.0	22375.1	-0.398
CACAG	1379.0	19088.1	-0.398
GCTAT	879.0	11849.3	-0.392
AACAT	1691.0	23392.6	-0.392
AGCAC	789.0	13544.8	-0.390
CGCCA	432.0	5859.1	-0.387
ACATT	2029.0	27229.6	-0.385
TCCAG	1366.0	21560.0	-0.385
CGGGG	472.0	6394.0	-0.384
GAAGG	1424.0	19150.8	-0.381
TGAGT	1614.0	21691.0	-0.381
CTATT	1488.0	21199.4	-0.368
AATAT	2273.0	32380.4	-0.358
ACTTA	1273.0	17155.1	-0.358
ATGGC	1020.0	13764.3	-0.358
CACTT	1417.0	22040.1	-0.356
TCACA	1244.0	18311.9	-0.349
CCCTA	695.0	9964.9	-0.345
GGCAA	983.0	13281.0	-0.340
GTTAT	1071.0	16313.3	-0.340
TTGTC	1273.0	18158.1	-0.339
TGGGT	1413.0	20374.8	-0.336
TAAAT	2756.0	37208.2	-0.336
AGCTC	1090.0	15997.9	-0.325
ACCAA	1091.0	14746.1	-0.322
TGTAC	877.0	12584.7	-0.316
CTAGA	874.0	13331.9	-0.315
CGACA	169.0	2338.8	-0.307
GCCGT	222.0	3067.2	-0.303
CAAAA	2180.0	33364.7	-0.299
GAAAA	2903.0	39046.6	-0.297
TGTGC	1353.0	18286.9	-0.296
GTATC	652.0	9018.7	-0.295
GAAGC	1011.0	14564.1	-0.293
AGAAT	1977.0	26650.9	-0.292
AGTTC	1017.0	16234.9	-0.290
AAGGC	1040.0	14108.1	-0.289
GATAT	1094.0	15839.8	-0.289
GGCTG	1979.0	28871.3	-0.279
TCAAT	963.0	16159.8	-0.278
GGTGG	1278.0	21026.4	-0.275
GCCCT	840.0	13937.8	-0.274
ATTAA	2089.0	29484.4	-0.274
GAGAA	1896.0	25606.9	-0.270
TGCAC	1043.0	14150.3	-0.269
AACCC	814.0	13013.6	-0.268
ACAAG	1068.0	14943.6	-0.263
CCGTT	233.0	3355.1	-0.258
AATTA	2118.0	31872.9	-0.257
CATTA	1302.0	18203.1	-0.256
ATGGA	1524.0	20886.6	-0.254
AGGCT	1964.0	27142.5	-0.254
CATCA	1077.0	15296.0	-0.253
GTTCT	1277.0	18621.5	-0.252
CCCGG	650.0	8891.6	-0.251
TGTCG	215.0	3900.9	-0.249
CCGTA	153.0	2232.2	-0.245
GGTTG	1030.0	14011.8	-0.240
ACGGC	161.0	2327.9	-0.237
CATGG	1113.0	16538.2	-0.236
AAAGA	2433.0	36393.7	-0.236
CAGAT	1373.0	18936.9	-0.232
TAATA	1734.0	25826.6	-0.228
TGAGG	1634.0	22591.7	-0.225
AGGAG	1523.0	23803.3	-0.224
CCTAT	872.0	11903.2	-0.221
TCGTT	300.0	4179.9	-0.214
TATCA	1123.0	15299.8	-0.212
ACGAG	219.0	3077.2	-0.207
ATCGC	183.0	3070.9	-0.207
ATTTC	2108.0	33246.8	-0.204
ATGAA	2034.0	28060.3	-0.200
CTAGC	605.0	8339.9	-0.193
TATCT	1452.0	19761.2	-0.193
CGATG	200.0	2832.2	-0.192
GCGAC	126.0	2157.2	-0.184
AATCC	1011.0	15647.9	-0.184
ATAAT	1857.0	28560.5	-0.182
GTGCG	223.0	3759.5	-0.179
AGTTA	1333.0	18191.4	-0.178
TGCTT	2076.0	28202.4	-0.173
GCACC	781.0	10961.4	-0.172
ACAAT	1313.0	17932.6	-0.167
ACAAC	770.0	11169.1	-0.165
ACCCT	956.0	13923.5	-0.164
TATAA	1624.0	25380.2	-0.162
ATAAA	2342.0	37817.6	-0.154
TGCGG	233.0	3628.5	-0.153
ATGCC	1157.0	15859.1	-0.153
CGTTT	461.0	6435.4	-0.146
CCTTC	1329.0	19197.8	-0.145
TGCAT	1428.0	19862.5	-0.145
AGACA	1609.0	21999.2	-0.137
CCTCT	1617.0	23272.5	-0.134
GAGTT	1283.0	20222.5	-0.133
AATTC	1552.0	21239.7	-0.133
GCGGG	305.0	5227.9	-0.132
GGCGA	228.0	3262.1	-0.130
GTTTG	1696.0	25992.7	-0.126
CGCAG	276.0	3925.0	-0.126
ATATC	942.0	13020.7	-0.119
CGGGC	319.0	4734.9	-0.119
AAGAA	2647.0	37366.2	-0.116
TCATC	983.0	14754.8	-0.114
TTAGT	1719.0	23580.0	-0.114
GAAAC	1225.0	18320.7	-0.113
CATCT	1335.0	20085.1	-0.110
GGAGA	1554.0	21322.7	-0.108
TATGC	814.0	11298.7	-0.104
AGACC	764.0	12781.5	-0.104
TAGTT	1519.0	21390.3	-0.104
CCCCG	382.0	5413.9	-0.102
CTTTG	2122.0	32202.9	-0.101
GCACT	891.0	13796.2	-0.101
GATGC	675.0	10474.7	-0.101
TGGGG	1561.0	21451.4	-0.099
CCTAG	855.0	12266.3	-0.098
TACAC	725.0	10435.5	-0.095
CGGCG	136.0	2010.0	-0.093
GAGAG	1381.0	19034.0	-0.092
TCATA	1154.0	15946.0	-0.092
TCCCC	1054.0	16044.1	-0.091
GGACC	526.0	8131.1	-0.091
TGGTT	1717.0	24079.5	-0.090
GTCGT	149.0	2380.5	-0.087
GAGCG	250.0	3660.8	-0.085
AGTCA	1086.0	15610.5	-0.085
ATCAC	1016.0	14095.7	-0.084
CTTGC	1005.0	15881.7	-0.083
GTGAG	1554.0	21417.3	-0.078
TGTGG	1598.0	22031.9	-0.075
CGCTG	329.0	4716.7	-0.074
ATCAT	1293.0	18642.6	-0.073
ATCTC	1404.0	20773.3	-0.073
AAACC	1276.0	17714.2	-0.069
TATGG	976.0	13667.2	-0.068
TACAA	1132.0	19193.8	-0.066
CCTTT	2304.0	32693.8	-0.065
TTTGC	1936.0	28526.5	-0.065
AGATA	1337.0	19813.2	-0.062
CAGGG	1287.0	17864.4	-0.061
GGGGA	1058.0	15615.5	-0.060
CGGCA	185.0	2745.5	-0.058
ATCAA	1055.0	15671.0	-0.056
ATCCC	742.0	13396.7	-0.056
TTCCA	1667.0	25418.7	-0.055
CAGAG	1428.0	23832.0	-0.053
ACACT	1007.0	14684.9	-0.053
AGGCC	893.0	14433.4	-0.051
CTATC	612.0	8687.3	-0.048
GGTGC	839.0	12134.9	-0.047
CCATT	1492.0	22954.3	-0.046
ACCAG	935.0	15460.5	-0.046
CGTGG	381.0	5508.7	-0.046
GGAGC	848.0	11938.2	-0.044
GCGCT	220.0	3268.6	-0.043
GCCGA	192.0	4052.7	-0.043
AGAAA	3143.0	44170.0	-0.042
AGAGG	1410.0	19920.6	-0.041
TACTT	1678.0	23312.8	-0.039
TATTC	1389.0	19371.1	-0.037
CTTCT	1729.0	26912.4	-0.034
CTCTT	1905.0	27444.9	-0.033
TTCAC	1394.0	21138.5	-0.032
GCGCC	433.0	6281.0	-0.032
CGTCT	301.0	4628.6	-0.031
GCAGA	1147.0	17462.6	-0.031
CATAT	1334.0	18812.8	-0.031
AAAAC	2069.0	28706.3	-0.030
GTGGG	1197.0	17280.0	-0.029
TGTCC	966.0	14120.7	-0.029
TGCAA	1593.0	22226.8	-0.028
CCCAG	2044.0	33019.8	-0.026
ATACA	1234.0	19938.5	-0.026
CACAT	1204.0	18263.8	-0.026
ACAGA	1587.0	24253.8	-0.024
ATATA	2060.0	28653.1	-0.024
ACGCT	185.0	2828.6	-0.023
GGCCG	359.0	5288.3	-0.022
AATCA	1381.0	19392.9	-0.022
TATGT	1678.0	24037.0	-0.021
AGACG	436.0	6363.5	-0.021
CCCGT	248.0	3739.2	-0.019
GTATG	876.0	12481.8	-0.019
TCCTT	1880.0	29728.1	-0.018
TACAT	1397.0	20565.8	-0.018
CCGGG	421.0	7367.0	-0.018
GGGTG	1104.0	15639.3	-0.017
AAACA	2202.0	30682.4	-0.016
CAGCA	1237.0	19824.6	-0.016
TTACT	1637.0	23319.8	-0.016
GCCGG	263.0	4892.8	-0.015
AGGGC	755.0	11651.0	-0.015
GCAGC	962.0	13716.9	-0.015
GGGCC	631.0	10654.5	-0.014
GCGGA	225.0	3481.1	-0.014
GTTGC	989.0	14098.8	-0.014
GCACA	942.0	13462.9	-0.013
CGACG	47.0	898.7	-0.013
CACGG	203.0	3739.6	-0.011
CCTGT	1407.0	22896.4	-0.011
GGCAC	796.0	11478.8	-0.010
CGTGT	336.0	5194.6	-0.009
CCCTG	1171.0	20328.0	-0.009
AGGGG	938.0	13569.4	-0.008
GCACG	249.0	3832.3	-0.008
TGTCA	1305.0	19738.2	-0.008
ATGTC	976.0	14019.3	-0.008
ATCTA	939.0	13633.1	-0.008
TATCC	747.0	10844.4	-0.007
GAGGG	1066.0	15284.9	-0.007
GACAC	602.0	9908.5	-0.007
CGCGG	146.0	2359.8	-0.006
AGTCC	778.0	11322.0	-0.006
TCATT	2182.0	30847.2	-0.005
CAGGA	1453.0	23753.5	-0.005
GTGGC	1035.0	17531.4	-0.005
TGGCG	372.0	5669.2	-0.005
CAAGA	1267.0	18999.0	-0.004
AATAA	2344.0	37504.6	-0.004
TTGCT	1941.0	29163.1	-0.004
CACAC	1174.0	17011.6	-0.004
TCTCC	1778.0	25685.0	-0.003
ACAAA	1764.0	29261.6	-0.003
TACTC	758.0	11374.4	-0.003
CCAGA	1232.0	18383.4	-0.003
CGGGA	236.0	5078.2	-0.003
TTCAT	2008.0	29329.4	-0.003
ATTCC	1142.0	16863.7	-0.002
ATTCA	1467.0	22765.2	-0.002
CAGAA	1762.0	25378.9	-0.002
CCGTC	228.0	3634.5	-0.002
GTCCC	651.0	10303.1	-0.002
TGGAG	1927.0	28482.4	-0.002
ACATA	1266.0	18259.9	-0.002
CCAGT	1081.0	16624.0	-0.002
CAACA	1109.0	16683.9	-0.002
CTGTC	1167.0	18798.1	-0.002
TCTTC	1458.0	23212.7	-0.002
CACGA	222.0	3579.3	-0.002
CCATC	972.0	14896.7	-0.001
TCTAC	746.0	12574.0	-0.001
TGTGT	2154.0	34005.5	-0.001
GGACG	169.0	2785.5	-0.001
ACTCT	1212.0	18524.7	-0.001
TTCCT	2224.0	35058.3	-0.001
GAGGT	1147.0	17423.0	-0.001
GCGGT	197.0	3230.0	-0.001
CGCGC	197.0	3240.2	-0.001
TTCTC	2178.0	31058.1	-0.001
TGTCT	1708.0	25400.8	-0.001
GCCAG	1354.0	19623.4	-0.001
CTGTG	1794.0	25754.4	-0.001
CTGTA	1349.0	21642.3	-0.001
CCAGG	1996.0	30587.4	-0.001
CATTC	1184.0	17927.4	-0.001
GTGTG	1684.0	25787.3	-0.001
GTCAC	729.0	11685.3	-0.001
TCGCG	48.0	1364.4	-0.001
CGAGG	310.0	4925.0	-0.001
CAGCG	231.0	4039.2	-0.000
TTCCC	1429.0	21868.2	-0.000
CCGAG	414.0	6458.4	-0.000
AACAA	1698.0	24852.0	-0.000
CTGCA	1728.0	24987.9	-0.000
GTTTC	1654.0	25297.5	-0.000
GGCCC	681.0	10381.9	-0.000
GACGC	124.0	2201.8	-0.000
CTCTG	1767.0	29449.9	-0.000
GTCGC	184.0	3130.0	-0.000
GGGCA	798.0	13936.6	-0.000
CTATG	863.0	12967.8	-0.000
TCTGT	1950.0	31969.6	-0.000
GTTCC	756.0	11552.1	-0.000
GACGG	314.0	5371.0	-0.000
CAATA	1009.0	15258.1	-0.000
GGGAG	1203.0	21747.2	-0.000
CACTC	876.0	14394.1	-0.000
GCGAG	191.0	3345.7	-0.000
GGCAG	1116.0	18550.7	-0.000
TTTCC	2145.0	35264.8	-0.000
GCTCT	954.0	18075.5	-0.000
CGAGA	186.0	4802.4	-0.000
AGCCC	846.0	13538.2	-0.000
GCGGC	190.0	3396.3	-0.000
TCCCT	1341.0	22187.6	-0.000
GGGGC	700.0	11014.8	-0.000
CTTTC	1693.0	28447.6	-0.000
CGGTG	222.0	4542.4	-0.000
GTGTC	781.0	12238.5	-0.000
TCTAT	1123.0	17866.4	-0.000
GAGAC	1355.0	20746.0	-0.000
TCACT	1731.0	26055.6	-0.000
ACACA	1357.0	20759.0	-0.000
GAGTC	751.0	12972.9	-0.000
GCGCG	166.0	3227.9	-0.000
CGGAG	306.0	5518.7	-0.000
GGCGC	344.0	6132.1	-0.000
GAGGC	959.0	19021.5	-0.000
CTCTA	905.0	15054.1	-0.000
TCCAT	1193.0	19362.9	-0.000
TCGCT	266.0	5387.6	-0.000
TCTCT	1839.0	31651.3	-0.000
GGAGG	1295.0	24032.0	-0.000
GGCGG	326.0	6100.5	-0.000
CTCTC	1041.0	19531.2	-0.000
GGGCG	270.0	5513.1	-0.000
CGCTC	199.0	4368.4	-0.000
