OligoSequence	Target Occurences	Background Occurences	Enrichment(ln p, up to 2 mismatches)
GCCTC	74048.0	34512.1	-4908.887
CCTCC	70871.0	36719.9	-3131.839
GTAGC	26227.0	11466.5	-3060.884
TCAGC	39909.0	20392.7	-2364.956
AGCCT	43811.0	23023.5	-2219.268
CAGCC	43668.0	23293.4	-2060.461
GAGTA	22408.0	10689.6	-1993.541
TAGCT	30197.0	15612.9	-1823.532
AGTAG	32822.0	17796.6	-1544.913
TCAAG	31349.0	16895.0	-1538.601
ACCTC	35745.0	19649.8	-1531.944
CTCAG	46885.0	26706.4	-1511.538
GCTCA	35001.0	19449.3	-1421.619
GCTGG	55702.0	32715.9	-1383.063
CTCCC	48677.0	28276.7	-1370.502
AGTGC	33245.0	18514.3	-1351.093
GCGAT	11217.0	5046.3	-1329.792
CCTCA	40629.0	23342.8	-1302.149
GCAGT	29571.0	16672.7	-1151.433
TCCTG	50955.0	30526.0	-1143.368
CTCAC	34530.0	20035.2	-1088.146
CAAGC	23129.0	12757.5	-1067.990
TTTTT	465731.0	219076.9	-1062.916
ACTGC	28775.0	16459.3	-1034.733
CAAGT	24476.0	13846.4	-970.532
TCACT	37841.0	22633.1	-948.134
CAACC	19644.0	10852.0	-923.340
TCCCG	13646.0	7091.9	-908.712
CACTG	34514.0	20617.8	-894.014
TGCCT	44854.0	27640.0	-849.698
GGTTC	21336.0	12124.1	-842.671
GGAGT	34462.0	20777.2	-835.533
AGTGG	28841.0	17076.1	-829.189
AAGTA	19499.0	11017.4	-807.553
GCAAC	17846.0	9967.6	-799.610
CGAGT	8003.0	3812.1	-795.086
GGCTC	27205.0	16136.7	-782.065
GAGTG	28008.0	16712.8	-767.598
GTGCA	27969.0	16704.7	-761.636
GCGTC	2099.0	1752.9	-746.876
GTGAT	26543.0	15817.0	-742.773
CTCCT	50257.0	31736.1	-741.457
AACCT	23433.0	13768.5	-738.951
TCCCA	38284.0	23725.8	-727.702
CTGCC	38808.0	24196.5	-698.309
AAGTG	29665.0	18044.6	-697.576
AAGCG	8259.0	4108.6	-691.702
TTTTG	85493.0	55929.9	-673.528
CGATT	7391.0	3611.7	-669.306
AGCTG	32388.0	20019.4	-657.203
TGCAG	35201.0	21923.8	-656.915
CTGGG	45106.0	28662.2	-653.311
GTTCA	24833.0	15034.7	-627.381
TGGAG	37448.0	23591.0	-622.132
CCGCC	13488.0	9251.4	-606.084
GATTC	19119.0	11292.7	-601.156
AGCGA	8276.0	4286.3	-582.563
CCCAA	24443.0	14917.5	-582.375
CCCGA	8141.0	4212.2	-576.191
GAAGA	19340.0	11516.8	-573.819
CGATC	8160.0	4280.5	-542.317
GCCGC	3768.0	3072.6	-535.447
TGATC	22289.0	13689.2	-513.426
GTCGC	5564.0	3314.0	-473.092
CAGGC	43718.0	28642.6	-470.064
ATTCT	34400.0	22196.6	-466.169
CAGTG	32140.0	20822.2	-425.225
TGCAA	27453.0	17611.6	-415.371
TCTCG	15367.0	9340.0	-404.553
CTGGA	32826.0	21523.1	-380.168
TCTTG	33224.0	21859.3	-369.258
CCGAG	9145.0	5274.7	-362.078
GATCT	21626.0	13831.0	-351.882
CCCAG	43589.0	29305.8	-345.160
GATTA	21414.0	13771.9	-330.872
CTCGG	11378.0	7354.3	-329.882
TCGGC	10353.0	6164.8	-329.220
AGTCT	26010.0	17013.3	-325.903
GCAAT	17574.0	11124.2	-324.971
CCTCG	7014.0	5504.9	-323.174
AGTCG	2001.0	1502.3	-316.460
CTGCA	31865.0	21196.2	-315.334
CTCCG	9163.0	5627.3	-311.974
AGGCT	35686.0	23931.3	-310.249
GACTC	7776.0	7098.2	-303.257
AGCCG	3125.0	3058.5	-301.887
TTGAG	31754.0	21230.4	-295.467
GAGAC	25132.0	16551.6	-293.921
AAGCA	19970.0	12920.7	-293.881
CGCCT	12930.0	8537.2	-293.524
CCAGG	40374.0	27374.7	-293.225
AAGAA	24394.0	16037.7	-292.588
TCGCG	972.0	914.7	-288.309
GTTTT	56804.0	39222.8	-277.967
GTGGC	21234.0	13930.5	-267.278
AGCGT	2647.0	2128.3	-260.983
GAGTC	17941.0	11650.6	-258.279
GATCC	12877.0	8130.3	-253.051
CGCAG	3497.0	2828.1	-250.886
ACCGC	3730.0	2871.5	-246.665
AGACA	22516.0	14974.9	-239.780
TTTGA	40950.0	28180.0	-239.120
CCACC	33005.0	22483.2	-237.670
TCCGC	8695.0	5326.9	-227.642
CGGCC	7153.0	5334.7	-219.934
GGGAT	21649.0	14465.6	-219.508
TTCAA	27212.0	18461.5	-217.017
TGCCG	3150.0	2600.3	-213.946
TGGGA	33871.0	23277.8	-213.070
GCATC	6980.0	6369.8	-211.022
CCTGC	28813.0	19650.5	-210.918
TCACG	4146.0	3718.7	-208.952
ACAGG	28926.0	19749.7	-208.291
GCGAC	1524.0	1318.1	-203.037
GACAG	19875.0	13300.4	-200.490
GCTCG	2749.0	2392.1	-196.307
TACAG	26882.0	18368.3	-194.550
GCCAC	20854.0	15296.2	-190.999
TGAGA	31374.0	21666.0	-186.927
ATTAC	19855.0	13374.4	-184.478
TAGCC	8637.0	7478.4	-183.671
AGTGA	22916.0	15595.1	-181.139
TAGCG	1324.0	1276.1	-178.325
TCGAG	3036.0	2276.6	-177.234
CGGGT	6494.0	3967.2	-177.208
TGGCG	7969.0	4991.1	-175.093
TTGTT	48806.0	34458.8	-173.139
CATCC	9449.0	8766.6	-171.154
CCAAG	18362.0	12378.4	-170.790
GTAAC	6540.0	4642.0	-170.737
GTCAC	13822.0	9142.0	-168.304
CTTTT	64922.0	46281.1	-166.969
AGCGG	2838.0	2247.0	-163.991
CGCAA	3101.0	1985.1	-163.251
CGTAG	1796.0	1406.5	-161.696
CGTGA	8263.0	5267.8	-154.584
TGTCG	6056.0	3736.7	-153.558
CGCGA	2328.0	1605.2	-152.283
TGAGT	20964.0	14372.3	-151.473
ATATA	17526.0	11898.5	-149.547
TCGCC	7376.0	4667.1	-149.241
GCCTA	7582.0	6372.7	-148.911
CAGGT	23725.0	16396.4	-148.468
GGATT	24768.0	17155.0	-148.344
GCGCA	3683.0	2657.3	-147.721
CACCT	23647.0	16362.0	-145.205
GGCGT	7504.0	4771.6	-144.929
ACGAT	3735.0	2183.6	-142.960
GTCTC	28292.0	19765.9	-142.890
ATCCT	17389.0	11878.4	-136.360
AGAGT	19746.0	13605.2	-133.613
GCAGC	15874.0	10810.6	-131.488
GCGTA	1313.0	1072.5	-126.820
AGTAC	8148.0	5559.5	-123.765
CTACC	7685.0	6035.5	-123.711
TCGTG	4055.0	3197.5	-122.005
GATCA	9451.0	7519.9	-116.836
CAGCG	3432.0	2978.5	-113.857
TTTTA	67294.0	48816.9	-112.859
CTCAA	21578.0	15100.6	-111.847
TGCGA	3629.0	2192.0	-111.291
CAGTC	13152.0	9406.9	-109.744
TACCG	1493.0	1191.1	-109.243
ACGGA	5377.0	3410.7	-108.752
ATTTT	85611.0	62449.8	-106.294
ACTGG	11916.0	9529.8	-105.354
GTAGT	9972.0	7528.5	-104.811
CCGGG	8704.0	5824.5	-104.108
GCCCA	25082.0	17740.4	-104.047
CGTCC	2351.0	2014.9	-103.917
GAAGT	13003.0	10426.6	-102.880
CCTAC	6375.0	5442.6	-102.155
TATAT	20924.0	14707.6	-100.762
GGATC	6962.0	5836.7	-100.199
GGCTG	34414.0	24704.0	-97.075
TGTTT	54003.0	39242.1	-96.525
AGACT	12405.0	10093.4	-95.783
AAAGT	23923.0	16986.2	-92.832
AGAAG	19711.0	13892.5	-91.458
CACCC	18373.0	13333.7	-90.262
TCAAC	7903.0	6522.0	-89.062
CGTGC	4513.0	3483.3	-89.022
CTCGC	6875.0	4577.8	-82.864
CGACC	2114.0	1558.7	-82.798
CTGTC	22474.0	16015.6	-82.063
CTGCG	3871.0	3566.0	-81.766
ACAGC	10591.0	8994.8	-79.281
TCGCT	7104.0	4760.8	-79.175
CGCCC	10168.0	8365.0	-76.652
GTGCG	4654.0	3024.8	-75.563
TCTCC	31777.0	22999.8	-75.373
CACAG	14985.0	13107.6	-75.232
TAAGC	7480.0	5975.2	-72.747
GCGTG	8092.0	5521.9	-70.545
GTGGT	17788.0	12656.4	-69.868
AGCAA	16865.0	11979.7	-69.047
CCCCC	10780.0	8686.4	-68.360
CTGGC	18593.0	15741.8	-68.292
CGGAG	7047.0	4775.6	-68.089
CCAAA	20272.0	14518.4	-67.881
CCGCA	3317.0	2665.8	-66.410
TCACC	19669.0	15140.4	-65.727
CCCGG	10988.0	7818.2	-65.456
GGCAT	14965.0	10605.2	-65.359
GCTCC	9620.0	10162.5	-64.835
AACTG	11748.0	9685.5	-64.662
GAATA	10944.0	8332.6	-63.617
ACCGA	1763.0	1284.3	-63.013
CCAGC	17732.0	18423.1	-61.774
GCCTG	19515.0	18709.9	-61.395
CACCG	5655.0	4353.0	-61.334
ATCTT	22207.0	16029.6	-61.083
CGCTG	3908.0	3383.4	-61.029
GGGTT	22895.0	16549.0	-60.651
AGCAG	17570.0	12955.0	-60.180
AAGCT	13956.0	11545.1	-59.614
CGGCT	10041.0	7017.2	-59.283
TGTTG	29938.0	21874.9	-56.202
TGGCA	19039.0	13725.4	-55.607
TCCAG	16230.0	15647.4	-54.371
TCCGG	2926.0	2420.7	-53.657
TGAAG	17447.0	13073.7	-53.521
ATAGC	8394.0	5847.6	-53.358
GCAGG	12530.0	11815.5	-52.142
CCGAA	2306.0	1669.9	-51.940
GAAGC	9681.0	8883.8	-50.650
GGAAT	12562.0	9845.1	-49.340
GGCCT	18061.0	14690.3	-48.647
TTGCC	21922.0	15990.3	-46.436
CCTAA	8434.0	7002.1	-46.390
ACTCC	13742.0	12553.9	-45.065
TTAGC	9757.0	9217.8	-44.768
GTTGC	15562.0	11248.1	-44.300
CAATC	11424.0	8167.2	-43.466
GCCCC	8725.0	8398.5	-43.444
TCCTC	19880.0	17560.8	-43.091
ACTGT	16267.0	11796.3	-42.381
TGTAG	14362.0	10981.9	-42.246
CAGAC	9646.0	8141.7	-41.703
AGTAA	12097.0	8989.0	-40.930
ACGTA	1768.0	1468.5	-40.445
GTAGA	13194.0	11670.9	-40.364
CCCCA	13687.0	12579.4	-40.307
TACTG	11619.0	8592.4	-39.970
TTGGC	21069.0	15438.3	-39.625
GCTGC	11711.0	11753.9	-38.865
CTTGG	20834.0	15281.2	-38.084
GCAAG	10169.0	8830.7	-37.956
ATCTC	22923.0	16859.2	-37.910
CAAGG	10720.0	9189.2	-37.092
CTAGG	10048.0	7687.1	-36.290
CTAAG	7635.0	6526.8	-36.256
GAGCC	17079.0	12484.3	-35.750
AGTGT	15421.0	12257.8	-35.635
CTAGC	5655.0	5425.3	-34.942
GTCTT	22847.0	16847.6	-34.799
GTGAC	8005.0	7113.7	-34.506
GCGGT	2748.0	2191.9	-34.480
TGCCA	17359.0	14948.3	-34.440
AGCCA	22514.0	16693.0	-34.318
TGAGC	19586.0	14717.8	-34.180
TCTCA	29994.0	22265.3	-34.035
CTGAG	24299.0	18635.5	-33.521
CCTGG	31314.0	23634.6	-33.149
TAACT	11289.0	8429.3	-32.887
GAAAA	22070.0	16311.9	-31.515
GACTA	9552.0	6889.2	-30.765
TTACA	24244.0	17972.9	-30.585
AAGAG	16721.0	12282.9	-30.568
GTGCC	13568.0	10686.6	-30.136
ACAAG	10211.0	8122.7	-30.029
GACGG	6840.0	4871.8	-29.986
TGGCT	25733.0	20189.7	-29.811
AACGT	2418.0	2050.0	-29.340
TAAAG	14257.0	10968.8	-29.105
TGACT	11959.0	10598.2	-28.972
GGGTC	9979.0	7228.9	-28.824
TAGAG	16997.0	13979.1	-28.715
AGGTA	10511.0	7633.9	-28.432
CGCGT	911.0	907.9	-28.374
GACGA	2037.0	1408.5	-28.302
TTAAA	28310.0	21101.6	-28.106
GGAGC	9345.0	8339.1	-27.480
CTCTG	35495.0	26580.4	-27.211
TCAGG	16314.0	14670.8	-26.964
AGCTC	17570.0	13754.1	-26.493
ACTAC	9899.0	7196.0	-26.349
TCGCA	1688.0	1558.6	-26.237
CTCGA	4808.0	3982.3	-25.785
AGGAG	16790.0	15124.6	-25.701
GACTG	10329.0	8430.0	-25.692
ACAGT	15123.0	11382.9	-25.547
CACGC	5974.0	5605.3	-25.080
ATACT	9914.0	7223.5	-24.906
ACCCA	16671.0	12329.3	-24.773
CGTCA	2158.0	1816.9	-24.578
TTTAA	38369.0	28832.3	-24.565
GAGCA	10571.0	9093.0	-24.416
TAGGC	8830.0	6414.2	-24.334
AGAAA	26046.0	19464.5	-23.889
CTGAC	10558.0	10439.7	-23.480
CTTAC	8966.0	6526.7	-23.409
AACCG	1488.0	1221.4	-22.887
TAGTG	10398.0	7929.6	-22.764
GTACA	8646.0	6472.2	-22.293
AAAGA	21398.0	15962.6	-22.108
ACTCA	10492.0	9473.6	-22.038
GTGCT	18190.0	13532.0	-21.650
CAGCT	22403.0	18675.4	-21.541
GGGGT	11731.0	10675.7	-21.140
TCAGT	15893.0	13483.8	-20.714
ACCTG	13625.0	12049.5	-20.211
GAGAA	16719.0	13714.2	-19.964
AGCTA	11833.0	9840.2	-19.190
TGCTG	25529.0	20696.4	-19.006
TGGAA	18503.0	14386.5	-18.381
AGACG	7653.0	5595.1	-18.293
GTGGA	11724.0	9591.9	-18.106
CGAAG	2523.0	1859.2	-17.760
GGGAC	11760.0	8712.2	-17.677
CCGGC	5840.0	5293.1	-17.186
CAAAG	20283.0	15216.0	-16.942
GCGGG	3912.0	3604.9	-16.852
GATAC	5564.0	4334.9	-16.644
TCGAC	1708.0	1170.6	-16.593
TATTG	13401.0	11616.9	-16.563
GGTAC	4662.0	3869.3	-16.253
TCATG	13878.0	11705.5	-16.129
CACGG	2705.0	2568.6	-16.092
TTTGT	57464.0	43704.9	-16.034
AGGTG	19897.0	14947.0	-15.752
GTACG	1256.0	846.5	-15.707
CCTGA	22968.0	17298.4	-15.548
AGAGA	24975.0	20676.9	-15.465
AATAG	11177.0	8526.6	-15.310
CAGGG	15962.0	13252.2	-15.171
ATAGG	8947.0	6623.7	-14.549
TACCT	10943.0	8447.6	-14.495
ATGAT	15134.0	11340.4	-14.187
AGTTG	12381.0	9940.9	-13.885
TGATT	23217.0	17539.2	-13.474
CCTAG	9596.0	7783.7	-13.398
GCCGT	2429.0	2074.6	-13.313
AAGAT	14055.0	10534.6	-13.289
CGTCG	798.0	527.3	-13.066
TATAG	10774.0	8036.2	-13.026
GGTAA	8230.0	6101.0	-13.011
CTTGC	16327.0	12278.1	-12.945
CTCCA	17993.0	16781.5	-12.380
CCGGA	2922.0	2231.6	-12.267
GCCAT	13997.0	10520.5	-11.796
CTCAT	13236.0	12656.0	-11.659
GCTGA	13489.0	12076.1	-11.476
GCTAG	8303.0	6188.2	-10.971
TGTCA	18621.0	14088.2	-10.688
ACAGA	19395.0	14687.5	-10.519
AATCT	16713.0	12767.7	-10.116
GTACC	4919.0	4152.9	-9.971
AACGA	1979.0	1506.1	-9.561
TTAAG	14843.0	11449.2	-9.415
AGCAT	11238.0	9961.1	-9.388
TTTCG	4792.0	3541.2	-9.352
CAAGA	12139.0	10456.4	-9.278
TTACT	16119.0	12218.8	-8.767
GCACT	8336.0	8807.0	-8.278
TTCGC	3087.0	2263.3	-8.255
GCTTC	12421.0	10640.6	-8.152
CTTCC	19154.0	18167.8	-7.937
CAATG	9864.0	8879.4	-7.730
CATGC	13869.0	11709.6	-7.704
TGCCC	21795.0	16623.9	-7.547
TCCGA	2076.0	1702.8	-7.516
CCCAC	15684.0	12234.3	-7.494
GGTGT	15022.0	11414.0	-7.365
ACTGA	11243.0	9562.9	-7.349
GGTCA	7623.0	7464.4	-7.334
GTGTT	17865.0	14361.6	-7.085
TAGTA	12085.0	10974.9	-6.866
AAAAG	20917.0	15974.2	-6.752
GGTGG	14408.0	12835.2	-6.716
GACCG	1855.0	1350.6	-6.657
GTGAA	12090.0	10273.3	-6.597
GTCGT	1885.0	1382.4	-6.545
AGTAT	11490.0	8797.7	-6.212
CACGA	3526.0	2625.2	-5.968
AAGGA	15465.0	11968.4	-5.841
AACTT	16123.0	12310.3	-5.817
GTAAT	10767.0	8961.7	-5.788
CCACG	5155.0	4812.4	-5.760
TCACA	12282.0	11616.9	-5.489
ACGGC	1962.0	1695.0	-5.426
TCTGC	21903.0	17704.4	-5.393
ACTAT	9302.0	7069.3	-5.287
AGCTT	14641.0	12784.9	-5.169
CCCTC	11686.0	13485.8	-4.946
ATTAT	19931.0	15798.9	-4.807
CTTGA	16663.0	13602.0	-4.778
AGGCA	19326.0	15783.8	-4.727
GGTGC	12164.0	9292.5	-4.712
GCTGT	13888.0	12120.7	-4.607
ACCTA	6635.0	5488.6	-4.590
GCATG	14605.0	11185.8	-4.471
TTGAC	10414.0	7956.6	-4.282
CAGTA	10996.0	8538.4	-4.250
GAGAT	18141.0	14899.3	-4.200
TACGG	1505.0	1112.6	-4.069
GGACT	12440.0	9553.3	-4.045
AATGC	9902.0	8414.8	-3.954
TTCAG	19651.0	16604.2	-3.855
GGCGC	6736.0	5573.2	-3.818
TCTGG	15526.0	14482.0	-3.700
CATGA	14426.0	11078.3	-3.689
CGTGG	3676.0	3391.6	-3.450
AGATA	11805.0	9062.2	-3.374
GATAG	7016.0	5360.4	-3.371
CGCTC	5829.0	4444.0	-3.366
GAGCG	3134.0	2529.6	-3.351
AAGCC	9814.0	8969.9	-3.269
ACTAG	5698.0	4836.0	-3.241
CGACT	1765.0	1545.4	-3.237
CATAC	6177.0	4718.5	-3.189
TACGA	1338.0	996.2	-3.170
AGGGT	13475.0	10367.0	-3.122
ATTGC	10661.0	9514.5	-3.060
CAGGA	14680.0	15254.1	-3.058
GAAAC	10651.0	8925.0	-3.049
CAGCA	14361.0	13634.5	-3.043
TCCAA	10642.0	10238.5	-3.018
CAACT	9316.0	7937.1	-2.859
TTCTG	24589.0	23177.6	-2.761
TGAAA	20399.0	16370.3	-2.760
GAAAT	16988.0	13116.8	-2.612
CCAGT	12209.0	11369.4	-2.517
TTGGA	16705.0	13119.3	-2.486
ATGGA	14604.0	11282.4	-2.325
CAAAC	10683.0	9136.9	-2.316
TACAA	10389.0	9112.2	-2.197
TAAGA	11904.0	9195.3	-2.132
GTATA	8805.0	6791.3	-2.103
AACTA	8330.0	6426.9	-2.023
ATTGT	15060.0	12496.7	-1.981
TTTAG	21766.0	20156.9	-1.960
CGGGA	3329.0	3182.8	-1.957
CCCTG	14837.0	14551.7	-1.796
CGGTA	1282.0	976.0	-1.764
GGCTT	13043.0	11777.9	-1.739
GGGCT	14197.0	11002.5	-1.718
GCCTT	18360.0	14241.7	-1.712
GAGCT	11057.0	10610.3	-1.622
ACGAA	1760.0	1507.5	-1.618
AGTCA	10299.0	9048.2	-1.612
ATGTA	12345.0	9573.7	-1.542
ATGAA	15362.0	11921.9	-1.540
CGAGC	2410.0	1998.7	-1.514
ACCGT	3315.0	2556.1	-1.479
GAGGC	11596.0	12571.6	-1.449
TGTGA	19608.0	15862.4	-1.443
GTTAT	9662.0	8392.3	-1.442
ACCCT	8881.0	8575.2	-1.429
AGGCG	8197.0	6352.6	-1.426
CGAGA	3237.0	2840.2	-1.405
GTATT	18436.0	15853.6	-1.295
TTAAC	10169.0	7897.7	-1.273
AATTC	15449.0	12014.9	-1.226
AGCGC	2487.0	2209.6	-1.205
GGTCT	18305.0	14242.4	-1.196
GTTGT	14259.0	11475.0	-1.194
CGGGG	4961.0	4634.8	-1.193
ATGCA	10971.0	9412.5	-1.181
CTGAA	15664.0	12860.0	-1.160
TAATG	11664.0	9071.3	-1.146
GTTGA	9935.0	8564.7	-1.136
TTGAA	21512.0	17032.8	-1.092
CGTAA	1695.0	1311.6	-1.092
GAGTT	14601.0	13454.1	-1.053
ACCAC	15641.0	13081.0	-1.050
CGGTC	1900.0	1501.6	-1.017
AACCA	10127.0	8164.1	-1.004
GATCG	1686.0	1587.3	-1.001
TGATA	10295.0	8356.8	-0.992
TAGCA	8997.0	7588.8	-0.981
TAAGT	11774.0	9710.4	-0.973
CCGCG	2506.0	2264.1	-0.931
GTATG	8257.0	6433.7	-0.908
AGGAT	12894.0	11113.4	-0.859
GAGAG	15016.0	12997.4	-0.856
AAGTC	8791.0	8361.2	-0.835
TTGTG	18530.0	15909.6	-0.806
AGGGA	13004.0	11828.9	-0.804
GTGTA	9770.0	7786.8	-0.730
GCACG	4059.0	3172.4	-0.687
TGGTG	20929.0	16355.5	-0.664
CTTAA	12539.0	9806.5	-0.618
CAGAG	21073.0	17433.6	-0.568
CGGCG	2149.0	1686.4	-0.561
AAACT	16492.0	13242.9	-0.549
TAGGT	9311.0	7720.8	-0.535
TTATA	17870.0	13985.7	-0.535
CACGT	3204.0	3176.4	-0.529
TTCGA	2371.0	2010.2	-0.515
GGTTT	22325.0	20819.9	-0.476
TTGAT	15855.0	13807.1	-0.470
GTTCT	14081.0	12881.4	-0.457
AATTG	12701.0	9955.3	-0.451
AAACG	2908.0	2291.9	-0.395
GTACT	7060.0	5546.7	-0.393
GACAA	8517.0	6689.2	-0.380
TCGTC	2062.0	1628.4	-0.379
GATGA	11804.0	9270.0	-0.355
GCCGG	3883.0	3419.9	-0.348
TCAGA	13650.0	12860.0	-0.344
AACAG	12389.0	10026.7	-0.335
CCCCG	4062.0	3883.7	-0.327
TATCG	1316.0	1045.2	-0.327
GGCAC	11921.0	9365.7	-0.326
CGATA	1043.0	917.5	-0.320
TATAC	7259.0	5712.9	-0.320
AGAGG	14677.0	12729.4	-0.311
TGTAA	14672.0	12704.9	-0.311
CCACA	13791.0	12228.3	-0.305
GTTAA	9651.0	7590.6	-0.305
CTGGT	15889.0	14427.6	-0.304
TTTGG	25588.0	22341.2	-0.296
ATGCT	11228.0	10458.7	-0.283
ATAAC	6808.0	5368.8	-0.260
TGTTA	14571.0	12328.4	-0.256
CGCAC	2447.0	2200.5	-0.248
TCTAG	8886.0	8346.9	-0.244
AACTC	13907.0	11767.9	-0.244
CAATT	14871.0	11700.5	-0.232
GTCGG	1840.0	1465.4	-0.227
TCGTA	1635.0	1305.3	-0.219
TAGAA	13689.0	10780.6	-0.206
CTGCT	16678.0	16570.4	-0.203
CGCCG	2220.0	1879.2	-0.201
TGACA	10878.0	9389.5	-0.197
TCCTA	10595.0	9137.7	-0.175
ATATT	21852.0	17595.1	-0.174
CGGAA	2228.0	1778.1	-0.168
TTATT	45157.0	35517.4	-0.167
ATGTT	21342.0	17939.5	-0.162
AAAGG	14086.0	11430.6	-0.153
GGAGA	15488.0	13033.6	-0.152
TGCGT	2543.0	2588.5	-0.151
GAAAG	15206.0	12164.1	-0.148
GGGTA	5867.0	5107.3	-0.131
TTCTC	33969.0	26742.9	-0.111
AGAGC	10485.0	9643.6	-0.103
ACGAG	2278.0	1829.9	-0.102
TAGTT	13570.0	12241.3	-0.093
CTCTC	15952.0	18598.3	-0.092
GCTTA	8553.0	6786.7	-0.085
GAACG	1878.0	1516.4	-0.081
TCAAT	8099.0	8924.7	-0.069
TACTT	15395.0	12183.9	-0.067
GATGG	15041.0	13960.4	-0.067
TTAGA	13466.0	10901.7	-0.066
AGTTT	25738.0	24006.3	-0.060
GGAAC	7360.0	6141.7	-0.056
GTTTA	13047.0	12130.2	-0.056
TCCCC	12680.0	11965.3	-0.054
GATAA	8653.0	6983.7	-0.053
AGGTT	17235.0	13644.9	-0.053
TAACC	6348.0	5068.6	-0.047
GTGGG	11715.0	11098.4	-0.047
GCAGA	12152.0	11092.8	-0.046
AATAT	17090.0	13538.2	-0.045
GACAC	5952.0	5747.0	-0.045
AAGTT	15402.0	13507.0	-0.043
GGTAT	8045.0	6412.9	-0.042
TAAAA	25115.0	19860.3	-0.041
TTATG	13144.0	11250.4	-0.041
TGGTT	17021.0	15463.4	-0.040
TAGAT	9725.0	8515.0	-0.039
CCAAC	7027.0	6891.5	-0.038
AGGAA	18243.0	14671.9	-0.038
CGGCA	2198.0	2041.3	-0.033
CTGTG	19564.0	17734.4	-0.030
AAGGT	11142.0	8870.9	-0.028
CGCTA	1435.0	1179.2	-0.028
TGACG	2008.0	1639.3	-0.025
TTTTC	54987.0	43405.6	-0.024
GCTAA	12023.0	10916.4	-0.024
GATTT	21776.0	18527.2	-0.024
AACGG	1825.0	1493.8	-0.023
CCTCT	22934.0	19558.1	-0.023
ATCAC	9268.0	8374.1	-0.021
CGTAC	1021.0	850.4	-0.020
AAAGC	11412.0	9958.4	-0.020
GTCAG	9337.0	9357.0	-0.018
TGCAT	12273.0	12165.0	-0.018
ATACC	6180.0	4963.0	-0.018
CCGTA	1461.0	1206.8	-0.017
TATTT	57635.0	45527.3	-0.016
TTTAT	45583.0	36132.9	-0.016
GGCAG	13805.0	12722.8	-0.014
GTAAG	8118.0	6504.4	-0.014
CGGTG	3233.0	2919.9	-0.013
GTAAA	11314.0	9036.0	-0.012
ACCGG	1683.0	1411.5	-0.012
ATCGT	2000.0	1643.9	-0.012
TCCAC	14450.0	11517.7	-0.011
AAATG	20367.0	16326.6	-0.011
TTAAT	21604.0	17165.2	-0.011
TCTGT	32854.0	26037.1	-0.011
GCTTG	9668.0	9562.9	-0.011
ACGTC	1731.0	1563.2	-0.010
AATTA	15691.0	13317.7	-0.010
GGAAA	16389.0	13053.7	-0.010
ATCAG	9829.0	8747.3	-0.009
ACTTA	9548.0	7652.2	-0.008
ATAGA	10347.0	8287.3	-0.007
ATAGT	9826.0	8127.2	-0.007
AAATA	22494.0	17889.1	-0.007
GATAT	8626.0	7468.1	-0.005
AATTT	40156.0	32521.5	-0.004
TCATA	10510.0	8433.0	-0.004
GTAGG	6981.0	6009.2	-0.004
TGTTC	12817.0	12703.2	-0.004
CTTAG	9873.0	8083.7	-0.004
ATCGA	1441.0	1207.7	-0.004
AGATG	18804.0	15312.4	-0.003
TCGGA	1774.0	1575.3	-0.003
TCTTA	14469.0	11807.2	-0.003
TATTA	15856.0	13251.1	-0.003
TTGTC	14331.0	12720.1	-0.003
GTATC	6047.0	5191.2	-0.002
GAGGA	14938.0	11959.1	-0.002
ACGTG	3382.0	3040.8	-0.002
TTCTT	50993.0	40795.4	-0.002
ATAAT	14521.0	11634.4	-0.002
ATACG	1422.0	1199.2	-0.002
GGGTG	10118.0	9805.3	-0.002
CAACG	1464.0	1393.6	-0.002
GCAAA	10611.0	9553.4	-0.002
TAATA	13006.0	10439.9	-0.002
GACCT	11588.0	10032.5	-0.001
GTTGG	14261.0	11471.8	-0.001
TTTCA	28981.0	28045.4	-0.001
TTACG	1854.0	1555.4	-0.001
TTGCA	14106.0	13905.3	-0.001
ACGGT	2027.0	1720.5	-0.001
TTCAC	16254.0	15602.6	-0.001
AGAAT	15875.0	13088.0	-0.001
GGTAG	8019.0	6499.2	-0.001
GTCGA	1137.0	977.1	-0.001
GAATG	11591.0	9870.2	-0.001
GAACC	6328.0	5870.9	-0.000
TTGTA	21455.0	18448.5	-0.000
GTCCC	6990.0	7135.9	-0.000
TGATG	13054.0	12057.0	-0.000
TGGGT	17115.0	13737.9	-0.000
AGATT	15900.0	13532.4	-0.000
CCGTG	4663.0	3828.4	-0.000
TCATC	9913.0	9471.3	-0.000
TGTGT	24657.0	22884.6	-0.000
CTCGT	3845.0	3186.7	-0.000
AATGA	14488.0	11688.1	-0.000
CTCTT	22414.0	21420.5	-0.000
TATGA	10336.0	8374.9	-0.000
ATCAT	12572.0	10154.8	-0.000
ATTAA	14142.0	11412.4	-0.000
CATCG	1908.0	1621.7	-0.000
AAGGG	9999.0	8925.1	-0.000
GGCGA	2479.0	2087.6	-0.000
GTTAC	6779.0	5547.2	-0.000
TGAAC	11463.0	9497.3	-0.000
CTGTA	13691.0	12172.4	-0.000
AAGAC	9687.0	8230.6	-0.000
TCTTT	52889.0	43558.5	-0.000
TTTCT	54663.0	48883.4	-0.000
CGAAA	1932.0	1644.3	-0.000
ATCGG	1289.0	1119.3	-0.000
TGCAC	9986.0	9495.6	-0.000
CGGGC	3845.0	3313.2	-0.000
CATAG	8530.0	6956.5	-0.000
TACGT	2039.0	1735.4	-0.000
GGTCG	1589.0	1367.7	-0.000
GTGTC	9492.0	8896.3	-0.000
CGACG	621.0	566.0	-0.000
AATAC	8755.0	7495.2	-0.000
CGGTT	2334.0	2101.7	-0.000
TAACA	9706.0	7905.0	-0.000
ATACA	10292.0	8919.0	-0.000
AAATT	24897.0	20342.3	-0.000
GATTG	8832.0	8188.7	-0.000
TTCCG	3111.0	2612.6	-0.000
TACCA	8919.0	7281.4	-0.000
CTAAC	5043.0	4647.5	-0.000
GAACA	9640.0	7879.9	-0.000
AAAAA	40075.0	37253.5	-0.000
CTTTG	20642.0	21092.4	-0.000
CGCCA	6426.0	5288.2	-0.000
GAATT	15685.0	12686.0	-0.000
TGGAC	7816.0	6588.4	-0.000
GTCAT	9520.0	7918.4	-0.000
CCGAT	1316.0	1153.8	-0.000
TTGGT	16977.0	15097.9	-0.000
GCGGC	3490.0	2930.9	-0.000
CACTA	7653.0	6284.4	-0.000
TGTCT	19821.0	18114.0	-0.000
TTGCG	1971.0	1915.0	-0.000
ATCCG	2740.0	2329.0	-0.000
TGCTT	19766.0	18576.2	-0.000
ACTCT	16084.0	13040.3	-0.000
TAGGA	10341.0	8454.6	-0.000
GCACA	10998.0	9216.4	-0.000
ATCAA	8361.0	7131.5	-0.000
GAACT	13000.0	10587.2	-0.000
TGGTA	11272.0	9205.3	-0.000
TAATT	28374.0	23036.1	-0.000
CTTCT	20560.0	20401.4	-0.000
GACGT	1944.0	1682.2	-0.000
ATTTA	24548.0	22227.7	-0.000
TGCTC	15887.0	13494.7	-0.000
GGCAA	8698.0	7872.2	-0.000
ATTGA	11862.0	9742.6	-0.000
TTGCT	24674.0	20664.3	-0.000
ATTTG	19669.0	19037.9	-0.000
CGTTG	2336.0	2011.0	-0.000
TTTGC	20064.0	19455.9	-0.000
AATGT	15698.0	12977.0	-0.000
AACAT	12952.0	10883.3	-0.000
GGCTA	11003.0	9511.7	-0.000
CGAAT	1670.0	1467.7	-0.000
AATGG	13491.0	11110.7	-0.000
ACGAC	1119.0	1009.3	-0.000
TTCCT	24550.0	25909.8	-0.000
ATTAG	8815.0	8576.8	-0.000
TGGGG	15285.0	14549.8	-0.000
CTTGT	16194.0	13833.6	-0.000
TAAAC	9347.0	7701.3	-0.000
CTAGA	9113.0	7513.8	-0.000
TATAA	12892.0	10769.3	-0.000
CGGAC	1371.0	1224.7	-0.000
GAATC	7373.0	6711.6	-0.000
ATGAG	13524.0	11055.8	-0.000
CCATA	7327.0	6079.2	-0.000
TGGAT	11996.0	10910.3	-0.000
TTGGG	15443.0	13897.5	-0.000
GGACG	1901.0	1668.7	-0.000
TTAGT	14811.0	14710.7	-0.000
TCTCT	24155.0	27361.0	-0.000
TATGG	8263.0	6838.6	-0.000
ACTTT	24554.0	20392.3	-0.000
TATCT	12542.0	11283.9	-0.000
TGACC	11322.0	10003.3	-0.000
AATCG	1431.0	1466.8	-0.000
CTACG	1390.0	1245.9	-0.000
ACAAC	6861.0	5713.1	-0.000
CGTAT	1666.0	1478.0	-0.000
GCATT	11807.0	11154.3	-0.000
TAGAC	5766.0	5063.7	-0.000
GCACC	9328.0	8217.5	-0.000
TCAAA	16256.0	14321.3	-0.000
CGGAT	1730.0	1537.0	-0.000
TGGGC	14468.0	12175.0	-0.000
TCTGA	13987.0	13622.6	-0.000
ACCAT	15597.0	12759.5	-0.000
CTTCA	14839.0	13058.6	-0.000
CCAGA	14328.0	11989.8	-0.000
TATGT	15035.0	12700.6	-0.000
ACAAT	10763.0	8890.3	-0.000
CTGTT	23117.0	19338.8	-0.000
ACTTC	11596.0	9754.9	-0.000
GCTAT	8063.0	6716.7	-0.000
GTTTC	18455.0	19258.1	-0.000
AAAAC	14916.0	12233.8	-0.000
TTCGT	2956.0	2561.2	-0.000
TGTAC	8040.0	6700.2	-0.000
GTTCG	1747.0	1560.9	-0.000
TGGCC	18922.0	15454.3	-0.000
AAAAT	28652.0	23270.6	-0.000
TTATC	10047.0	9532.2	-0.000
CGTTA	1458.0	1323.7	-0.000
GTGAG	17043.0	13961.9	-0.000
TGCGC	3204.0	2776.5	-0.000
TTACC	8692.0	7244.7	-0.000
GCGCG	3354.0	2900.9	-0.000
ACCAA	8574.0	7300.1	-0.000
AGAAC	9600.0	7990.4	-0.000
GGCCG	4039.0	3471.2	-0.000
GTCAA	6082.0	5983.3	-0.000
GCATA	6596.0	5559.9	-0.000
CTAAA	10751.0	9363.4	-0.000
TACTA	7175.0	6032.4	-0.000
TAAAT	19303.0	16029.0	-0.000
AGCCC	9494.0	9452.2	-0.000
CTACA	11294.0	9369.3	-0.000
AGTTC	11764.0	10754.0	-0.000
CCGTC	2827.0	2483.5	-0.000
TAACG	1226.0	1143.4	-0.000
TTCTA	14412.0	13708.6	-0.000
GCCGA	2434.0	2441.6	-0.000
GGTGA	12631.0	10463.3	-0.000
GTTTG	18088.0	17554.1	-0.000
GACAT	8436.0	7075.5	-0.000
TCGGT	2047.0	1838.5	-0.000
CCGGT	1930.0	1740.6	-0.000
TCGAA	3024.0	2652.9	-0.000
ACGCA	1856.0	1695.3	-0.000
ACGGG	3500.0	3225.6	-0.000
CTATT	13026.0	11791.9	-0.000
ATAAG	8411.0	7219.6	-0.000
CATAA	8731.0	7329.0	-0.000
ACGCG	750.0	739.8	-0.000
ATGCG	1860.0	1696.2	-0.000
CACAC	12535.0	11821.7	-0.000
TGCGG	2968.0	2624.2	-0.000
GTCCT	9851.0	9386.3	-0.000
ATCTG	12956.0	11611.0	-0.000
ACCTT	13715.0	11420.4	-0.000
ACACT	8692.0	8189.3	-0.000
ATATG	10849.0	9082.6	-0.000
CCTTC	14835.0	15631.7	-0.000
GGGAG	13285.0	13953.2	-0.000
AAACA	17059.0	14106.4	-0.000
CAAAT	13883.0	11801.5	-0.000
GCTCT	19163.0	15807.3	-0.000
GGCGG	4844.0	4191.6	-0.000
TCGTT	2972.0	2647.5	-0.000
TCATT	20096.0	18671.8	-0.000
TCCGT	2904.0	2594.7	-0.000
TACGC	1032.0	1004.4	-0.000
CATTT	29204.0	26835.3	-0.000
GCGGA	2301.0	2090.7	-0.000
ATAAA	17534.0	15024.4	-0.000
ATCCC	7098.0	8082.4	-0.000
GAAGG	12515.0	10486.3	-0.000
AGTTA	10260.0	8656.4	-0.000
ATGAC	7130.0	6106.5	-0.000
CCTTA	9559.0	8092.2	-0.000
TCTTC	18126.0	17922.9	-0.000
CGTTT	4192.0	4060.3	-0.000
CGAAC	2415.0	2203.1	-0.000
CGATG	1729.0	1621.2	-0.000
GTCCA	7335.0	6923.3	-0.000
CAGTT	16550.0	14150.3	-0.000
GCGAA	1435.0	1369.0	-0.000
ACATA	9808.0	8306.2	-0.000
TCCCT	15081.0	17035.9	-0.000
CACAA	10770.0	9097.4	-0.000
TGTAT	20264.0	17569.1	-0.000
CATTG	11983.0	10405.8	-0.000
ACATC	7364.0	6580.1	-0.000
GCCAA	8967.0	8187.7	-0.000
ATGGC	10960.0	9275.7	-0.000
CATCA	10295.0	9271.3	-0.000
GGTTA	6642.0	5942.5	-0.000
AGATC	8017.0	7247.5	-0.000
GACTT	10585.0	9387.5	0.000
TTCCC	16846.0	16323.5	0.000
CACCA	23267.0	19992.6	0.000
CCATG	16331.0	14373.5	0.000
ATGCC	12799.0	10964.8	0.000
CTGAT	11023.0	10647.7	0.000
GATGC	6411.0	6320.1	0.000
GCCAG	14607.0	14827.2	0.000
GGGAA	12195.0	10645.1	0.000
AAACC	9220.0	8382.1	0.000
AGACC	7638.0	7274.1	0.000
CCTTG	16309.0	13716.8	0.000
CTCTA	8592.0	9170.5	0.000
TCTAC	6961.0	7180.6	0.000
CAGAA	16289.0	13871.9	0.000
ATGTG	14295.0	12747.7	0.000
TGTGG	15482.0	13975.0	0.000
CCTGT	15768.0	15244.0	0.000
TAGTC	6195.0	5766.9	0.000
TGGTC	13308.0	12256.7	0.000
ACATT	15921.0	13647.1	0.000
AGTCC	7818.0	7613.3	0.000
TAAGG	7925.0	6835.7	0.000
GGAAG	14803.0	12440.8	0.000
GGGGA	10159.0	9468.7	0.000
GGAGG	15321.0	15299.6	0.000
GAGGG	10624.0	10186.9	0.000
AGGGG	9142.0	8602.9	0.000
GGGGG	8564.0	7476.3	0.000
GAGGT	10775.0	10621.2	0.000
GGATG	9497.0	9224.9	0.000
ATGGG	10597.0	10091.2	0.000
ATTGG	9458.0	8466.2	0.000
ACCAG	10299.0	9301.7	0.000
AGCAC	8380.0	8368.8	0.000
CTATA	7515.0	6561.3	0.000
AACAA	12789.0	10869.5	0.000
CACAT	10761.0	10328.8	0.000
ATGGT	11833.0	11120.5	0.000
TGAAT	15438.0	13182.2	0.000
GTGTG	21789.0	18944.6	0.000
CATAT	10833.0	9395.8	0.000
ATATC	7415.0	6534.7	0.000
GATGT	9868.0	8677.1	0.000
ATGTC	8585.0	8405.5	0.000
GTCTG	11121.0	10513.6	0.000
CACTT	14243.0	13713.0	0.000
GGACC	5626.0	5060.3	0.000
AATCC	9087.0	8808.0	0.000
ATCCA	10948.0	9606.9	0.000
GGGCA	8878.0	8994.9	0.000
CAACA	9217.0	8897.6	0.000
ACATG	10507.0	9648.9	0.000
CATGT	15895.0	14293.9	0.000
TATTC	11696.0	10393.3	0.000
ATTCA	13185.0	12102.4	0.000
ACAAA	14676.0	13051.9	0.000
CAAAA	17091.0	15251.0	0.000
ACTTG	10730.0	9818.9	0.000
AATAA	16911.0	14177.1	0.000
GGATA	6643.0	5815.3	0.000
TTCGG	2208.0	2102.0	0.000
TCGGG	2540.0	2478.5	0.000
GGGCC	7355.0	7427.4	0.000
GGCCC	8498.0	7893.0	0.000
GCCCG	6477.0	6062.5	0.000
CTTAT	10843.0	9899.3	0.000
CTTTA	15984.0	15585.5	0.000
TTAGG	9423.0	8618.9	0.000
TCGAT	1999.0	2072.8	0.000
CCTAT	6731.0	6570.9	0.000
TTTAC	15368.0	13603.7	0.000
TACTC	7219.0	6515.4	0.000
TCTAT	10211.0	10474.2	0.000
CTATC	5845.0	5250.5	0.000
TATCA	8971.0	8022.2	0.000
ATTTC	19255.0	19821.0	0.000
TCCAT	11823.0	12346.1	0.000
TAATC	8344.0	8037.4	0.000
TCCTT	20775.0	21650.1	0.000
TCTAA	9735.0	8932.5	0.000
CTAAT	14358.0	12809.8	0.000
TATCC	6576.0	6163.2	0.000
CAATA	7359.0	7041.2	0.000
GGACA	7939.0	7036.2	0.000
CCAAT	6960.0	6820.1	0.000
AATCA	11266.0	9556.6	0.000
CATTA	9961.0	8831.0	0.000
CCCCT	11104.0	11180.8	0.000
CCCTT	11791.0	13011.8	0.000
CCTTT	24063.0	22919.9	0.000
CTTTC	19833.0	23062.8	0.000
TACCC	6131.0	5471.1	0.000
AAGGC	8715.0	8191.4	0.000
ACCCC	7435.0	7272.8	0.000
TAGGG	6872.0	6345.6	0.000
ACTAA	7591.0	6543.2	0.000
CCCAT	9986.0	9925.4	0.000
CCATT	16012.0	14607.8	0.000
GTCTA	5369.0	5374.5	0.000
CTAGT	7603.0	6556.6	0.000
AGGGC	7870.0	7939.3	0.000
GCGTT	2095.0	2062.0	0.000
CGTTC	2042.0	2079.8	0.000
TGAGG	14522.0	14135.1	0.000
GCTTT	19682.0	18930.6	0.000
CCGCT	2816.0	2734.2	0.000
GCTAC	5499.0	5154.3	0.000
ATCGC	1614.0	1757.9	0.000
ACTCG	1714.0	1882.1	0.000
CACTC	13072.0	11533.7	0.000
GCCCT	9536.0	10073.8	0.000
CCCTA	6338.0	5835.1	0.000
TACAC	5667.0	5353.2	0.000
ACACG	2068.0	2262.6	0.000
CGACA	1403.0	1381.8	0.000
CATGG	11145.0	9873.1	0.000
AGGCC	9665.0	9768.2	0.000
GGCCA	12255.0	11897.7	0.000
GGTTG	9342.0	8919.3	0.000
ATTCC	10171.0	9885.6	0.000
CTTCG	2516.0	2313.3	0.000
GGGGC	7514.0	7624.2	0.000
ACACA	11992.0	11294.3	0.000
CATTC	12831.0	12040.4	0.000
ATTCG	1538.0	1533.4	0.000
AACCC	6516.0	7003.0	0.000
ACCCG	3417.0	3123.3	0.000
CCCGT	2529.0	2455.6	0.000
TACAT	11390.0	9847.2	0.000
AAATC	11258.0	9679.5	0.000
ATCTA	7343.0	6651.3	0.000
TTCAT	18963.0	17510.5	0.000
ACACC	8972.0	8236.0	0.000
CCATC	11766.0	10458.6	0.000
GGGCG	3272.0	3636.1	0.000
CCACT	14576.0	12552.9	0.000
TGTGC	14498.0	12681.4	0.000
GCGCC	5680.0	5110.2	0.000
CCCGC	5888.0	5655.1	0.000
GTCCG	1549.0	1504.4	0.000
CGAGG	3340.0	3141.7	0.000
GTTAG	6940.0	6670.1	0.000
TGTCC	10439.0	10074.3	0.000
GGTCC	5095.0	5216.4	0.000
CATCT	14418.0	13232.5	0.000
AGGTC	7406.0	7341.0	0.000
CGCTT	2799.0	2779.1	0.000
GACCC	5349.0	5488.5	0.000
GTTCC	7529.0	8201.9	0.000
AGGAC	7452.0	6786.3	0.000
GCGAG	2618.0	2424.9	0.000
CTACT	8233.0	8327.5	0.000
TTTCC	24291.0	25090.7	0.000
CGCGC	2539.0	2543.6	0.000
GACCA	7927.0	7016.8	0.000
CGTCT	3417.0	3097.9	0.000
CGCGG	1787.0	1776.8	0.000
CCGTT	2225.0	2166.9	0.000
CGTGT	3766.0	3450.6	0.000
AACAC	7561.0	7039.5	0.000
TGCTA	9709.0	8487.3	0.000
TTCCA	16746.0	16507.8	0.000
ACGCC	5172.0	5088.5	0.000
TATGC	6644.0	6116.0	0.000
ACGCT	1839.0	1857.0	0.000
GACGC	1354.0	1461.9	0.000
CAGAT	12577.0	11188.0	0.000
ACGTT	2727.0	2573.3	0.000
GCGCT	2214.0	2425.5	0.000
AACGC	1260.0	1309.2	0.000
CTATG	7961.0	7283.7	0.000
CGCAT	1505.0	1557.9	0.000
CCGAC	1563.0	1556.1	0.000
