OligoSequence	Target Occurences	Background Occurences	Enrichment(ln p, up to 2 mismatches)
TTATT	57021.0	33307.1	-1641.087
GCTCA	21137.0	10975.3	-1583.107
GCAGT	19149.0	9935.6	-1470.641
TTTAT	55883.0	33726.1	-1351.084
CTCAC	21828.0	11841.7	-1350.902
ACTGC	17513.0	9383.7	-1199.719
GGAGT	21959.0	12419.7	-1117.294
GAGTG	17599.0	9699.9	-1063.197
CAAGC	13240.0	6917.4	-1055.638
TATTT	62180.0	39656.1	-964.107
TGCAG	22329.0	13069.5	-947.278
TCAAG	17583.0	9993.4	-916.835
GGCTC	16655.0	9393.3	-911.231
TCACT	24745.0	14841.2	-890.130
CAGTG	20774.0	12330.2	-830.127
AGTGC	18092.0	10558.0	-818.188
AGGCT	22056.0	13338.7	-778.384
GGTTC	13686.0	7732.6	-767.729
CCAGG	23959.0	14681.6	-763.086
CACTG	20513.0	12337.3	-761.462
GTGCA	17592.0	10382.5	-751.984
AGTGG	17364.0	10276.5	-733.161
GCGAT	6252.0	3022.6	-718.265
CCCAG	25325.0	15912.6	-673.487
ACCTC	18201.0	11045.1	-657.071
CAACC	11402.0	6451.9	-651.645
GCAAC	10464.0	5842.4	-644.509
CTGCA	20313.0	12548.8	-640.502
AACCT	14437.0	8556.6	-624.531
AGCGA	4688.0	2198.3	-606.640
GTTCA	16259.0	9922.0	-580.012
CCTCC	31347.0	20601.2	-553.885
TCTCG	9849.0	5623.1	-547.670
TTGTT	45220.0	30516.5	-537.211
GTGGC	13241.0	7963.8	-533.649
TCGCG	642.0	672.3	-523.747
ATTTA	30666.0	20268.6	-520.652
TGGAG	21885.0	14066.8	-513.790
GAGAC	15168.0	9394.2	-498.632
AAGCG	4500.0	2227.2	-486.684
TTTTT	381414.0	176028.0	-463.239
TGGCG	5531.0	2918.7	-462.818
GGCTG	21311.0	13959.5	-434.084
TCGCT	5441.0	2941.6	-411.120
GACAG	12116.0	7516.7	-407.782
TGCAA	17399.0	11285.7	-401.261
CGATC	4802.0	2543.9	-398.939
GGGGG	7903.0	4624.3	-395.356
CTGGA	19743.0	12987.8	-395.315
AGTGA	13946.0	8982.5	-352.968
GAGTC	11213.0	7041.0	-351.924
TGTTT	49260.0	34779.7	-343.950
GATCT	13837.0	8955.0	-337.911
GTCTC	18269.0	12168.8	-334.560
CTCGC	4937.0	2754.7	-325.495
CCCCC	9310.0	5788.3	-319.216
GTCGC	3833.0	2088.9	-315.059
GCGCA	2194.0	1556.0	-314.264
TTTTA	58954.0	42150.5	-311.788
CTGTC	15987.0	10620.5	-307.704
AAAAA	38014.0	26859.2	-301.097
CTCCG	5883.0	3481.3	-283.803
AGTCT	17278.0	11670.5	-281.934
TGATC	12842.0	8440.6	-280.590
TGTCG	4319.0	2424.2	-279.083
GCGGT	1946.0	1336.5	-276.245
GTTTT	47481.0	34074.3	-275.086
ACCGC	1779.0	1582.8	-270.088
TCACG	3575.0	2080.3	-259.770
ACGGA	3791.0	2114.4	-254.898
GCAAT	11082.0	7259.5	-254.161
GGCGG	3888.0	2977.5	-252.580
CGGGT	4330.0	2489.9	-248.647
CGCTC	4673.0	2725.8	-247.817
CCCGG	5901.0	4578.4	-244.106
CGATT	4021.0	2291.3	-242.260
TCGCC	4774.0	2826.9	-232.915
TCCGC	5250.0	3209.4	-211.023
CTCTG	24389.0	17341.4	-209.892
CTCCT	25599.0	18267.6	-207.534
TCGGC	5801.0	3608.1	-207.431
TTGAG	20571.0	14539.3	-199.349
GCTCG	1614.0	1527.6	-193.958
CGGCT	6097.0	3870.5	-189.104
CGCAG	2000.0	1626.0	-187.793
TGAGA	19393.0	13762.5	-181.271
CGGAG	4737.0	2926.8	-179.539
GTGGT	12622.0	8710.3	-175.979
GTGAT	14249.0	9936.8	-174.172
AAGCA	11297.0	7733.8	-173.847
GTCAC	8556.0	5724.2	-169.192
AGCTC	11607.0	8012.0	-163.313
TCGAG	1866.0	1478.3	-162.927
TCCTG	24420.0	17740.8	-156.803
ACGAT	2330.0	1308.1	-155.083
CTCGA	2350.0	2176.3	-153.470
CTCAA	12863.0	9005.3	-152.908
GGTGG	10634.0	7335.5	-152.754
GCCGT	1566.0	1183.2	-152.748
CAGGC	20844.0	15136.8	-140.683
ACGCT	1211.0	1093.1	-135.085
CTCGG	6555.0	4378.9	-134.978
GGGGT	7618.0	6601.2	-134.495
CAATC	7753.0	5277.6	-132.202
CGCCT	6992.0	4718.6	-130.766
CTCCC	22863.0	16786.8	-127.285
CTGCC	17765.0	12913.5	-122.548
CGCAA	1891.0	1176.5	-121.190
AGACA	12756.0	9103.3	-120.401
ACGGC	1262.0	987.8	-119.282
ATCTC	15566.0	11260.3	-118.261
CCTGG	17572.0	12807.7	-116.877
CACGG	1715.0	1538.4	-116.354
GATTC	10517.0	7431.2	-115.683
GGGTC	7006.0	4807.5	-115.119
TTTTG	59038.0	44872.2	-109.847
CACGC	3535.0	2751.7	-108.731
GCGAC	1284.0	788.3	-105.408
GGGTG	7938.0	5960.3	-104.263
TCCCA	18950.0	13971.4	-103.540
CACGA	2318.0	1405.9	-102.894
GACTG	6545.0	5373.2	-102.819
GCTCT	14453.0	10517.0	-102.542
CGAGT	2071.0	2096.4	-100.325
CGGTC	1117.0	1010.1	-99.775
CAGTC	8212.0	6017.7	-98.848
CCGGG	5582.0	3798.6	-98.655
GCAGC	8533.0	6019.4	-98.345
AGCGC	1333.0	1328.1	-98.060
CGCAC	1396.0	1305.4	-93.749
TTTGT	47239.0	36048.4	-93.058
AGAGT	11573.0	8376.5	-91.987
CGCTG	2452.0	2125.6	-91.749
GGCAG	8344.0	6979.9	-91.562
GGGCG	2763.0	2554.0	-90.116
GACGG	4235.0	2833.8	-89.380
TCTCC	20246.0	15102.4	-88.942
GGGTT	14724.0	10826.8	-88.672
GACTC	5153.0	4439.0	-88.098
ACTCC	9183.0	6913.5	-85.202
GCAAG	6755.0	4739.3	-85.100
GCCCA	13259.0	9729.2	-83.904
CCGCC	7483.0	5396.1	-83.106
CCCCG	3197.0	2852.0	-82.163
CGCGA	1527.0	1067.5	-81.660
AACCG	1015.0	814.7	-80.945
GCACT	6596.0	5356.2	-80.277
CTTTT	53472.0	41163.1	-78.484
GCTCC	6664.0	6002.0	-78.158
AGGCG	3221.0	3426.5	-77.523
AGGGT	9216.0	6660.3	-77.264
AGACG	4495.0	3078.1	-75.807
GGGAG	10263.0	7476.6	-75.673
TTCAA	18228.0	13661.8	-75.316
GGAGG	11365.0	8333.4	-74.856
GAGGC	8907.0	6743.4	-72.935
GCAGG	7397.0	6434.5	-72.934
GTAAC	4719.0	3268.6	-70.911
CACTC	9876.0	7216.4	-70.042
GAGCG	1870.0	1455.8	-69.225
CCGAG	3174.0	2789.0	-68.568
GCACG	2562.0	1675.8	-67.689
CGTGG	2493.0	2046.0	-66.442
TGGCA	11555.0	8545.4	-66.151
ACAGT	10328.0	7601.7	-65.000
CGGGG	3041.0	3165.8	-64.028
TGCCG	1927.0	1500.1	-62.674
TCGAC	1162.0	688.4	-61.282
GATCA	6737.0	4862.7	-59.841
CCAAG	7587.0	6951.3	-58.409
CGCCC	5740.0	4872.3	-58.302
ATCGC	1420.0	968.5	-57.640
AGCAA	9779.0	7244.2	-55.711
GGATC	4938.0	3562.9	-54.979
AAGTG	13996.0	10555.1	-54.147
CGAGA	2309.0	1534.8	-53.964
CGAGG	2117.0	1738.7	-53.860
GGTCA	5190.0	4768.4	-53.467
TGGGC	9556.0	7097.6	-52.484
ATCCT	11196.0	8388.8	-51.096
GTGCG	2820.0	1933.5	-48.928
AGCCT	16024.0	12269.3	-48.321
ACCGA	1067.0	789.7	-47.559
GCCGA	1855.0	1223.9	-46.913
ATTCT	22817.0	17600.0	-46.689
GTGGA	6598.0	5970.8	-46.631
CAGCG	2148.0	1810.1	-46.150
AGACT	8277.0	6417.1	-45.619
TCCCG	5651.0	4238.7	-45.609
GGCGC	4217.0	3461.6	-45.574
TGGGT	12573.0	9528.3	-44.823
AGGTT	12573.0	9535.7	-44.196
CAAGG	6443.0	5328.0	-42.943
CCTCG	3289.0	3140.5	-42.558
TGGGG	10922.0	8855.4	-41.743
GCCAT	8821.0	6610.8	-41.633
CTTGA	11991.0	9103.5	-41.631
CGGTG	2225.0	1809.3	-40.642
AGTCG	1278.0	983.7	-40.456
TCTGT	25977.0	20204.1	-40.428
GATCG	1384.0	899.7	-40.130
TGCGA	2143.0	1461.4	-40.119
AAGCT	9706.0	7322.5	-39.877
TGTAA	12582.0	9591.2	-39.546
GCGGC	2389.0	2140.5	-39.462
CCCCT	9425.0	7105.1	-39.342
TCTCA	18793.0	14530.9	-38.081
CTCAG	16176.0	14335.8	-37.851
TCCCC	10717.0	8139.9	-37.726
GGGGC	5096.0	4859.6	-37.142
GTTGC	9988.0	7576.4	-36.546
ACCCC	5850.0	4386.1	-36.545
CTGGC	9204.0	8766.8	-36.490
GTAGT	7331.0	5489.2	-36.153
CAGGG	9526.0	7452.2	-35.568
GGTGC	6879.0	5671.2	-35.470
GATCC	6294.0	4687.8	-34.962
GCGGG	2923.0	2594.4	-34.920
CGACC	1396.0	924.6	-34.900
CCCTG	10159.0	8279.9	-34.512
CGGCA	1361.0	1164.9	-34.466
GTGAC	5473.0	4419.2	-33.819
TCGCA	1162.0	996.1	-33.594
CGCCA	3729.0	2702.2	-33.509
TGGTG	14217.0	10963.4	-33.128
CCTGC	13805.0	10639.9	-32.910
CACCC	10196.0	7785.5	-32.188
CTGTA	11152.0	8549.7	-31.616
GAGGG	6924.0	5717.0	-31.381
GGCGT	3439.0	2785.5	-30.495
CACCG	2235.0	2381.4	-30.346
CGAGC	1468.0	1153.6	-30.315
GCGCT	1526.0	1605.6	-29.943
TTTAA	32714.0	25797.9	-29.468
CAGCC	14707.0	11649.7	-28.783
ACTGG	6994.0	6078.2	-28.153
CGCCG	1504.0	1354.0	-28.120
CCACC	13183.0	11861.1	-27.845
AGCGG	1755.0	1426.1	-27.231
GGCGA	1662.0	1153.3	-26.945
GAGAG	6847.0	6874.5	-26.530
GGGGA	7415.0	5648.6	-26.007
GCTGG	22459.0	17657.6	-25.997
GCTGC	7645.0	7000.8	-25.751
ACTCG	1309.0	1094.0	-25.524
CTACT	7606.0	5807.1	-25.295
GTGGG	8793.0	6749.6	-25.198
TCCAG	11097.0	9430.5	-25.081
GTTAT	8293.0	7934.8	-24.831
GTAAT	8648.0	6639.4	-24.820
TCTTG	21397.0	16830.7	-24.706
TGAAG	9810.0	8862.1	-24.540
AGTCC	5410.0	4646.1	-24.509
ACAGA	11508.0	8928.1	-23.837
TCACC	11383.0	8830.6	-23.798
CCAGT	7578.0	7370.7	-23.326
GGTCG	1125.0	927.1	-22.643
AACTC	8365.0	7117.1	-21.192
TAACC	4926.0	3736.6	-20.198
AGCGT	1670.0	1396.6	-19.992
GTCGT	1346.0	1057.6	-19.828
CGGTT	1765.0	1440.3	-19.565
AGTAC	5014.0	3812.6	-19.499
CGATA	896.0	607.3	-19.335
CAAGT	10564.0	8239.8	-19.205
CCAGC	10876.0	9393.0	-19.136
GTACA	6071.0	4654.8	-19.093
CTTAA	10286.0	8019.8	-19.047
CGTGC	2175.0	1966.7	-18.952
GCCTC	22732.0	18065.4	-18.633
CCCAC	8702.0	7311.0	-18.486
GGAGC	4829.0	4648.7	-18.121
GTTCG	1404.0	999.8	-17.735
GAAGT	7701.0	7309.5	-17.716
CACAC	7779.0	7590.6	-17.643
TGACG	1427.0	1018.8	-17.517
GGGCT	8827.0	6876.6	-17.282
ACTAC	5446.0	4570.5	-16.756
CGTAA	1270.0	902.5	-16.711
ACCCA	9543.0	7462.7	-16.467
AGTGT	10426.0	8675.0	-15.827
CACCT	12119.0	9545.0	-15.718
AGACC	5219.0	4016.7	-15.550
ATAGC	5464.0	4213.5	-15.341
AACCC	5251.0	4331.7	-15.117
CTACC	4848.0	3882.9	-14.735
CTGAC	5859.0	6142.9	-14.722
CTTGC	10843.0	8535.2	-14.691
CTAGG	6079.0	5073.6	-14.515
CTCCA	12724.0	10055.7	-14.409
CGGGA	2220.0	1838.2	-14.387
CCTAC	4386.0	3529.3	-14.232
ACGGT	1278.0	1103.3	-14.048
GAGCC	7307.0	6566.3	-13.940
CCGGC	2506.0	2962.2	-13.882
CCGTC	2205.0	1645.1	-13.873
TGTAG	9934.0	7819.7	-13.757
GACCG	1017.0	774.0	-13.702
ACAAC	5123.0	3965.0	-13.423
TGCGG	1952.0	1629.3	-13.383
CGTAG	1237.0	894.6	-13.266
GCTAC	4047.0	3108.3	-13.200
GGTTG	7459.0	6104.1	-12.984
TGCAC	7075.0	5815.8	-12.452
AATGC	6720.0	5977.5	-12.269
ACTCT	11912.0	9445.3	-12.127
GACGA	1041.0	751.1	-11.788
TAGTG	7409.0	5895.9	-11.760
CATCC	6450.0	5744.9	-11.500
GCTGT	9324.0	8065.4	-11.483
ACGCC	3096.0	2370.6	-11.374
TTAAG	11475.0	9109.1	-11.294
CAAAC	6962.0	5898.8	-11.084
CTCTC	13312.0	13895.5	-10.761
CCTAG	5970.0	4758.8	-10.691
CTGCG	2115.0	2331.1	-10.631
CCGGA	1714.0	1283.7	-10.617
ATCAC	7008.0	5520.6	-10.320
TCGTA	1202.0	884.2	-10.244
ATATA	14093.0	11255.4	-10.130
ATACT	7784.0	6156.4	-9.706
CACAG	8365.0	7632.3	-9.677
AGCAG	8858.0	7026.2	-9.627
TTGAT	12579.0	12170.7	-9.403
TTAAA	22846.0	18394.6	-9.162
ACAGC	6179.0	5114.2	-8.926
TTAAT	18702.0	15522.7	-8.510
GTTTA	11944.0	10515.6	-8.248
TTTGA	27761.0	22437.0	-8.176
GTTAC	5337.0	4208.4	-8.149
ACTCA	7085.0	6225.4	-7.989
ACACT	6704.0	5852.2	-7.980
ACTTG	9007.0	7181.8	-7.971
CGCTA	974.0	722.8	-7.911
TGGTT	14278.0	12582.4	-7.802
ATCGT	1621.0	1234.3	-7.670
TACTG	8145.0	6490.7	-7.587
GTGCC	6414.0	6104.3	-7.432
TAATT	19798.0	18363.7	-7.252
TATTG	10156.0	10156.9	-7.209
TTGGG	11991.0	9624.0	-7.204
GCGTG	3619.0	3140.2	-6.918
CCTCA	13664.0	12599.1	-6.842
TCCGG	1908.0	1617.3	-6.788
GGTCT	11290.0	9067.2	-6.731
ACTGT	10596.0	8847.8	-6.607
TAACG	1086.0	847.2	-6.500
TACCG	993.0	747.4	-6.494
ACCCT	6362.0	5485.7	-6.430
CGTCG	516.0	482.7	-6.420
TCAAC	5364.0	4837.2	-6.347
CCCGC	3161.0	3544.1	-6.144
CGAAA	1337.0	1024.6	-5.977
GTCGG	1336.0	1024.2	-5.890
GTATT	11486.0	12171.4	-5.873
GACGC	1046.0	794.0	-5.871
TCGTG	2549.0	2125.7	-5.862
CGACT	1239.0	983.1	-5.842
GCGAG	1645.0	1271.6	-5.791
CTAGC	4230.0	3647.3	-5.691
TTTAG	14504.0	15315.0	-5.677
ATCTT	16898.0	13674.4	-5.660
TTAGT	10604.0	11212.0	-5.571
CCGAT	999.0	759.9	-5.563
CTAAC	3674.0	3518.3	-5.556
ATGTA	9700.0	7805.0	-5.521
AAGAC	6258.0	5005.3	-5.454
ACGCA	1347.0	1037.3	-5.442
TAGTT	11177.0	10894.6	-5.334
CACTA	5380.0	4297.7	-5.235
AGTAA	7871.0	6326.2	-5.110
CGTCT	2587.0	2037.8	-5.101
AACGT	1791.0	1489.3	-5.097
ATTTT	63252.0	51619.8	-5.080
CATCG	1257.0	970.3	-4.892
GACAC	3607.0	3566.8	-4.853
GTAGC	6161.0	6228.7	-4.803
AGGGC	4828.0	4545.3	-4.624
ACGAG	1282.0	993.6	-4.620
TATAT	17119.0	14131.9	-4.581
AATCT	12102.0	9800.8	-4.493
GTGTT	12750.0	11451.6	-4.379
GTTGT	11576.0	9445.2	-4.377
CTTGG	12754.0	10338.7	-4.356
AATAC	7204.0	5805.1	-4.255
TCGGG	2018.0	1590.2	-4.202
CAGGT	12054.0	9772.2	-4.174
AAACA	12116.0	10218.5	-4.173
TAACT	8584.0	6935.3	-4.165
TTCGA	1762.0	1386.7	-4.061
TTATA	12859.0	12738.5	-4.053
ACTGA	7553.0	6497.0	-4.041
TACGA	955.0	738.5	-3.967
CGTCC	1610.0	1536.0	-3.894
ACCTA	4715.0	3972.1	-3.879
GGCTA	5326.0	5526.7	-3.788
CGGCC	2813.0	3186.3	-3.774
GATAC	3607.0	3152.4	-3.669
ACGCG	610.0	466.7	-3.668
CGACA	1056.0	823.4	-3.626
TGGCT	15217.0	12970.1	-3.581
TAGGC	4902.0	4010.1	-3.532
TGTTA	12212.0	10476.4	-3.449
GTACG	808.0	626.1	-3.425
GAACG	1159.0	908.3	-3.409
TAAGC	5106.0	4117.4	-3.402
GTCCA	4454.0	4384.8	-3.396
CAGAC	5385.0	4594.8	-3.321
TATTA	13523.0	12424.9	-3.317
CGGAT	1197.0	941.7	-3.234
CATGC	7262.0	6753.3	-3.232
GAAAC	6915.0	5888.4	-3.142
TTAAC	8436.0	6850.4	-3.115
TGATT	16128.0	14138.2	-3.106
AGGCA	9095.0	8729.0	-3.099
TTACT	12759.0	11100.4	-2.961
TAGCG	944.0	863.4	-2.955
GGAGA	8270.0	7180.5	-2.914
ATCGA	1053.0	829.2	-2.909
CCCAA	9559.0	8570.1	-2.905
CCGCA	1685.0	1585.4	-2.842
CATAC	4452.0	3599.2	-2.794
GTCTT	16329.0	13343.9	-2.783
CCCGT	1931.0	1544.4	-2.758
GGGCA	5913.0	5163.2	-2.723
TGTAT	13730.0	13979.1	-2.702
CCCTC	9453.0	8670.1	-2.697
AAAAC	11131.0	9214.3	-2.695
TACAG	10900.0	10925.7	-2.658
TTATC	8830.0	8892.6	-2.630
GTACT	5054.0	4098.4	-2.608
TGTTG	19165.0	16337.5	-2.498
TAAAG	10049.0	8203.5	-2.408
TTATG	10386.0	9583.0	-2.405
AGGGG	6152.0	5115.1	-2.402
GTCCC	5454.0	4564.5	-2.377
ATCCC	6011.0	5329.1	-2.356
GCCAG	7485.0	7460.1	-2.309
ACTAA	6020.0	4900.0	-2.302
TACAC	4725.0	3839.3	-2.270
CGTTC	1753.0	1407.2	-2.254
ACGTA	1411.0	1130.6	-2.249
CCGCT	1989.0	1749.0	-2.238
GCGGA	1675.0	1345.9	-2.191
AAGCC	5385.0	5054.1	-2.180
TCGGT	1446.0	1363.6	-2.161
GGCCG	2674.0	2164.4	-2.071
GCGTA	840.0	668.5	-2.061
GTTCT	11376.0	10443.6	-2.038
GGTAC	3064.0	2823.1	-1.902
AAACT	11485.0	9533.7	-1.894
TACTC	6032.0	4927.1	-1.877
TGCTC	10879.0	8914.1	-1.877
TAGCC	5637.0	4602.9	-1.873
TGCTG	13165.0	12896.3	-1.855
GGTTT	17156.0	15861.3	-1.844
GCCTG	11004.0	10005.6	-1.838
GCGTC	1345.0	1319.1	-1.838
CTGAA	9833.0	8914.5	-1.812
AAACC	6883.0	5776.7	-1.741
TATGT	12096.0	11170.6	-1.723
TCTAC	6408.0	5244.4	-1.699
CTTTA	14150.0	13721.9	-1.684
GAACC	4080.0	3332.2	-1.608
CTTAT	9139.0	8891.2	-1.597
ATTAT	15693.0	13976.8	-1.512
AATCG	1284.0	1041.6	-1.512
CAATG	6756.0	6308.9	-1.502
CCGTG	2262.0	2094.0	-1.502
CTGGG	19229.0	15825.9	-1.494
TCGTC	1496.0	1214.6	-1.494
TAATG	9511.0	7812.5	-1.481
AGAGA	10839.0	11186.9	-1.444
CCGAA	1220.0	990.9	-1.414
ACGAA	1112.0	902.7	-1.410
CGATG	1168.0	948.8	-1.376
CAGAG	11965.0	9843.7	-1.370
CGACG	436.0	350.5	-1.358
CTATT	10542.0	10646.0	-1.303
CAAGA	7375.0	6246.6	-1.297
TGCCC	11440.0	9417.8	-1.287
CGTAC	732.0	593.7	-1.275
CCTGT	11906.0	9805.4	-1.236
AGCCG	1946.0	1591.5	-1.216
GCACA	6634.0	5706.2	-1.215
TACTT	13054.0	10756.0	-1.195
CAGGA	9508.0	8361.5	-1.179
CCGTA	987.0	805.8	-1.136
TTCAC	10813.0	10665.9	-1.131
TCACA	8534.0	7962.7	-1.080
TTGGT	13270.0	12688.3	-1.077
TACGC	715.0	615.0	-1.045
GTGTC	6473.0	6436.3	-0.981
ACTTA	7368.0	6427.1	-0.964
GGCAC	6480.0	5347.6	-0.932
TGTCA	12461.0	10291.7	-0.922
CTGCT	11569.0	10767.3	-0.852
GTAAA	8388.0	6931.8	-0.843
AACTG	7414.0	6602.1	-0.824
TCAGG	9734.0	8839.9	-0.818
AACGG	1142.0	942.8	-0.806
ATGCA	7141.0	6484.5	-0.799
TACAA	7897.0	6531.4	-0.767
CCCCA	9377.0	7757.1	-0.762
TTGTG	13163.0	12616.6	-0.757
CTACG	962.0	796.1	-0.724
CTTAC	6424.0	5317.2	-0.715
GTGCT	9021.0	8242.5	-0.662
TCATT	17013.0	16368.7	-0.649
CGTTA	1307.0	1084.8	-0.640
TACTA	6035.0	5002.0	-0.631
GGCAA	5608.0	4651.3	-0.601
TCCTC	13927.0	11583.1	-0.586
TGTTC	10722.0	10481.4	-0.585
CGCGG	1320.0	1374.5	-0.579
AACAA	9258.0	7989.6	-0.559
AACGA	1166.0	970.2	-0.553
TATTC	9735.0	9921.3	-0.539
CGGAA	1437.0	1197.1	-0.534
ATTGA	8309.0	8029.0	-0.532
TCCGT	2248.0	1873.0	-0.507
GACCT	6375.0	5782.7	-0.482
ATCTA	5925.0	5652.3	-0.462
AACAG	7683.0	6387.6	-0.456
GGGAT	8241.0	8332.9	-0.444
TTCGT	2574.0	2147.8	-0.436
CGGCG	1687.0	1483.1	-0.428
GGACT	6060.0	6057.8	-0.419
GGTGT	8941.0	7806.4	-0.416
ACCTG	7582.0	6788.1	-0.409
AAACG	1824.0	1527.3	-0.387
GGACG	1195.0	1004.9	-0.366
GGCTT	8967.0	8168.1	-0.361
TAAAC	7210.0	6008.7	-0.360
AACGC	963.0	811.7	-0.359
CGCGC	1552.0	1836.0	-0.354
ATGAT	10242.0	8527.2	-0.352
TCTCT	21950.0	23005.1	-0.346
CAGTA	6957.0	5800.4	-0.345
CCATC	8092.0	6743.8	-0.341
CTACA	6858.0	5976.1	-0.337
CGGAC	918.0	775.7	-0.326
ATATT	16391.0	16038.3	-0.325
CTGTT	18605.0	15837.6	-0.325
GCCTT	10896.0	9076.2	-0.324
TAAAA	19749.0	16431.2	-0.312
TCTTA	12229.0	10272.0	-0.310
GATTT	16252.0	15460.7	-0.304
TTGTA	14105.0	14106.4	-0.303
GTGTA	7174.0	5989.4	-0.288
ATGCT	7844.0	7487.9	-0.276
CTTCG	1909.0	1607.0	-0.274
GAGGT	7534.0	6293.2	-0.262
ACGAC	773.0	658.0	-0.260
AACTT	12266.0	10229.4	-0.258
ACTAG	4114.0	3448.7	-0.253
GTCTG	7869.0	7608.7	-0.250
AGTCA	6325.0	6114.8	-0.247
CTGTG	12071.0	11880.1	-0.243
TTTAC	12848.0	11734.4	-0.242
GGGAC	4909.0	5038.7	-0.237
TCTGG	10425.0	10076.4	-0.236
TGGAA	10508.0	9516.9	-0.229
GTCCG	1139.0	966.0	-0.229
AACCA	6666.0	5579.9	-0.221
CTCTT	18449.0	17837.3	-0.218
GAAGC	5507.0	5043.2	-0.217
ACGTC	1119.0	1119.3	-0.217
CATGG	7345.0	6149.5	-0.197
ATGTT	14735.0	14269.7	-0.197
AATCC	7017.0	5877.1	-0.193
ACAGG	10982.0	10859.3	-0.188
AAGGT	7014.0	5878.2	-0.181
ATTGT	12111.0	10807.6	-0.180
CTTGT	12466.0	11452.7	-0.171
TAAGA	7975.0	6683.1	-0.164
TCGTT	2506.0	2256.7	-0.158
TGCCA	9494.0	8850.3	-0.156
GCAGA	6496.0	6307.9	-0.152
TCTGC	13859.0	11589.9	-0.152
AGGAT	8058.0	7080.8	-0.126
CAACA	6890.0	5790.6	-0.123
CAACT	6507.0	5733.9	-0.121
GCTAA	5683.0	6300.7	-0.120
CAGCT	12832.0	10746.1	-0.119
CGCGT	646.0	636.0	-0.117
ATAAC	5110.0	4306.0	-0.116
ACCAA	5739.0	4833.0	-0.116
CCGTT	1773.0	1512.5	-0.113
CGTTT	3341.0	3131.2	-0.112
TATCT	10206.0	10263.5	-0.111
TGGGA	13778.0	13082.1	-0.110
AGAGC	5678.0	5394.1	-0.108
TAGAC	3907.0	3627.3	-0.104
AGCTA	7044.0	5928.3	-0.099
TACCC	4304.0	3670.7	-0.096
TGTGT	19162.0	18960.9	-0.094
TCAGT	10379.0	9856.8	-0.094
AGTTC	8645.0	7765.2	-0.094
ATTTG	17167.0	16149.6	-0.086
GTTTC	13783.0	14545.2	-0.086
AGCCC	5761.0	5023.3	-0.085
GTTGA	6779.0	6503.2	-0.082
AGTTA	7734.0	7033.8	-0.081
GGTGA	7306.0	6291.5	-0.078
TTCAT	16572.0	15747.2	-0.075
GACGT	1244.0	1073.1	-0.075
AGTTT	19456.0	19442.3	-0.074
ATACA	8185.0	6892.1	-0.074
GAGCA	5643.0	5231.1	-0.073
CGGTA	803.0	701.5	-0.070
GTCGA	736.0	645.0	-0.069
GCCAC	7097.0	8083.4	-0.069
CGTCA	1450.0	1249.5	-0.069
TTGCC	12795.0	10749.4	-0.064
ACACG	1538.0	1325.4	-0.063
AACTA	5832.0	4931.1	-0.060
ACTTC	8826.0	7672.7	-0.059
TGACA	7554.0	6375.6	-0.057
TTGCG	1492.0	1335.9	-0.056
TTTCA	21580.0	22855.9	-0.056
GCCGC	2345.0	2057.7	-0.056
TGTAC	5921.0	5010.0	-0.054
CGAAG	1340.0	1161.3	-0.051
TTCTG	19517.0	18875.0	-0.051
AATTT	27209.0	27058.8	-0.048
TTCTT	47313.0	39580.4	-0.044
TCTAT	9223.0	9630.5	-0.042
TACCT	7185.0	6077.5	-0.042
TGAAA	13256.0	12010.0	-0.040
TTGAC	7373.0	6237.2	-0.038
AAGAT	8719.0	7366.4	-0.037
CAAAA	13139.0	11063.1	-0.037
GTTAA	7439.0	6296.5	-0.035
TCATG	9399.0	8389.8	-0.033
TCCAC	8589.0	7261.0	-0.032
TTACC	6548.0	5551.9	-0.032
TAGAG	8521.0	8145.7	-0.032
TCTAG	6804.0	6537.7	-0.030
TATCG	1011.0	889.0	-0.029
GTGAA	7534.0	6932.3	-0.028
CTTTG	17212.0	16927.4	-0.026
TTTGG	19746.0	17972.0	-0.025
AGTAG	8368.0	9798.6	-0.025
CGTGA	3518.0	3014.0	-0.025
CCACT	8885.0	8078.2	-0.024
GTTTG	16102.0	14039.0	-0.024
GCGCG	2440.0	2104.7	-0.024
CATTT	22765.0	23343.5	-0.020
ATTGC	7817.0	7085.7	-0.019
AATAG	7595.0	6447.9	-0.018
GCTTA	6270.0	5336.8	-0.017
CTTCT	17787.0	17117.0	-0.017
AAAGC	7030.0	6275.2	-0.015
TCCAA	7020.0	7173.1	-0.014
CGCTT	2075.0	1804.1	-0.013
TAGTC	5117.0	4375.7	-0.012
TTCGC	1833.0	1600.3	-0.012
CTAGA	5852.0	4995.2	-0.012
TCCGA	1210.0	1069.1	-0.011
TGCGC	1664.0	1727.7	-0.011
TTGTC	10963.0	10515.7	-0.009
GCTTT	15612.0	14959.3	-0.007
GTGAG	9098.0	7866.0	-0.007
AGCCA	9231.0	9006.8	-0.005
TTTCG	3321.0	2878.4	-0.005
AGATC	5634.0	4834.2	-0.005
CCTCT	15265.0	12938.5	-0.004
TACGG	870.0	788.8	-0.004
ACATA	7678.0	6562.1	-0.004
AAGTA	8941.0	7627.4	-0.004
CTTAG	6909.0	5915.2	-0.004
TGAGG	9724.0	8290.0	-0.003
GGCCC	4770.0	4590.0	-0.003
TGCTT	16177.0	14789.0	-0.003
CAGCA	7987.0	7865.5	-0.003
ATGGC	7002.0	6002.1	-0.002
GCATG	7809.0	6684.7	-0.002
GTTGG	8295.0	7654.3	-0.002
ACGTT	2093.0	1845.8	-0.002
TGCCT	19296.0	16349.7	-0.002
CATAG	5787.0	4981.8	-0.002
TTCTA	12281.0	12224.4	-0.002
GCTGA	8094.0	7056.1	-0.002
TAATC	7248.0	6221.9	-0.002
ATAAA	12842.0	12263.5	-0.001
TGACC	6146.0	5973.6	-0.001
TTCCG	2204.0	1947.6	-0.001
AAATA	17120.0	15124.4	-0.001
CCCTA	4409.0	3828.0	-0.001
GGTCC	3413.0	3293.9	-0.001
TGGCC	8815.0	8606.2	-0.001
CCGGT	1226.0	1164.1	-0.001
TGTCT	15664.0	14673.4	-0.001
ATCGG	844.0	778.9	-0.001
TCAAT	6548.0	7391.5	-0.001
TGTGG	10734.0	9713.5	-0.001
CGTAT	1201.0	1089.6	-0.001
TAGGG	5009.0	4346.0	-0.001
ACAAA	10758.0	9326.2	-0.001
TTTGC	14891.0	15483.9	-0.001
ACAAG	5685.0	5052.7	-0.000
ACCAG	6036.0	5523.5	-0.000
ATACC	4147.0	3620.8	-0.000
TGAGT	9363.0	9501.9	-0.000
TCTTC	16152.0	15645.4	-0.000
TTCTC	23825.0	20931.5	-0.000
TTTCT	51031.0	46448.9	-0.000
TTTTC	46495.0	39983.0	-0.000
TCTTT	49280.0	41784.6	-0.000
GTATA	6685.0	5784.2	-0.000
GCGTT	1639.0	1479.9	-0.000
TGAAC	7189.0	6214.7	-0.000
GAATC	5065.0	4693.1	-0.000
AGGAG	9465.0	8141.1	-0.000
ATTAA	10949.0	9770.1	-0.000
CTGGT	9325.0	8962.1	-0.000
GGGAA	7498.0	6481.6	-0.000
AAAAG	12834.0	11201.1	-0.000
ACGTG	2203.0	1970.3	-0.000
TAGCA	6146.0	5336.7	-0.000
CAACG	983.0	912.4	-0.000
TATAC	5872.0	5104.4	-0.000
TGACT	8243.0	7826.0	-0.000
CGAAC	1123.0	1088.0	-0.000
TTACG	1282.0	1175.7	-0.000
ATTCA	9642.0	9738.8	-0.000
ATTTC	17404.0	17571.5	-0.000
TTGCT	18638.0	16455.6	-0.000
TGTGA	11541.0	10855.4	-0.000
CTTCC	14478.0	13505.1	-0.000
AAGAA	11651.0	10973.3	-0.000
GCACC	4370.0	4649.1	-0.000
GGTAG	4750.0	4158.5	-0.000
AATTG	9338.0	8055.9	-0.000
GCTAT	5952.0	5183.8	-0.000
GGATG	5743.0	5410.7	-0.000
CATTG	8692.0	8288.5	-0.000
AGAGG	7314.0	7299.8	-0.000
AGCAC	5183.0	4944.0	-0.000
TCCTT	18426.0	18543.1	-0.000
AAAAT	21824.0	18707.9	-0.000
ACTTT	18849.0	17214.5	-0.000
TTCGG	1626.0	1483.0	-0.000
CCACG	2066.0	2663.1	-0.000
AAGGC	5390.0	4713.3	-0.000
TTCCT	21279.0	21375.2	-0.000
GGAAC	3966.0	3824.7	-0.000
CTCAT	9350.0	9125.6	-0.000
ACCTT	9421.0	8143.8	-0.000
CCAAC	4764.0	4269.8	-0.000
GCTTG	7455.0	6475.0	-0.000
TTGAA	14425.0	13147.7	-0.000
GACCC	3653.0	3235.6	-0.000
ACCGG	921.0	869.4	-0.000
AATTC	10706.0	9237.1	-0.000
TCCCT	12479.0	12132.5	-0.000
CGTTG	1621.0	1483.9	-0.000
AGGGA	7483.0	6779.5	-0.000
CTAAA	8164.0	7086.0	-0.000
GAGTT	9847.0	9385.7	-0.000
GCCGG	2302.0	2173.7	-0.000
AAAGA	11673.0	10819.9	-0.000
CTCGT	2214.0	2053.0	-0.000
CGGGC	2580.0	2319.4	-0.000
ACCAC	6921.0	7249.4	-0.000
ATACG	1064.0	1000.5	-0.000
TACGT	1583.0	1455.7	-0.000
GCTAG	4485.0	3961.9	-0.000
AGAAA	13845.0	13168.1	-0.000
CCTTT	20385.0	18638.1	-0.000
TGAGC	9341.0	8168.0	-0.000
GCGAA	832.0	798.3	-0.000
AACAC	5672.0	4981.8	-0.000
GACCA	4561.0	4031.9	-0.000
AAGGG	6179.0	5564.2	-0.000
GAGTA	6333.0	6265.3	-0.000
GGGTA	4093.0	3633.0	-0.000
TGGAC	4752.0	4252.9	-0.000
AGCTG	10533.0	10783.9	-0.000
ACACC	5124.0	4885.0	-0.000
CATTC	10835.0	9390.5	-0.000
GTCAA	4190.0	4421.5	-0.000
ATGGA	8567.0	7463.1	-0.000
GAAAA	12634.0	11592.2	-0.000
AATAA	12940.0	11495.5	-0.000
GCCCT	6372.0	5690.7	-0.000
TGGTC	7688.0	7548.3	-0.000
TAACA	7382.0	6460.3	-0.000
TAATA	10219.0	8877.0	-0.000
AAGTC	5707.0	5997.0	-0.000
ACCGT	1495.0	1478.3	-0.000
AAAGT	13327.0	11567.0	-0.000
GGAAT	7600.0	6838.7	-0.000
GATTG	6514.0	5760.8	-0.000
GCCCC	5395.0	5171.9	-0.000
AATGT	12357.0	10708.9	-0.000
TTCAG	12598.0	12377.9	-0.000
GCCTA	4570.0	4068.4	-0.000
ATCAT	8947.0	7813.4	-0.000
GCAAA	6461.0	6524.2	-0.000
AGTTG	8317.0	7278.7	-0.000
AATGG	8818.0	7789.3	-0.000
CTATC	4710.0	4191.9	-0.000
CGCAT	1101.0	1055.7	-0.000
GCATC	4211.0	4285.4	-0.000
ATTCG	1158.0	1106.9	-0.000
ACACA	8430.0	7922.8	-0.000
ACTAT	6352.0	5610.3	-0.000
TACAT	9623.0	8409.7	-0.000
GTGTG	14557.0	13835.9	-0.000
GAGCT	6545.0	6114.2	-0.000
CTTCA	10719.0	10000.0	-0.000
GTAGG	4297.0	3855.5	-0.000
CTTTC	19424.0	20873.8	-0.000
TCAGC	12233.0	11526.9	-0.000
GTATG	5793.0	5150.3	-0.000
GATGG	8918.0	8465.3	-0.000
TTCCC	13594.0	11817.1	-0.000
TAAGG	5489.0	4893.0	-0.000
GAATG	7147.0	6878.7	-0.000
TTGGC	11624.0	10352.9	-0.000
CCGAC	909.0	942.9	-0.000
CTATA	5900.0	5256.3	-0.000
TCCTA	7393.0	6687.6	-0.000
AGAAC	5734.0	5114.8	-0.000
AGGTG	9355.0	8374.0	-0.000
CCTTA	6857.0	6091.3	-0.000
CCATG	7843.0	8515.7	-0.000
TTGCA	10621.0	10180.9	-0.000
CCTTC	12029.0	11761.1	-0.000
CACGT	2185.0	2045.9	-0.000
TCATA	7933.0	7030.0	-0.000
CCCAT	7398.0	7109.0	-0.000
GGCAT	7498.0	6657.1	-0.000
TATAA	9791.0	9377.7	-0.000
CTAAG	5056.0	4553.5	-0.000
CCAGA	7624.0	6846.6	-0.000
CACAA	6941.0	6190.9	-0.000
GAGAT	10411.0	9176.8	-0.000
TGCAT	9029.0	9369.1	-0.000
CAGTT	11503.0	10569.3	-0.000
AGGCC	5654.0	5088.7	-0.000
GATAG	4399.0	4000.7	-0.000
ATGCG	1019.0	1019.1	-0.000
AAGAG	8010.0	7424.2	-0.000
CCTTG	10149.0	8961.6	-0.000
AATTA	12166.0	10787.7	-0.000
AGCTT	10046.0	9092.4	-0.000
CACTT	11211.0	10261.8	-0.000
TCGGA	1094.0	1093.9	-0.000
GTAAG	4982.0	4533.9	-0.000
GCCAA	5302.0	4800.1	-0.000
GGATT	11151.0	11076.9	-0.000
GATGC	4034.0	4009.1	-0.000
ACCCG	1712.0	1694.9	-0.000
AGTAT	7895.0	7044.1	-0.000
GTCAT	6858.0	6293.8	-0.000
TCGAT	1309.0	1296.0	-0.000
GCTTC	7928.0	7085.4	-0.000
GGAAA	9643.0	8566.9	-0.000
GGCCT	8248.0	7924.0	-0.000
TTGGA	10553.0	9709.6	-0.000
CATAA	6645.0	5988.9	-0.000
CCTGA	8941.0	9522.2	-0.000
CGTGT	2422.0	2301.2	-0.000
GTCCT	6668.0	6510.7	-0.000
CTCTA	7536.0	6810.6	-0.000
CCAAA	10301.0	9152.0	-0.000
AACAT	9441.0	8468.8	-0.000
ATAGG	5232.0	4773.8	-0.000
AGGTC	5172.0	4722.2	-0.000
GAACT	7193.0	6646.7	-0.000
ACATC	5055.0	4736.8	-0.000
ATCCG	1386.0	1379.4	-0.000
TGATG	8662.0	8957.5	-0.000
GGTAA	4973.0	4554.9	-0.000
TCTGA	10070.0	10221.4	-0.000
TTTCC	21265.0	20798.6	-0.000
GGGCC	4598.0	4232.9	-0.000
ATCAA	5559.0	5642.5	-0.000
TCAAA	11421.0	10506.6	-0.000
CTGAG	11204.0	10327.2	-0.000
GGTTA	5084.0	4668.2	-0.000
GGAAG	7786.0	7094.4	-0.000
ACGGG	1634.0	1884.8	-0.000
TAGGA	6444.0	5865.4	-0.000
GTTAG	5286.0	4857.3	-0.000
TTAGC	6963.0	6322.7	-0.000
ATTGG	6559.0	6384.7	-0.000
GACTA	4654.0	4307.3	-0.000
TGATA	7312.0	7062.3	-0.000
GACAA	4883.0	4515.5	-0.000
TAAAT	15353.0	14074.9	-0.000
TAAGT	8593.0	7755.4	-0.000
TCGAA	1570.0	1577.9	-0.000
CCATA	4949.0	4586.6	-0.000
CACCA	9300.0	10476.9	-0.000
CGAAT	950.0	1007.1	-0.000
CATGA	8130.0	7373.6	-0.000
ACATG	7446.0	6789.4	-0.000
AATCA	7702.0	7016.8	-0.000
CATCA	6345.0	6482.9	0.000
ATCCA	6354.0	6637.0	0.000
TCCAT	9490.0	9886.2	0.000
ATAAT	11370.0	10282.3	0.000
TCTAA	7686.0	7618.7	0.000
CTAAT	7998.0	8821.1	0.000
TAGCT	10104.0	9614.4	0.000
TATCC	5170.0	5377.4	0.000
ACAAT	7449.0	6852.0	0.000
CAATA	5623.0	5485.3	0.000
AATAT	12338.0	12315.6	0.000
GGACA	4645.0	4419.1	0.000
AATGA	9212.0	8729.8	0.000
ATGAA	9216.0	9001.7	0.000
ACCAT	7688.0	7900.5	0.000
CCAAT	5012.0	5005.2	0.000
TACCA	5812.0	5417.2	0.000
TCATC	7437.0	7257.5	0.000
CATTA	7672.0	7173.8	0.000
TATAG	6789.0	6471.9	0.000
AGGAA	9485.0	9124.6	0.000
GAATA	7028.0	6518.3	0.000
CCCTT	10658.0	9663.0	0.000
GACAT	5433.0	5092.9	0.000
GAACA	5626.0	5345.0	0.000
CCATT	12535.0	11648.8	0.000
ATTCC	8156.0	7528.4	0.000
CCACA	6991.0	7335.6	0.000
CCTAT	5257.0	5121.4	0.000
TATGC	4568.0	4637.2	0.000
TGCTA	6819.0	6375.6	0.000
ATAGA	6539.0	6169.5	0.000
TAGAA	8683.0	7918.9	0.000
GAAAT	10916.0	9868.5	0.000
AAATT	19192.0	17207.2	0.000
TTAGG	7080.0	6550.2	0.000
TAGGT	6291.0	6040.8	0.000
CAAAG	9283.0	9185.7	0.000
AAGTT	11567.0	10654.4	0.000
AAGGA	7867.0	7469.0	0.000
AGGAC	4096.0	4346.6	0.000
CAAAT	9672.0	9353.3	0.000
AAATC	7969.0	7523.5	0.000
ATCAG	6324.0	6136.0	0.000
CTGAT	7809.0	7927.5	0.000
CTAGT	5268.0	4985.4	0.000
TAGTA	6912.0	7318.4	0.000
GTATC	4185.0	4216.5	0.000
TTACA	12125.0	12184.0	0.000
GGCCA	6208.0	6433.6	0.000
TATGA	7209.0	6914.9	0.000
ATGAG	6948.0	6990.0	0.000
GATTA	8610.0	8719.8	0.000
AGATT	10619.0	9823.9	0.000
AAATG	13618.0	12189.8	0.000
ATGCC	6579.0	6396.1	0.000
GTCAG	5837.0	5967.5	0.000
CCGCG	1360.0	1655.2	0.000
GTTCC	5815.0	5993.1	0.000
TTCCA	12615.0	12667.6	0.000
CATCT	10763.0	9829.4	0.000
ATCTG	8573.0	8302.3	0.000
TGTGC	8755.0	8518.4	0.000
GTAGA	6497.0	7040.9	0.000
AGCAT	7323.0	6966.4	0.000
GAAAG	7716.0	7443.0	0.000
GTACC	2810.0	2857.9	0.000
TGGAT	8389.0	8218.0	0.000
GGATA	4086.0	4510.1	0.000
GATAA	5487.0	5252.8	0.000
CAGAT	7619.0	7343.2	0.000
GCGCC	2626.0	3077.8	0.000
TGCGT	1695.0	1810.6	0.000
TGGTA	7385.0	7056.6	0.000
AGATA	7026.0	6657.4	0.000
AGATG	10577.0	9638.8	0.000
ATGGG	6799.0	6357.5	0.000
GGACC	2816.0	2916.5	0.000
GAGGA	7213.0	6955.1	0.000
CATGT	9758.0	10089.2	0.000
ATGTC	6312.0	6709.1	0.000
GCCCG	2686.0	3315.3	0.000
TGTCC	7278.0	6897.3	0.000
GATAT	5862.0	6444.5	0.000
ATATG	7464.0	7672.9	0.000
GGTAT	5282.0	5208.5	0.000
ATGTG	10370.0	9719.0	0.000
GACTT	7466.0	7183.4	0.000
TGAAT	10860.0	10896.8	0.000
GCATT	8491.0	8709.5	0.000
AGGTA	5777.0	5376.9	0.000
ATTAC	8164.0	8750.3	0.000
TTAGA	9213.0	8582.3	0.000
TCAGA	8342.0	8562.5	0.000
GATGA	6400.0	5919.8	0.000
AAAGG	7910.0	7372.3	0.000
CATAT	8196.0	7956.4	0.000
TATGG	5505.0	5193.9	0.000
ATGGT	8270.0	7790.8	0.000
GAATT	10323.0	10037.0	0.000
ATTAG	7126.0	6643.6	0.000
GAGAA	8443.0	8193.5	0.000
AGAAT	10074.0	9347.1	0.000
CTATG	5648.0	5471.5	0.000
ACATT	11859.0	11425.8	0.000
GTCTA	4301.0	4331.6	0.000
TAGAT	7041.0	7052.2	0.000
TATCA	6983.0	6744.0	0.000
ATAAG	5608.0	5270.2	0.000
ATATC	5657.0	5948.0	0.000
AGAAG	8278.0	8321.3	0.000
ATGAC	4635.0	4415.9	0.000
GAAGA	7551.0	7006.5	0.000
ATAGT	7371.0	6792.0	0.000
GATGT	6836.0	6561.5	0.000
CACAT	7510.0	7512.4	0.000
CCCGA	2187.0	2417.1	0.000
CAATT	9975.0	9472.6	0.000
GCATA	4461.0	4343.0	0.000
CAGAA	9088.0	8857.2	0.000
CCTAA	5446.0	5152.3	0.000
GAAGG	6522.0	6041.0	0.000
