OligoSequence	Target Occurences	Background Occurences	Enrichment(ln p, up to 2 mismatches)
GCATG	425.0	24238.7	-146.402
GGGGG	303.0	18761.9	-107.232
TGCAT	356.0	34203.6	-53.597
TGTGC	284.0	30049.8	-36.828
CATGT	285.0	33457.4	-27.638
GTGCC	140.0	13794.6	-26.914
ATGCA	243.0	28893.9	-24.091
AGCAT	197.0	22441.8	-23.813
TTGCA	207.0	24550.2	-21.597
GTGCA	184.0	21670.8	-20.192
CATGC	174.0	20404.5	-19.446
ATGCG	48.0	3544.0	-18.655
GCACG	36.0	4330.0	-17.937
CATGA	176.0	21645.7	-17.206
TGCCT	221.0	28844.9	-16.407
GCCTG	169.0	21268.5	-15.319
GGGCG	70.0	6837.9	-15.225
GAATG	171.0	22085.3	-13.895
CCTGT	182.0	24042.9	-13.647
TTGTG	253.0	35381.9	-13.112
CCCCC	129.0	15962.5	-13.081
TTGTA	211.0	29414.5	-11.803
ACCTT	135.0	17539.1	-11.702
CGCAT	27.0	3049.9	-11.676
CTCCC	137.0	17770.5	-11.658
CGGGG	64.0	6820.3	-11.653
TCGCT	39.0	3454.4	-11.616
GGTCG	31.0	2439.8	-11.107
TATTG	170.0	23406.3	-11.076
CGGGC	50.0	5188.6	-10.357
GGCGG	43.0	7394.3	-10.266
CGTTT	52.0	5666.9	-9.668
CATGG	145.0	20025.4	-9.598
CGTGC	18.0	5246.0	-9.141
CTGTG	236.0	35582.1	-8.986
CTCGC	37.0	3634.3	-8.975
AAAAA	626.0	100065.3	-8.905
AATGC	144.0	20402.5	-8.871
CATCG	32.0	2959.1	-8.654
AACTG	142.0	20093.9	-8.603
ATGTT	236.0	35959.1	-8.490
TGCAC	128.0	18012.8	-8.336
AGTAT	140.0	20014.7	-8.332
CCGGT	30.0	2877.5	-8.309
AGGGG	107.0	14903.0	-7.730
CAGCA	157.0	23270.4	-7.543
CCGAC	15.0	2232.1	-7.520
TAAAC	130.0	18775.6	-7.330
CCCCT	111.0	15799.4	-7.196
ACCAA	109.0	15390.1	-7.167
CCTTC	130.0	18924.3	-7.072
GTGGT	131.0	19171.8	-7.032
TGATG	160.0	24237.8	-6.810
AGAGC	113.0	16239.8	-6.770
GTAAT	120.0	17553.6	-6.752
TGTAA	197.0	30682.5	-6.743
GGCGC	43.0	5129.1	-6.691
GCGGG	48.0	7317.5	-6.687
CTTTT	321.0	52167.1	-6.600
ACTGT	156.0	23657.5	-6.593
CCTAC	69.0	9091.4	-6.553
ATCCG	24.0	2347.9	-6.454
CTAAT	111.0	16211.9	-6.433
GGTAA	89.0	12457.8	-6.428
TTTGC	185.0	28900.4	-6.321
CCCGT	6.0	3310.3	-6.279
ATTGT	181.0	28255.9	-6.148
GTATT	153.0	23506.8	-6.121
CGACC	23.0	2269.5	-6.095
CTAGT	81.0	11455.8	-6.014
GCGTT	30.0	3361.0	-5.988
GCAAG	73.0	15201.0	-5.931
GCATC	65.0	13191.2	-5.912
GGCTT	117.0	17397.1	-5.903
ACAGT	133.0	20170.1	-5.811
GGGGA	115.0	17285.1	-5.727
GAGCC	89.0	12847.6	-5.660
TGCAG	160.0	25096.2	-5.642
AAGAA	255.0	41599.7	-5.589
GTCAG	99.0	14556.6	-5.586
CGCTT	31.0	3461.3	-5.584
CCTTT	193.0	30974.7	-5.452
GCGAC	23.0	2405.5	-5.426
ATGGC	104.0	15518.9	-5.403
GTTGC	90.0	13196.4	-5.396
AATGT	221.0	36117.0	-5.357
ACTGA	129.0	19891.7	-5.216
TAATG	151.0	23960.1	-5.203
TATCA	114.0	17409.8	-5.191
CAGAC	98.0	14619.3	-5.119
GGATG	79.0	16407.2	-4.883
CGCCG	27.0	3165.1	-4.869
GCGCC	25.0	4820.6	-4.831
TCTCC	123.0	19283.8	-4.783
CGCCT	14.0	4835.8	-4.771
TGCGC	13.0	5181.5	-4.708
ACGTT	18.0	4089.4	-4.664
GTATC	73.0	10783.8	-4.591
CTGAA	153.0	24728.1	-4.584
CTAGA	92.0	14106.3	-4.574
GCTTG	113.0	17636.1	-4.541
ATCGT	24.0	2770.9	-4.536
GACGG	11.0	2587.7	-4.517
CTTAA	132.0	21140.4	-4.502
TCGCA	22.0	2463.7	-4.493
CACGA	18.0	2675.9	-4.439
TCAGT	131.0	20973.0	-4.416
GCTAG	71.0	10513.3	-4.354
GATGT	125.0	19856.7	-4.341
GAGGG	102.0	16004.9	-4.330
CAAGA	116.0	18480.2	-4.325
GCAGG	68.0	17682.9	-4.251
ACGCG	7.0	1778.4	-4.243
TGGTC	85.0	13048.1	-4.240
CACTT	122.0	19494.2	-4.211
GCCCC	79.0	12035.1	-4.192
CCCAT	97.0	15241.7	-4.167
AACGA	25.0	3051.7	-4.107
TGTGG	178.0	29648.5	-4.053
TGCAA	133.0	21531.6	-4.040
GGGGC	82.0	13499.5	-4.039
TGTAG	142.0	23270.4	-4.000
GTTTT	343.0	59585.9	-3.948
GTTAG	80.0	12422.7	-3.911
CACGT	24.0	4937.6	-3.907
CAGTG	142.0	23398.3	-3.862
GATGA	109.0	17487.3	-3.848
TCTAC	82.0	12682.3	-3.835
ATGCC	72.0	15508.7	-3.832
CCCAC	91.0	14394.2	-3.830
CTGTT	177.0	29650.6	-3.803
CGACA	19.0	2170.0	-3.768
CGTAG	19.0	2173.4	-3.756
ATGTG	264.0	45497.2	-3.752
GTCGC	21.0	2504.7	-3.723
CCCGG	43.0	6195.0	-3.716
ACCCG	25.0	3171.9	-3.713
TCTAG	91.0	14490.5	-3.699
GAACG	12.0	3007.3	-3.634
GCGTG	27.0	6779.6	-3.628
TATGC	114.0	18606.3	-3.605
CTGCA	142.0	23671.1	-3.582
CGCCC	21.0	5431.9	-3.566
GGTGG	95.0	18916.7	-3.557
ATGTA	230.0	39747.9	-3.542
AGCCC	88.0	13957.8	-3.540
CCGTT	18.0	3028.8	-3.537
TGCTA	115.0	18907.0	-3.528
GGCAT	90.0	15866.9	-3.519
CACCT	93.0	14847.7	-3.515
ACTTT	188.0	32200.3	-3.494
TCGGG	32.0	4289.1	-3.493
TGTAC	109.0	17813.9	-3.455
GCATA	82.0	16337.2	-3.414
AACAG	121.0	19969.8	-3.393
GTTCG	20.0	2439.6	-3.379
GACAA	92.0	14968.4	-3.361
GTACC	34.0	8253.1	-3.341
CGGCT	32.0	4354.8	-3.330
TTAAG	133.0	22203.4	-3.323
CCATA	84.0	13481.6	-3.311
ACCGT	16.0	2637.3	-3.308
CCCGA	26.0	3489.0	-3.284
CCTTA	89.0	14395.4	-3.254
AGTGC	90.0	16004.5	-3.245
TGAAT	176.0	30298.0	-3.245
GTGGC	60.0	14747.8	-3.216
GTACG	17.0	1998.6	-3.202
AAGCA	149.0	25338.0	-3.198
TCGTG	30.0	4239.0	-3.177
GTGGA	101.0	16693.8	-3.170
TTGCG	10.0	3074.6	-3.139
AGACA	146.0	24906.5	-3.127
ATGGT	121.0	20270.0	-3.081
TAGAC	72.0	11546.7	-3.052
ACGAA	22.0	2894.1	-3.010
AAGCG	23.0	3069.2	-3.004
GAAGG	105.0	17534.8	-2.999
TACTG	105.0	17566.7	-2.965
TGCGT	38.0	5623.2	-2.961
ACAGC	98.0	16203.5	-2.957
GGCGA	23.0	3095.5	-2.933
CGTGT	45.0	6816.4	-2.872
GAAAG	153.0	26514.2	-2.853
GTCGG	21.0	2778.7	-2.848
TATCG	5.0	1884.2	-2.839
TACGG	16.0	1947.9	-2.803
AGTTC	103.0	17261.0	-2.803
TAACG	18.0	2286.5	-2.790
CGGTG	33.0	4775.1	-2.788
TTTTT	849.0	154859.5	-2.753
GACTG	89.0	15669.7	-2.750
TGTCA	126.0	21588.3	-2.749
ACTCT	102.0	17333.5	-2.728
ACTGC	90.0	15068.1	-2.722
CGTGA	27.0	3894.4	-2.712
GACCT	76.0	12451.6	-2.707
ACGGT	10.0	2684.6	-2.655
TGTTC	138.0	23947.3	-2.643
CGTTC	12.0	2927.0	-2.638
GCATT	102.0	21752.4	-2.615
GCACT	81.0	13640.0	-2.588
GCTAA	74.0	12358.0	-2.562
CCAAG	92.0	15680.4	-2.550
CTGAC	86.0	14561.0	-2.548
GACTT	103.0	17518.4	-2.545
ACGGG	22.0	3068.6	-2.545
GTAAA	135.0	23582.5	-2.530
AGACT	102.0	17557.6	-2.508
TGACA	116.0	20161.3	-2.507
CCTAG	70.0	11550.7	-2.505
AGATG	139.0	24383.4	-2.497
ATCAG	91.0	15507.8	-2.496
CCGGC	30.0	4551.7	-2.489
GTTCT	130.0	22658.7	-2.466
CGAAT	8.0	2484.7	-2.433
GGAGG	104.0	18502.8	-2.431
TCGCG	12.0	1535.6	-2.391
TGACT	120.0	21027.5	-2.388
CAGTT	124.0	21769.2	-2.383
GACAG	106.0	18394.9	-2.383
TTCGG	23.0	3327.2	-2.355
GGGGT	77.0	14193.1	-2.354
AAAGC	123.0	21570.6	-2.345
TAGCA	82.0	16793.6	-2.341
TTCTA	148.0	26138.3	-2.340
GCAGA	113.0	19645.9	-2.329
CCATG	91.0	20655.4	-2.309
AGGAA	151.0	26976.2	-2.304
ATTGC	95.0	16395.9	-2.296
GTAGA	91.0	15714.8	-2.291
TACCT	90.0	15507.0	-2.272
TCCCT	122.0	21434.6	-2.256
TGTAT	280.0	51201.1	-2.255
GTCCC	42.0	11087.7	-2.234
ATGAC	89.0	15321.1	-2.233
GTAGC	65.0	10941.6	-2.219
GCACC	59.0	9887.4	-2.218
GGACG	9.0	3203.4	-2.206
GGTGC	53.0	12303.5	-2.201
TAGAT	107.0	18841.8	-2.201
TTTGT	381.0	70428.3	-2.200
CCCTT	92.0	18361.8	-2.193
ATTAT	183.0	32917.9	-2.183
GGTGA	83.0	14250.6	-2.180
CTACC	57.0	9504.1	-2.176
ATGAG	116.0	20574.4	-2.161
TTCGC	17.0	2336.3	-2.156
GATGC	59.0	13589.5	-2.128
CGGCG	12.0	3412.5	-2.122
CCCGC	15.0	5691.7	-2.112
AGTTT	187.0	33906.6	-2.107
GTAGT	57.0	13036.8	-2.082
CAAAT	149.0	26784.9	-2.074
TCGGT	13.0	3013.7	-2.073
ATCGG	15.0	2016.9	-2.072
GTGCT	106.0	22237.2	-2.062
ACCGA	9.0	2490.3	-2.050
CGCGA	12.0	1506.8	-2.048
ACATG	151.0	27781.3	-2.033
GGTAG	43.0	10915.4	-2.019
TAGTG	79.0	16054.1	-2.009
TCATG	111.0	22869.9	-2.001
TTTAA	305.0	56582.8	-1.991
GCTTT	162.0	29338.5	-1.987
AGACG	21.0	3131.9	-1.987
ACATT	163.0	29628.2	-1.977
GGGAG	102.0	18177.6	-1.975
CGAAC	15.0	2056.5	-1.966
AACGG	17.0	2538.3	-1.964
CAGTA	90.0	15855.7	-1.955
CCCTA	60.0	10335.6	-1.946
GATGG	98.0	17263.6	-1.942
TGGCA	109.0	19402.7	-1.942
TTCCG	24.0	3713.5	-1.939
CTGTA	136.0	24652.6	-1.931
GAACT	105.0	18709.0	-1.922
CCTCC	109.0	19429.4	-1.921
TTTTA	375.0	69908.7	-1.912
CGTCG	8.0	1107.3	-1.912
AATCC	77.0	13419.1	-1.908
ACGGC	12.0	2442.6	-1.902
ATGAT	130.0	23430.6	-1.892
TGGTA	96.0	17109.8	-1.877
GGTTG	85.0	15041.9	-1.868
CTGCC	127.0	22966.5	-1.863
TGTCG	7.0	3141.5	-1.857
TGTCC	76.0	18017.1	-1.856
TGGGG	102.0	23218.2	-1.843
ACGCC	20.0	3017.9	-1.841
CCGAT	14.0	1928.0	-1.841
TCGTA	13.0	2095.2	-1.831
TTCAC	87.0	15542.5	-1.831
TCGTT	25.0	3962.8	-1.830
TTTTG	344.0	64588.4	-1.821
TAGTA	87.0	15562.7	-1.814
AACCG	9.0	2526.7	-1.807
CCGTA	5.0	1906.7	-1.799
ATTTG	194.0	35942.7	-1.796
GCGGA	7.0	3575.2	-1.793
ACAAG	92.0	16514.8	-1.792
CGTAA	2.0	2175.8	-1.791
GACAT	93.0	16523.6	-1.785
TGTTA	146.0	26713.0	-1.785
CGGTT	17.0	3015.2	-1.780
CCCTC	88.0	15607.5	-1.777
TTCCT	190.0	35103.6	-1.773
GCCGA	18.0	2683.7	-1.769
CCCCG	26.0	5987.9	-1.757
CCGCC	20.0	6125.4	-1.756
TCTGC	107.0	23140.7	-1.755
AGACC	67.0	12371.9	-1.746
GACCA	69.0	12056.8	-1.737
TCCCC	89.0	16246.9	-1.704
TCCGT	22.0	3468.9	-1.697
TTATC	95.0	17130.8	-1.679
TAGAG	89.0	15961.6	-1.679
CACTG	117.0	21249.2	-1.672
TGCCG	14.0	3980.2	-1.667
GAGCA	79.0	17026.5	-1.664
GGCGT	17.0	3914.5	-1.663
GCCTT	106.0	19309.1	-1.658
TAGCT	92.0	16711.4	-1.641
TGGCT	123.0	25111.7	-1.640
CTCGT	21.0	3313.4	-1.635
ATCGC	8.0	2123.1	-1.616
CTTGC	72.0	18079.9	-1.580
CGTGG	15.0	5722.1	-1.577
CAACG	16.0	2409.0	-1.571
GTGAC	65.0	13220.6	-1.557
CTGTC	103.0	21090.5	-1.554
ACGGA	18.0	2793.1	-1.551
TTGTT	248.0	64666.8	-1.545
TTTCT	296.0	61898.0	-1.545
TGTGT	452.0	125653.2	-1.545
ATTTT	330.0	73840.1	-1.545
TTTTC	268.0	50990.1	-1.545
TTCTT	204.0	52547.1	-1.545
AGAAA	247.0	48320.6	-1.545
AAAAT	319.0	61064.6	-1.545
TATTT	317.0	65397.5	-1.545
CCTGA	78.0	18999.9	-1.545
TATGT	189.0	49858.4	-1.545
TGTTT	379.0	75421.7	-1.545
TTTAT	291.0	61633.1	-1.545
TCTTT	237.0	52725.9	-1.545
TTATT	283.0	55445.2	-1.545
AATTT	190.0	46064.2	-1.545
TAAAA	281.0	56641.0	-1.545
TTGCC	63.0	16646.2	-1.545
AAATA	257.0	51754.8	-1.545
ATAAA	239.0	46865.5	-1.545
ACCCC	59.0	10593.6	-1.545
ATAGC	59.0	13026.7	-1.545
GTAAG	55.0	14594.0	-1.545
CACCG	15.0	3509.0	-1.545
CGACG	6.0	1095.8	-1.545
ATGAA	182.0	34119.5	-1.538
TAAGC	68.0	12287.5	-1.532
TTAAA	282.0	53393.1	-1.510
CTTCC	122.0	22526.5	-1.500
GACCC	54.0	9495.3	-1.498
CGATT	16.0	2452.2	-1.484
TGTCT	181.0	33966.1	-1.474
CAGAG	133.0	24626.5	-1.473
ACTCG	18.0	2838.4	-1.467
TCAGC	83.0	15089.9	-1.465
TTTAC	125.0	23118.0	-1.452
AAGAT	133.0	24686.0	-1.440
AAAGA	216.0	41044.4	-1.428
CAAGC	71.0	12866.7	-1.424
AATGG	114.0	21150.5	-1.422
GTGAT	93.0	17025.5	-1.418
AGAAT	147.0	27667.6	-1.405
TAAAG	148.0	27675.8	-1.401
CAGGA	108.0	19959.7	-1.394
GCTCG	20.0	3552.6	-1.382
CCGGG	37.0	6468.0	-1.379
TCCGG	23.0	3869.7	-1.363
GTTCC	73.0	13407.9	-1.356
AGGCG	17.0	4509.5	-1.355
AAACT	144.0	27232.5	-1.353
GCGTA	12.0	1773.3	-1.348
AGTCG	16.0	2526.2	-1.346
CGGTC	6.0	2252.0	-1.338
CGCGC	12.0	4421.7	-1.336
GTCTA	62.0	11201.6	-1.334
TAGTT	114.0	21328.4	-1.319
GCGCA	25.0	4409.0	-1.309
CTACT	73.0	13491.7	-1.294
TAGCG	13.0	1987.3	-1.293
CCAGA	101.0	18905.6	-1.293
CGAGG	24.0	4122.0	-1.286
GCGCG	16.0	4801.0	-1.282
CCAAC	56.0	10169.1	-1.281
GTGTT	160.0	30401.7	-1.280
CGAGC	20.0	3338.9	-1.280
TGACG	9.0	2964.8	-1.275
GTTTA	128.0	24237.8	-1.264
GCCGG	27.0	4741.0	-1.261
TAATC	70.0	12863.2	-1.257
TGGGC	59.0	15582.2	-1.256
CCTGC	113.0	21484.2	-1.255
TGGAT	90.0	20536.4	-1.255
TTGTC	107.0	20201.9	-1.253
CCAGT	66.0	15781.5	-1.247
TGGCG	27.0	4760.8	-1.238
GGGTG	98.0	18281.5	-1.231
CTAGC	54.0	9799.2	-1.228
GTCTC	79.0	14746.7	-1.221
CCCCA	91.0	17104.8	-1.217
ACCAT	82.0	17645.2	-1.216
CAAGT	91.0	17114.0	-1.211
CTTTC	154.0	29453.2	-1.207
GCCCG	12.0	4838.0	-1.201
CGGGT	14.0	4142.2	-1.201
ACACC	62.0	11371.2	-1.201
TGAAC	80.0	17696.4	-1.201
TGAAA	199.0	38231.2	-1.191
ACCTG	94.0	17630.2	-1.189
GGTAC	42.0	7705.3	-1.184
CGTTA	15.0	2433.7	-1.175
TTCTG	191.0	36754.7	-1.175
CACCC	65.0	12086.8	-1.168
TCTGT	205.0	39548.2	-1.162
GCCTC	53.0	16639.9	-1.159
CCGTC	15.0	2448.5	-1.151
CCGTG	19.0	4960.8	-1.151
AGCTC	75.0	14163.9	-1.149
TCATC	78.0	14628.8	-1.148
AGGAT	58.0	16288.9	-1.147
AACGC	6.0	2559.2	-1.145
ACGAC	10.0	1889.3	-1.135
GGACC	48.0	8831.9	-1.134
ACACG	23.0	4045.7	-1.127
CATCA	65.0	17062.7	-1.124
CTTGT	124.0	24680.8	-1.124
ATGGA	102.0	22059.5	-1.119
GTGTA	152.0	29114.3	-1.115
GTACT	66.0	12787.5	-1.115
CGCTA	12.0	1893.4	-1.109
GGCTC	64.0	11947.7	-1.108
TGCCA	99.0	19580.0	-1.101
CGCTC	21.0	3666.6	-1.100
ATCTA	87.0	16588.4	-1.100
TGGAC	65.0	12189.0	-1.097
TAAGA	115.0	22011.1	-1.093
CGGAC	11.0	2290.7	-1.093
TGCGG	26.0	4688.0	-1.085
TCCCG	26.0	4690.8	-1.083
GTACA	80.0	15653.1	-1.077
ATTGA	113.0	21546.7	-1.073
GATAA	85.0	16163.3	-1.071
CGCGT	12.0	1953.4	-1.070
GAGAC	76.0	14291.2	-1.069
TGGGT	120.0	23099.0	-1.062
GCCTA	50.0	9354.6	-1.062
AGTGA	106.0	20313.4	-1.062
GTGAA	98.0	19927.9	-1.055
CTACG	13.0	2118.1	-1.054
GAGCT	84.0	15970.8	-1.046
ATATT	204.0	39576.5	-1.045
AGCAC	78.0	15024.6	-1.043
GCTCC	67.0	12728.5	-1.040
AGCTT	99.0	20256.4	-1.024
GCCCA	70.0	13213.4	-1.023
AAGTG	117.0	22422.3	-1.020
GCTGA	93.0	17697.0	-1.018
GACTC	55.0	10294.9	-1.018
TCCTA	80.0	15312.2	-1.018
TGCCC	64.0	16539.1	-1.013
AGCGT	15.0	3273.0	-1.008
TCGAC	10.0	1564.2	-1.007
TGAAG	132.0	25581.3	-1.006
CGTAT	10.0	2864.8	-1.003
CCGAG	24.0	4354.5	-1.003
GACGA	7.0	2257.3	-1.002
TACAG	82.0	19045.9	-1.002
ATACC	57.0	10761.2	-1.001
ATCTG	112.0	21698.5	-1.001
AGGAG	96.0	18483.3	-0.989
AAATT	219.0	42612.7	-0.988
TCACT	96.0	18491.1	-0.985
AATGA	136.0	30935.3	-0.981
TACCG	10.0	1931.5	-0.979
AAGAC	91.0	17549.1	-0.969
ATGGG	93.0	18074.2	-0.963
ATTAC	75.0	14473.6	-0.962
ACGTG	29.0	5673.2	-0.960
AAAGG	122.0	23587.6	-0.960
TCCTT	151.0	29507.6	-0.959
GATTG	68.0	13840.0	-0.958
AAACA	205.0	40160.9	-0.957
TGAGC	82.0	17537.2	-0.953
GCTCT	92.0	17831.2	-0.950
CAGTC	67.0	12878.4	-0.948
TAGGT	71.0	13568.1	-0.948
CGACT	11.0	2554.6	-0.937
AAGTT	131.0	25483.3	-0.937
GTTGT	135.0	26336.3	-0.934
TACGC	9.0	1622.3	-0.931
AATTA	157.0	30710.8	-0.929
CCACC	77.0	14773.5	-0.925
AACTA	85.0	16449.0	-0.917
TATAG	92.0	17908.1	-0.912
AGCAG	84.0	22359.4	-0.911
CACCA	82.0	16703.4	-0.906
GCAAA	109.0	21155.4	-0.903
AATTG	119.0	23208.8	-0.901
CGGTA	7.0	1937.2	-0.893
GACGC	16.0	2829.9	-0.888
CCTCT	90.0	23050.5	-0.882
CTCTC	113.0	21974.5	-0.879
GCGAG	21.0	3858.3	-0.876
TCGGA	15.0	2638.1	-0.874
TACAT	152.0	29742.8	-0.873
ATAGT	91.0	17747.5	-0.872
CACGC	23.0	4280.9	-0.866
GCAGT	88.0	17037.9	-0.863
CAGAA	126.0	28629.4	-0.863
ATGTC	92.0	18187.0	-0.859
TCGCC	10.0	3124.5	-0.858
AGTGT	132.0	25954.4	-0.857
CGCGG	12.0	3663.2	-0.857
AGCCT	85.0	18686.7	-0.851
ATAAG	90.0	17551.1	-0.850
GTCGT	12.0	2332.7	-0.839
AAGGC	76.0	14703.0	-0.839
GGGTC	53.0	10139.5	-0.827
ATCCC	64.0	12402.2	-0.826
AAATC	112.0	22117.8	-0.820
GGGCC	23.0	10212.9	-0.818
ACAAA	183.0	36009.3	-0.816
AGATA	107.0	21114.8	-0.813
TAAAT	182.0	41843.6	-0.810
CATTT	218.0	44476.4	-0.810
TTAAT	171.0	35666.8	-0.810
CAAAA	160.0	35794.2	-0.810
TTATG	113.0	28164.8	-0.810
TATAT	261.0	52011.9	-0.810
TTATA	150.0	32142.8	-0.810
ATATA	212.0	45756.5	-0.810
GTTTG	170.0	35428.2	-0.810
TTTGA	160.0	38047.7	-0.810
ATTTA	196.0	43836.4	-0.810
TATAA	141.0	29938.1	-0.810
TGCTT	173.0	35682.3	-0.810
TTTCA	167.0	36208.4	-0.810
GAAAA	199.0	41041.7	-0.810
AATAA	215.0	42681.3	-0.810
AATAT	186.0	37212.0	-0.810
AAAAG	178.0	38385.6	-0.810
AAACG	18.0	4292.8	-0.809
TCCAT	96.0	21684.3	-0.805
ATGCT	127.0	25089.8	-0.805
TAATT	176.0	34854.1	-0.804
CAGGC	30.0	15994.7	-0.794
TCACC	56.0	11105.4	-0.794
TGGTG	101.0	24214.9	-0.786
CTTTG	169.0	33462.0	-0.779
CGGCA	12.0	3276.0	-0.778
GGGCA	53.0	15159.1	-0.774
CTATA	81.0	16030.8	-0.772
AGGTG	71.0	17469.9	-0.771
CATTG	95.0	21432.3	-0.771
GTAAC	52.0	10352.9	-0.770
TTGCT	163.0	32342.9	-0.766
GCTGT	108.0	23754.5	-0.766
GATAG	56.0	11586.6	-0.763
ACCCT	48.0	13920.0	-0.762
ATATC	79.0	15576.6	-0.760
GTGTC	87.0	17268.5	-0.758
TATAC	69.0	17449.8	-0.757
AGTGG	87.0	17272.2	-0.757
AATCG	12.0	2367.4	-0.756
ATCAA	86.0	17031.9	-0.755
CTACA	78.0	15356.7	-0.752
ACCTA	39.0	11586.8	-0.743
GTCGA	8.0	1593.0	-0.738
CACAG	110.0	21830.4	-0.733
GACGT	11.0	2736.3	-0.730
CAACA	88.0	17334.4	-0.730
GTAGG	55.0	10756.2	-0.729
TTGAC	72.0	14223.5	-0.728
GACCG	7.0	2629.6	-0.722
AACAA	149.0	31985.7	-0.717
GTATA	116.0	23376.6	-0.717
GTTAA	74.0	17587.6	-0.716
TCCGC	18.0	3394.7	-0.716
ACTCC	42.0	11439.0	-0.701
GGAAT	87.0	17408.7	-0.699
CCTAT	42.0	12345.0	-0.694
GGAGC	49.0	12933.3	-0.684
TTAGC	50.0	13121.7	-0.683
GCGGT	10.0	3419.6	-0.682
TCCCA	95.0	19532.1	-0.678
TTAAC	76.0	16243.2	-0.677
TGACC	66.0	13160.5	-0.676
CAAAG	112.0	22519.3	-0.671
ACTAT	76.0	16512.8	-0.668
GAGCG	12.0	4219.5	-0.667
GTTCA	81.0	16272.3	-0.667
GCTTA	66.0	13185.8	-0.665
GGGTA	55.0	10879.7	-0.665
TATTA	153.0	30689.0	-0.662
ACGAT	12.0	2206.6	-0.654
TTCCC	90.0	20676.0	-0.652
ATAAC	72.0	14399.0	-0.649
AAGTA	78.0	22431.9	-0.648
CTAAA	92.0	21060.6	-0.647
GGGCT	75.0	15123.2	-0.645
AGCAA	105.0	22588.5	-0.643
CTTAC	52.0	12375.3	-0.641
AGTAC	37.0	11594.5	-0.639
CGTAC	9.0	1598.7	-0.637
CCACT	76.0	15146.3	-0.635
GTTGA	60.0	16454.6	-0.634
CTATT	82.0	20540.8	-0.633
CCGCA	12.0	3597.3	-0.624
CTGAT	75.0	17956.6	-0.623
AATCT	102.0	20623.3	-0.617
CATCC	54.0	14052.1	-0.616
TCCTC	97.0	19632.4	-0.610
TGGTT	138.0	27823.3	-0.602
AGCGC	19.0	3866.7	-0.601
CGATA	5.0	1576.8	-0.601
GCCCT	43.0	15406.1	-0.600
CGATG	14.0	3092.9	-0.600
ACTGG	79.0	15973.1	-0.593
AGGCA	81.0	20115.9	-0.593
AACAC	80.0	16228.8	-0.589
TCGTC	5.0	2259.6	-0.586
TGATC	34.0	12684.5	-0.585
AGTTG	82.0	19005.4	-0.584
GTTAT	78.0	18862.4	-0.582
AAACC	91.0	18461.4	-0.581
TTTCG	21.0	4184.4	-0.581
TACCA	63.0	13599.8	-0.580
CGAGA	5.0	3628.4	-0.579
CTCCG	23.0	4618.5	-0.578
TGATA	100.0	20285.6	-0.574
TTCCA	125.0	25221.4	-0.568
AAGCT	93.0	18750.4	-0.568
GAAGA	110.0	25770.6	-0.567
AAATG	220.0	44612.4	-0.565
CTTGA	99.0	20029.2	-0.561
CGAAA	15.0	2931.8	-0.559
CGAGT	16.0	3144.6	-0.559
CAAAC	93.0	18806.9	-0.549
TACTC	52.0	10667.4	-0.548
AACAT	125.0	26464.9	-0.547
CTTCG	18.0	3587.9	-0.547
CAATC	47.0	9530.4	-0.546
GTATG	146.0	30195.3	-0.546
AGGTT	81.0	16590.4	-0.546
TTACT	111.0	22653.4	-0.545
TAACA	95.0	19332.5	-0.542
GAAAT	155.0	31434.2	-0.541
CTCCT	103.0	22365.6	-0.538
CGTCC	15.0	2956.4	-0.538
TATGG	65.0	17397.3	-0.536
AAGAG	77.0	23441.4	-0.533
CACAA	92.0	18862.8	-0.531
TATCT	115.0	23492.7	-0.530
ACGCA	14.0	3459.3	-0.528
AGTAA	76.0	20746.9	-0.528
AGGTA	73.0	14948.7	-0.526
GAGTA	61.0	12573.7	-0.526
GGAAC	60.0	12340.1	-0.526
CACGG	19.0	3905.0	-0.525
TCCAC	60.0	12948.6	-0.524
GTCCT	81.0	16654.0	-0.524
GGATA	57.0	11650.6	-0.522
GATAC	43.0	8912.6	-0.517
CTAAC	34.0	9541.1	-0.516
GCACA	92.0	18911.1	-0.515
AAAGT	125.0	28924.2	-0.514
GGCTG	88.0	21786.9	-0.513
CTTTA	133.0	30166.3	-0.509
ATAAT	127.0	30315.4	-0.509
GCTAC	28.0	9391.6	-0.505
GAAAC	84.0	18331.3	-0.503
TTACC	56.0	11470.7	-0.501
GGTAT	57.0	13805.9	-0.492
TCTAA	93.0	18994.3	-0.490
CTTAT	88.0	19491.4	-0.489
ATCAT	93.0	20542.7	-0.488
GGCCT	58.0	14195.8	-0.485
CTCAT	88.0	18009.2	-0.485
TTCTC	132.0	27170.5	-0.484
GGACA	68.0	14109.8	-0.483
AGTCT	64.0	17591.1	-0.482
AGCTA	72.0	14836.5	-0.481
TACTA	56.0	13805.3	-0.480
TTACA	118.0	24209.0	-0.480
TCTCG	17.0	3462.6	-0.479
GGAAG	103.0	21084.5	-0.474
CCATC	60.0	14792.0	-0.469
GGAAA	135.0	27786.2	-0.468
TGCTC	86.0	18803.8	-0.465
TAGAA	110.0	25805.6	-0.463
TGAGA	124.0	25624.0	-0.461
CATCT	107.0	22320.7	-0.460
CTGGC	92.0	19099.0	-0.459
AACCA	87.0	18100.4	-0.457
TTGAA	155.0	33068.7	-0.456
ACGCT	14.0	3035.9	-0.456
ACCGG	4.0	2716.6	-0.454
TACAC	72.0	14919.2	-0.453
CTCAC	70.0	14444.6	-0.451
TATCC	58.0	12073.4	-0.449
GGTTC	51.0	10677.0	-0.448
GCGCT	20.0	4557.3	-0.445
ACAAT	82.0	19395.1	-0.444
TAACT	81.0	18786.8	-0.444
ACTTA	87.0	18147.4	-0.443
GCGTC	14.0	2860.5	-0.442
CAGGT	71.0	16068.6	-0.436
GACAC	55.0	11407.8	-0.435
GACTA	28.0	10164.3	-0.435
GTTTC	97.0	23396.9	-0.434
AGATT	83.0	22397.8	-0.434
CATAG	70.0	14813.6	-0.434
CAATG	75.0	17880.3	-0.430
GTCCA	43.0	11378.8	-0.428
TAACC	40.0	10157.7	-0.423
ACCCA	73.0	15265.0	-0.421
ACAAC	64.0	13362.6	-0.413
GGCAG	78.0	18700.8	-0.412
TCAAC	34.0	10634.2	-0.408
GTCTT	95.0	22079.9	-0.407
CATAA	98.0	20308.3	-0.407
AATCA	92.0	19291.8	-0.406
TTTCC	156.0	32670.0	-0.406
GTGGG	85.0	20978.1	-0.403
TGATT	121.0	26614.1	-0.401
ATTAA	145.0	32227.4	-0.401
GTGTG	299.0	100841.7	-0.401
TTCAT	135.0	33248.5	-0.401
TGTTG	166.0	34663.9	-0.401
AAAAC	149.0	34236.8	-0.401
TGTGA	136.0	31878.1	-0.401
TTACG	10.0	2416.0	-0.401
GGAGA	70.0	18236.9	-0.399
AACTT	100.0	25116.7	-0.393
TAGTC	33.0	10239.3	-0.392
GAATC	53.0	11187.4	-0.391
TTGGA	90.0	22101.9	-0.391
ACTTG	89.0	19724.7	-0.391
CCAAA	99.0	20633.0	-0.391
CTTCA	105.0	21933.2	-0.390
CCAAT	52.0	12415.2	-0.387
ACACT	82.0	17109.8	-0.386
TGGAA	137.0	28455.1	-0.383
TGAGG	63.0	18606.0	-0.382
GGTCT	63.0	13222.7	-0.382
CCTAA	50.0	13600.2	-0.381
TGCGA	5.0	2911.2	-0.381
TCCTG	111.0	27243.2	-0.378
GCTCA	68.0	14439.6	-0.378
TTTGG	151.0	31994.9	-0.375
TCTTC	111.0	26388.5	-0.375
CATTA	83.0	19619.7	-0.374
TACGT	17.0	3622.8	-0.374
CTATC	47.0	11411.1	-0.372
GGTTA	27.0	11358.4	-0.371
AGAAG	119.0	27278.2	-0.367
CATAT	100.0	26785.8	-0.367
GATCT	55.0	13781.8	-0.366
AAGGA	105.0	22613.5	-0.364
GATAT	85.0	17980.7	-0.355
ATCAC	41.0	11836.1	-0.354
TTCAG	113.0	24057.4	-0.354
TGCTG	124.0	33382.4	-0.353
AACGT	16.0	3844.2	-0.352
CGGCC	20.0	4332.3	-0.351
GCTAT	67.0	14293.8	-0.350
GAGGA	77.0	17419.8	-0.348
TGGAG	76.0	21922.6	-0.339
CGCAC	15.0	3516.4	-0.338
CAACT	51.0	13735.8	-0.335
CCGCT	13.0	3933.6	-0.335
CCTTG	75.0	20387.0	-0.334
GTTAC	46.0	10793.0	-0.334
ACCAC	52.0	12549.0	-0.334
CTGGA	78.0	22247.3	-0.330
ACGTC	11.0	2357.8	-0.329
TTAGT	84.0	20950.7	-0.329
GAACA	84.0	17847.9	-0.326
AAGCC	62.0	14682.9	-0.325
CCCAA	61.0	15269.8	-0.324
CCTCG	22.0	4838.9	-0.323
TCAGA	108.0	23132.1	-0.323
AGTTA	90.0	19168.9	-0.323
GAATA	93.0	19669.3	-0.317
GTCAC	50.0	10833.7	-0.316
CTCTG	134.0	30928.3	-0.312
TCCGA	10.0	2480.6	-0.310
AATAC	81.0	17415.9	-0.310
TCGAT	11.0	2387.1	-0.310
ATCCA	59.0	16085.3	-0.309
GGTTT	118.0	27721.1	-0.309
AAGGG	61.0	15638.8	-0.306
CTCTT	122.0	26127.3	-0.303
TAGGA	69.0	14721.7	-0.303
CATTC	74.0	17419.3	-0.301
CGGAG	10.0	4774.3	-0.299
GCCAG	65.0	16612.4	-0.297
ATCGA	9.0	2307.1	-0.297
TCAAG	66.0	15651.6	-0.297
ATTGG	64.0	15691.6	-0.296
TCCAA	75.0	16237.7	-0.294
TTCAA	97.0	24339.6	-0.294
TAATA	133.0	28127.2	-0.290
CTGCG	9.0	5903.2	-0.289
TCACG	12.0	3118.0	-0.289
CAGCT	82.0	20376.8	-0.289
ACAGA	121.0	25649.3	-0.287
CTGGT	72.0	17814.0	-0.287
TAGGC	41.0	9062.9	-0.285
ATCTT	117.0	26022.3	-0.285
TTAGA	101.0	21654.3	-0.283
AGAAC	82.0	17542.9	-0.282
ACTTC	63.0	16322.3	-0.282
ATACA	116.0	27915.9	-0.281
GGCAC	47.0	10253.7	-0.280
GAGGT	34.0	13559.6	-0.279
CCCTG	85.0	22256.4	-0.278
CTGCT	102.0	27145.3	-0.278
CACTA	50.0	11533.9	-0.277
CGTTG	12.0	3448.4	-0.276
CAGCG	5.0	5011.7	-0.275
GAATT	100.0	24894.9	-0.274
ATTCC	74.0	16087.2	-0.272
CTTCT	137.0	30171.0	-0.272
GAAGC	68.0	15083.2	-0.272
TATTC	83.0	19597.3	-0.271
GGACT	41.0	12467.0	-0.270
TTGGC	70.0	15109.2	-0.270
GGCCG	20.0	4510.7	-0.269
TCTCT	145.0	35593.4	-0.268
GCCGT	13.0	2920.5	-0.266
GGGAA	88.0	20040.9	-0.266
GAACC	34.0	10028.8	-0.265
GATCG	7.0	1992.3	-0.264
AGGGC	30.0	13078.8	-0.262
ATAGA	96.0	20727.5	-0.261
TTGAG	90.0	23319.0	-0.261
CGTCT	11.0	3280.9	-0.260
TACTT	100.0	24254.4	-0.259
CAAGG	40.0	14570.6	-0.256
CAATT	55.0	18645.4	-0.256
GAGAA	105.0	24724.2	-0.254
TACAA	88.0	19430.9	-0.252
AGATC	54.0	12825.9	-0.251
GAGAG	90.0	21340.1	-0.251
TTTAG	113.0	26890.1	-0.250
GTCAT	51.0	15273.0	-0.249
AACCC	45.0	12380.1	-0.248
ACATC	60.0	13781.1	-0.248
TACCC	40.0	8959.5	-0.248
ACTAA	64.0	16009.8	-0.246
GCAAT	63.0	13767.5	-0.242
TCTTG	90.0	24806.6	-0.241
GGCAA	39.0	13172.4	-0.240
GGGAC	36.0	11201.4	-0.240
GCGAA	7.0	2100.1	-0.239
TCTTA	98.0	22849.6	-0.239
TTCGT	16.0	4135.3	-0.236
ATTTC	121.0	31143.3	-0.236
TCATT	109.0	30182.8	-0.235
CACAT	91.0	25821.1	-0.234
ACTAC	41.0	9256.9	-0.232
AAGGT	75.0	16632.8	-0.229
ACCGC	12.0	2770.6	-0.228
GTCCG	2.0	2523.7	-0.226
ATATG	139.0	33027.5	-0.224
GGGTT	44.0	17365.9	-0.224
ACAGG	66.0	17232.0	-0.222
TCAAA	121.0	26069.4	-0.222
AGCTG	104.0	22564.6	-0.219
CTCCA	78.0	18146.8	-0.218
CCAGC	55.0	18049.8	-0.216
ACGAG	12.0	2822.4	-0.214
CGGAT	10.0	2332.7	-0.214
GCTTC	75.0	16644.3	-0.213
GCAAC	41.0	9336.7	-0.212
AGAGA	125.0	30662.1	-0.212
TCGGC	11.0	2870.5	-0.208
TATGA	95.0	23343.7	-0.208
CGAAG	8.0	3045.9	-0.207
CGCAG	22.0	5148.9	-0.206
CAATA	68.0	16274.3	-0.204
AGCGA	13.0	3067.5	-0.201
TTGAT	116.0	25418.7	-0.198
TGAGT	121.0	26246.6	-0.198
TTAGG	67.0	14983.9	-0.197
GCCAA	52.0	12006.3	-0.196
TCTAT	90.0	22596.6	-0.195
CGTCA	11.0	2611.6	-0.194
ATTAG	43.0	15857.2	-0.193
AGAGG	84.0	19806.3	-0.192
TCTCA	95.0	21443.0	-0.191
CCTGG	85.0	23918.2	-0.191
ATACG	10.0	2476.8	-0.187
AGAGT	68.0	18583.5	-0.184
GATTT	115.0	28771.6	-0.184
CAACC	41.0	10068.9	-0.183
GTTGG	62.0	16200.0	-0.179
ACCAG	60.0	14877.1	-0.179
AGTAG	63.0	14103.7	-0.178
CGGAA	9.0	3215.1	-0.178
CAGAT	88.0	19445.8	-0.176
CTGAG	93.0	24042.7	-0.175
GGAGT	60.0	13638.0	-0.174
CATAC	52.0	14750.2	-0.173
GCAGC	75.0	16905.5	-0.171
AACCT	63.0	15757.3	-0.170
ATACT	63.0	17408.7	-0.167
TGGCC	67.0	15179.8	-0.166
CTCTA	58.0	14799.8	-0.162
TCGAA	6.0	2903.6	-0.162
CGCAA	9.0	2215.0	-0.162
AGCGG	6.0	4111.2	-0.162
CCCAG	78.0	20213.0	-0.161
GAAGT	79.0	18570.7	-0.161
GATCA	38.0	11166.4	-0.160
GAGGC	61.0	13983.2	-0.158
ACCTC	51.0	11788.5	-0.155
TTGGG	96.0	21450.2	-0.154
GTGAG	90.0	20135.3	-0.154
CCATT	93.0	21357.9	-0.153
AATAG	67.0	18506.6	-0.152
GAGTT	93.0	20725.6	-0.146
CAGCC	65.0	17653.1	-0.145
CACTC	48.0	12116.8	-0.144
TTGGT	97.0	24927.8	-0.143
GTCAA	50.0	11628.5	-0.142
TAAGG	49.0	13901.6	-0.138
GTGCG	15.0	5888.3	-0.136
GCTGG	71.0	22228.3	-0.132
GAGAT	55.0	17746.5	-0.131
AGGCT	77.0	17476.5	-0.130
TAAGT	90.0	20352.0	-0.129
ATTCT	110.0	27835.7	-0.129
TCTGG	96.0	22023.3	-0.127
TCAGG	73.0	16745.9	-0.126
TACGA	7.0	1826.5	-0.122
CCACG	13.0	4294.6	-0.121
GTCTG	82.0	19954.9	-0.119
CTTAG	67.0	15551.0	-0.117
ACTAG	38.0	10200.7	-0.115
CCGAA	10.0	2617.5	-0.111
CTATG	66.0	17763.8	-0.111
GCGGC	22.0	5542.2	-0.111
ATTCG	8.0	2691.1	-0.108
CAGGG	56.0	18538.2	-0.105
ATTCA	77.0	22705.3	-0.104
TCTGA	109.0	24695.5	-0.102
GAGTG	76.0	17671.5	-0.099
CGGGA	12.0	4999.9	-0.097
CCGCG	13.0	3429.4	-0.096
GAGTC	38.0	10583.8	-0.095
GGCTA	41.0	10928.8	-0.090
TGGGA	87.0	23580.1	-0.089
AGCCG	12.0	3901.1	-0.088
TCCAG	76.0	19967.5	-0.087
ATCTC	57.0	15911.9	-0.086
CCACA	74.0	17712.0	-0.086
TAGCC	41.0	11385.5	-0.083
TCGAG	8.0	3222.3	-0.075
GGTCA	47.0	11451.1	-0.075
TCACA	85.0	19926.7	-0.075
TCAAT	48.0	16764.2	-0.074
AGGAC	54.0	12957.0	-0.074
AATTC	84.0	21032.4	-0.074
GCTGC	69.0	19964.9	-0.074
CACAC	70.0	27918.8	-0.073
AGTCC	47.0	11488.3	-0.071
CTAAG	45.0	14174.4	-0.070
ACATA	89.0	27418.2	-0.069
CCTCA	69.0	16364.2	-0.067
GATTA	51.0	14399.2	-0.063
CTCAA	35.0	16094.5	-0.062
TTCGA	11.0	3120.7	-0.061
TCATA	67.0	19475.1	-0.060
ATCCT	64.0	17484.5	-0.058
CGCCA	13.0	3663.7	-0.057
AACTC	56.0	16798.0	-0.057
AGGGA	65.0	18032.0	-0.056
CGCTG	22.0	5965.6	-0.053
GGTGT	73.0	19240.4	-0.051
AGGGT	40.0	15257.8	-0.051
ACGTA	10.0	3008.6	-0.051
AGTCA	69.0	16674.0	-0.048
ATAGG	36.0	11338.7	-0.047
CGATC	5.0	1603.9	-0.045
ACACA	111.0	37901.9	-0.042
AGCCA	71.0	19994.3	-0.042
GGATT	42.0	16871.2	-0.040
GGCCC	29.0	9511.4	-0.039
CTTGG	75.0	19726.1	-0.039
TAGGG	23.0	11059.7	-0.038
AAGTC	58.0	14615.9	-0.035
AGGTC	28.0	10847.4	-0.033
CTAGG	44.0	11329.3	-0.032
GCCAT	57.0	15760.8	-0.032
GATCC	24.0	8824.2	-0.030
GCGAT	3.0	2204.5	-0.029
GGATC	32.0	8667.8	-0.028
CTCGA	7.0	3068.8	-0.025
CTCAG	89.0	21910.4	-0.024
CTGGG	90.0	25000.2	-0.023
GCCGC	14.0	5206.5	-0.021
GGTCC	30.0	9179.5	-0.017
CTCGG	12.0	4707.8	-0.017
GGGAT	55.0	14431.1	-0.016
GCCAC	39.0	12000.5	-0.011
ACTCA	49.0	18267.7	-0.004
GATTC	29.0	11306.4	-0.001
CCAGG	57.0	18906.9	-0.001
AGGCC	32.0	11663.2	-0.000
GGCCA	34.0	13186.9	-0.000
CCGGA	0.0	3615.3	1.000
