OligoSequence	Target Occurences	Background Occurences	Enrichment(ln p, up to 2 mismatches)
ACCTC	217.0	24968.2	-18.075
GCGTT	47.0	3556.7	-14.811
GCGAT	69.0	6333.5	-14.358
CGATT	60.0	5417.7	-13.178
GTGAT	181.0	22187.3	-12.414
TGGTC	143.0	16835.3	-12.280
TCAAG	184.0	22748.8	-12.107
CAAGC	135.0	15900.4	-11.741
TCCTG	281.0	38016.1	-10.515
AAGTG	200.0	25959.6	-10.476
CGCCT	98.0	11130.0	-10.449
CCTCC	317.0	43616.4	-10.150
GGGTT	176.0	22735.0	-9.917
GCCTC	277.0	37979.9	-9.791
GATTC	136.0	16874.0	-9.788
TCGAA	44.0	4262.2	-8.961
TTCGC	41.0	3840.8	-8.960
GGTTC	126.0	15702.5	-8.930
AAGCG	56.0	5759.4	-8.837
CAACC	116.0	14439.1	-8.785
AACGT	42.0	4181.5	-7.992
ATTTT	641.0	95635.6	-7.990
CGTTT	66.0	7405.6	-7.974
TTGCG	35.0	3230.6	-7.809
ACCCC	92.0	11247.3	-7.663
GGTCT	140.0	18504.5	-7.607
TTCTC	281.0	40426.0	-7.366
CTCCT	275.0	39952.6	-6.948
CAAGT	142.0	19070.3	-6.945
CTGGT	147.0	19913.5	-6.921
TTTTG	514.0	77661.9	-6.911
GTGTA	95.0	12162.7	-6.763
GCAAC	101.0	13137.2	-6.652
TGCAA	171.0	23764.6	-6.621
CCCAA	152.0	20974.2	-6.560
CCGCC	92.0	11729.0	-6.506
GATCG	30.0	2936.1	-6.489
AGTGA	165.0	23041.7	-6.377
GCTCA	163.0	23054.3	-6.031
ATCGA	25.0	2357.4	-5.922
ACCGC	25.0	4359.1	-5.789
TGATT	204.0	29847.8	-5.651
TCGCC	49.0	5733.7	-5.605
TCCGC	57.0	6924.5	-5.469
GTTCA	145.0	20623.0	-5.456
TTTTA	509.0	78987.2	-5.450
GATTT	219.0	32329.7	-5.369
ATCGT	30.0	3209.4	-5.270
GTTGG	121.0	16844.3	-5.189
AAGCA	144.0	20619.2	-5.152
CGCGA	24.0	2374.3	-5.144
AAAGT	203.0	30065.3	-5.112
CTCCG	64.0	8091.8	-5.085
TAACG	25.0	2549.9	-4.991
CCCCC	95.0	13070.5	-4.928
TACCG	23.0	2281.4	-4.920
CTTTT	455.0	71430.5	-4.686
TGGCA	133.0	19299.2	-4.615
AACCT	140.0	20383.2	-4.590
TTTTT	1868.0	278536.8	-4.473
TGCCT	222.0	33770.1	-4.411
CGAAC	30.0	3444.9	-4.383
CGGGT	44.0	5523.4	-4.339
TCCCG	69.0	9326.4	-4.310
CCAAA	164.0	24385.6	-4.301
CTGCC	186.0	28235.7	-4.196
AGTGC	147.0	21830.3	-4.138
CGATA	19.0	1891.6	-4.107
CATAC	65.0	8735.1	-4.060
CGTAC	8.0	1567.7	-4.001
CTCAC	163.0	24671.0	-3.980
TTTCG	47.0	6001.3	-3.971
TCCGG	21.0	4056.7	-3.967
GAGAA	156.0	23608.5	-3.893
GCTGG	240.0	37277.8	-3.889
CTCCC	228.0	35397.8	-3.886
AGCGG	29.0	3444.7	-3.866
GTAAC	63.0	8677.9	-3.824
TCGCG	6.0	1715.8	-3.815
AGCGA	46.0	5899.6	-3.811
CGATC	42.0	5400.1	-3.804
GAACT	118.0	17399.4	-3.792
GGGCT	105.0	15357.3	-3.790
CGAAA	30.0	3629.2	-3.775
TTACC	90.0	12998.8	-3.772
GAAGC	95.0	13787.2	-3.761
CGCGT	8.0	1585.0	-3.723
CCGAA	28.0	3335.6	-3.713
AACTT	158.0	24045.5	-3.666
GCAAT	104.0	15258.8	-3.648
TCTTA	142.0	21461.7	-3.545
GGAGT	156.0	23952.1	-3.525
AGAAC	98.0	14353.1	-3.517
ACGCC	32.0	6309.1	-3.495
GCGTA	10.0	1832.5	-3.493
ACGAT	29.0	3571.3	-3.475
TTGGC	142.0	21530.3	-3.470
TCACG	25.0	5600.0	-3.425
ACTGC	137.0	20919.0	-3.415
GTAGC	92.0	13457.3	-3.387
CAACT	94.0	13883.4	-3.344
TTTAC	156.0	24134.1	-3.341
AGCTC	117.0	17557.8	-3.336
GGGAT	130.0	19701.7	-3.316
GGGGT	103.0	15319.9	-3.300
ACGTC	15.0	2858.6	-3.283
TTTTC	435.0	70689.5	-3.277
TTTGT	386.0	62895.8	-3.222
CGCAA	23.0	2908.1	-3.219
TAGCT	132.0	20233.8	-3.209
CCTGC	154.0	23825.6	-3.194
CGAGT	28.0	5081.3	-3.189
TGATC	125.0	19199.3	-3.157
CACCT	143.0	22092.1	-3.115
ACTTG	114.0	17328.0	-3.113
CTGAC	104.0	15674.6	-3.110
GCAAG	87.0	12882.3	-3.096
TCCCA	199.0	31412.0	-3.094
TCTCC	199.0	31420.1	-3.087
AAGAT	132.0	20364.5	-3.071
CCGGG	60.0	8567.6	-3.043
GTCTC	159.0	24919.3	-3.033
TGTAC	78.0	11572.8	-3.029
GTTTT	368.0	60014.7	-2.988
CCACC	175.0	27593.3	-2.976
ATCGG	18.0	2101.4	-2.972
CCGAC	11.0	2670.8	-2.970
ACAAC	74.0	10858.4	-2.956
ACGGA	35.0	4587.0	-2.952
ACTTC	115.0	17695.2	-2.937
AAGGT	100.0	15234.1	-2.903
GCCTT	127.0	19694.2	-2.862
TCAGG	132.0	20569.8	-2.862
TGCGT	30.0	3966.8	-2.846
ACTAG	60.0	8699.3	-2.828
TACCT	99.0	15095.4	-2.827
GTTCG	23.0	2846.7	-2.808
GGATT	155.0	24476.6	-2.803
GCTTT	183.0	29275.5	-2.799
TCGAC	11.0	1838.2	-2.782
ACTCC	119.0	18492.0	-2.767
CTAAG	78.0	11771.7	-2.756
CACGA	30.0	4029.1	-2.696
GAGTG	128.0	20083.2	-2.693
GAAAT	162.0	25809.3	-2.665
TCGAG	15.0	3964.1	-2.663
TATCG	16.0	2037.3	-2.623
TCGGC	54.0	7954.0	-2.557
GACGA	20.0	2457.4	-2.556
GCGAA	9.0	2730.1	-2.552
TAGAC	58.0	8514.6	-2.543
TAGCG	14.0	2210.7	-2.542
AGCTT	129.0	20477.4	-2.529
CGCCG	22.0	2790.8	-2.518
TCACT	185.0	29928.2	-2.491
TTGAG	179.0	28944.9	-2.483
CGACT	18.0	2762.3	-2.455
GATCC	79.0	12025.0	-2.435
TCGCA	8.0	2696.3	-2.433
CGTCA	24.0	3155.8	-2.413
TCTCG	76.0	11657.7	-2.406
TCCGA	23.0	3241.9	-2.394
TGGGA	197.0	32103.5	-2.390
TAAAG	133.0	21305.5	-2.386
ATACT	92.0	14275.1	-2.374
AATAA	191.0	31104.7	-2.372
GTGGG	105.0	16565.8	-2.357
ACTAT	84.0	13082.6	-2.356
TGGAC	69.0	10545.5	-2.342
CCTGA	149.0	24096.3	-2.342
GAGTA	90.0	14110.5	-2.332
CGTAA	21.0	2698.2	-2.331
CTCGA	39.0	5586.0	-2.319
CTAAC	43.0	9012.8	-2.313
GGACT	87.0	13522.1	-2.312
TTCAA	185.0	30200.5	-2.299
AGGCT	177.0	28967.1	-2.287
TAACC	64.0	9639.0	-2.278
CAAAG	152.0	24648.1	-2.275
CGTGT	38.0	5435.8	-2.273
CACTG	167.0	27302.9	-2.252
TGGAG	178.0	29019.5	-2.251
CGTGC	34.0	4753.3	-2.243
CTCGT	20.0	5002.1	-2.233
CCTAC	59.0	8919.2	-2.232
TCGGA	18.0	2868.4	-2.214
AGCGT	22.0	3607.1	-2.206
AGACG	49.0	7275.2	-2.197
ATGAT	125.0	20190.5	-2.196
ACACC	76.0	11852.6	-2.175
TGGGG	134.0	21580.1	-2.156
TCTGG	136.0	22040.4	-2.150
TCGTA	18.0	2476.0	-2.146
TACTA	78.0	12275.6	-2.145
TTAAA	265.0	44188.7	-2.139
ACCGA	20.0	2610.8	-2.137
TACGC	14.0	1650.5	-2.136
GATTA	130.0	20937.5	-2.130
CCTAA	70.0	13053.1	-2.126
GTACA	68.0	10533.0	-2.121
TGACG	22.0	2947.8	-2.119
TCGGG	29.0	4129.6	-2.118
AACCG	5.0	2678.8	-2.115
GACTC	54.0	11290.8	-2.109
CACCG	38.0	6200.5	-2.108
TCTCA	188.0	30995.8	-2.106
TAAAT	195.0	32302.7	-2.091
CCCGA	40.0	5897.4	-2.091
ATAAC	73.0	11340.7	-2.088
GCAGT	128.0	20826.1	-2.039
CACCC	109.0	17546.9	-2.036
GGCTT	111.0	17979.0	-2.032
ATGGC	85.0	13400.9	-2.016
CTTGA	133.0	21768.3	-2.007
CGAAG	25.0	3503.8	-2.003
GGCTG	183.0	30397.7	-2.002
TATGA	98.0	15679.9	-2.001
ACGTG	36.0	5251.9	-1.982
ATACG	18.0	2346.4	-1.978
GTGCT	114.0	18477.8	-1.977
AGTAG	133.0	21809.2	-1.976
AGCTG	153.0	25298.7	-1.971
CAACG	12.0	2567.5	-1.969
TCAGC	148.0	24361.0	-1.967
ATGCC	90.0	14478.8	-1.960
CCGCG	10.0	3652.5	-1.959
TCACC	123.0	20038.4	-1.958
CAGGT	128.0	20935.7	-1.955
ATGTT	181.0	29970.5	-1.954
CTTAC	75.0	11857.8	-1.953
ATGGG	97.0	15546.8	-1.931
GGGGG	76.0	12087.3	-1.921
CGGAA	24.0	3377.4	-1.912
TTACG	15.0	3037.7	-1.911
CTCGG	63.0	9941.1	-1.907
CATCG	20.0	2708.7	-1.901
CCGAG	49.0	7488.3	-1.896
CTTAA	119.0	19469.1	-1.883
GTACT	62.0	9777.6	-1.875
AGATG	137.0	22638.7	-1.871
GACTT	103.0	16688.7	-1.855
CGGTT	14.0	3598.6	-1.853
AAGCT	113.0	18439.4	-1.831
GTTAC	61.0	9626.4	-1.827
CCGAT	13.0	2341.9	-1.815
CCTCG	52.0	8113.8	-1.815
CTACC	60.0	9909.3	-1.809
AATTT	322.0	54868.4	-1.788
GTCCG	18.0	2426.2	-1.783
AGTGG	131.0	21635.8	-1.771
GGCCT	95.0	18867.6	-1.769
TACGA	8.0	2102.4	-1.763
ACCAC	101.0	17564.2	-1.763
CCGTA	17.0	2269.7	-1.761
TGTTC	124.0	20533.2	-1.752
GGCTC	117.0	19601.5	-1.749
CGGCT	46.0	8799.2	-1.742
AGTTG	100.0	16399.7	-1.741
GACGG	40.0	6137.3	-1.730
CGGGG	43.0	7002.5	-1.722
TTATT	264.0	57494.5	-1.722
TATTT	379.0	71515.5	-1.722
TTTAA	302.0	53703.4	-1.722
TCTTT	309.0	68361.8	-1.722
TTTAT	274.0	58812.3	-1.722
TTTCT	382.0	78912.9	-1.722
ACCTG	91.0	18266.8	-1.722
TGTTT	312.0	60822.9	-1.722
TTTCA	262.0	46715.7	-1.722
AAAAA	481.0	83680.0	-1.722
TTCTT	276.0	65998.9	-1.722
ACTAC	55.0	10845.1	-1.722
TTGTT	288.0	51776.6	-1.722
AACGA	21.0	3261.9	-1.722
CAAGG	65.0	14465.3	-1.722
CCAAG	96.0	17643.9	-1.722
TGCGA	23.0	3533.1	-1.722
GGCGT	40.0	6599.3	-1.722
CGTGA	37.0	7681.9	-1.722
CACGT	24.0	5243.7	-1.722
CGACC	11.0	2739.3	-1.722
CGCTT	22.0	4731.1	-1.722
GCTCG	11.0	3396.3	-1.722
GCGGT	19.0	3710.9	-1.722
GTCGG	13.0	2429.1	-1.722
CCGGT	14.0	2904.7	-1.722
CGATG	9.0	2960.9	-1.722
ACGAA	22.0	3135.4	-1.711
AACTA	82.0	13316.2	-1.706
CAGCT	146.0	24286.3	-1.699
TAATA	129.0	21526.6	-1.688
TGAGT	124.0	20629.1	-1.683
TTCAG	158.0	26484.9	-1.668
GGTTT	182.0	30735.7	-1.653
AGATT	141.0	23666.4	-1.645
GACTG	80.0	12979.9	-1.643
GCTAA	93.0	15267.0	-1.631
GTATG	67.0	10803.0	-1.615
CCTCA	170.0	28791.3	-1.612
CATGT	130.0	21662.8	-1.596
AACCA	93.0	15309.3	-1.596
GGCAA	78.0	12849.0	-1.577
ATTCT	205.0	34824.7	-1.568
CTTAG	82.0	13479.9	-1.562
TCCAC	101.0	16844.7	-1.559
TCCGT	30.0	4632.3	-1.551
CCTTA	83.0	13704.2	-1.547
TTACA	162.0	27443.5	-1.535
GTAGA	100.0	16666.7	-1.531
GCGCG	27.0	4110.4	-1.531
AAAGG	124.0	20872.5	-1.517
GACTA	61.0	9930.8	-1.505
GCTTA	71.0	11721.2	-1.501
AGGTC	67.0	10924.5	-1.499
TGGCG	42.0	6695.8	-1.487
AACTC	111.0	18711.0	-1.469
CTCAG	187.0	31858.2	-1.468
TCAGA	122.0	20500.2	-1.466
ATAGG	64.0	10377.8	-1.454
CAGTT	131.0	22116.1	-1.453
CTGGG	216.0	36973.1	-1.453
AAACG	32.0	4888.0	-1.444
TTAAG	123.0	20781.8	-1.430
GACCT	89.0	14893.0	-1.429
CCATG	115.0	19437.9	-1.428
CTATC	56.0	9036.7	-1.425
CCATA	64.0	10410.4	-1.424
CTAGA	75.0	12430.9	-1.412
GATGG	114.0	19240.3	-1.411
GAACG	19.0	2789.0	-1.386
ATCCG	24.0	3674.0	-1.380
GAGAT	122.0	21651.3	-1.378
ATTCG	20.0	2971.8	-1.371
ACCTA	52.0	10215.3	-1.370
CCCGT	27.0	4218.5	-1.367
TAACT	94.0	16671.3	-1.363
TGAAG	132.0	22505.1	-1.357
GTTAA	91.0	15201.9	-1.356
AGATC	74.0	12722.2	-1.352
TAAGC	64.0	10518.0	-1.345
CTGAG	150.0	25619.8	-1.334
CAGAC	74.0	12327.7	-1.330
TACAC	58.0	9527.4	-1.329
GCTTC	99.0	16739.3	-1.326
GGTCA	68.0	11531.8	-1.324
AAGTT	146.0	24919.3	-1.324
TAGTC	59.0	9730.9	-1.323
AGAAA	225.0	38950.6	-1.322
TCGTT	32.0	4979.1	-1.320
GCTCC	63.0	13915.1	-1.312
TGTTA	127.0	21660.4	-1.312
TAGTA	98.0	16547.1	-1.310
GATCA	70.0	12403.2	-1.308
CGTAT	19.0	2837.6	-1.300
GAAAC	101.0	17211.2	-1.300
AACTG	94.0	17673.6	-1.298
CATAA	86.0	14457.8	-1.284
GCATA	58.0	9585.3	-1.276
TGAGA	176.0	30463.5	-1.271
GATCT	108.0	19292.4	-1.270
GAGTT	99.0	20187.1	-1.262
CCCGG	63.0	10609.8	-1.248
TGATG	116.0	19955.0	-1.246
ATCTT	154.0	26523.8	-1.243
TCGTG	33.0	5226.4	-1.241
CAAAC	94.0	16015.8	-1.234
GATGC	59.0	9833.9	-1.232
GATTG	70.0	13239.4	-1.229
ACTCG	12.0	3158.3	-1.227
AGCCT	163.0	28282.0	-1.227
TGTAA	135.0	23210.1	-1.225
GAAGT	85.0	17720.4	-1.219
GGTAT	63.0	10646.4	-1.218
AGTAC	56.0	9258.1	-1.217
TGGGC	99.0	17362.7	-1.217
TTCAC	135.0	23230.6	-1.213
TCCCC	91.0	18300.5	-1.201
CCAAC	53.0	11171.5	-1.195
CCCCG	39.0	6397.4	-1.186
ACATC	62.0	11294.9	-1.178
TTCGT	30.0	4910.0	-1.177
GTACG	4.0	1672.2	-1.175
GGTCC	47.0	7748.8	-1.172
CCGTC	27.0	4378.4	-1.150
GTCAG	81.0	13813.4	-1.147
CGTTC	22.0	3474.5	-1.141
ACCTT	110.0	19012.2	-1.141
TTCCG	27.0	4629.1	-1.139
ACTGG	86.0	15094.9	-1.138
CCCCA	100.0	18327.4	-1.137
CCTGG	178.0	31020.9	-1.136
CTGGC	112.0	20574.3	-1.126
GTAAT	91.0	16135.0	-1.126
CTGCA	156.0	27259.8	-1.125
TCCAA	86.0	17324.2	-1.123
ATAGA	87.0	14906.2	-1.122
ACGAC	13.0	1886.8	-1.121
AAATC	113.0	19501.3	-1.118
CTTCA	129.0	22491.7	-1.111
AATGA	135.0	23433.7	-1.109
TCATG	100.0	18527.7	-1.109
CCCAC	99.0	17089.0	-1.104
CAGTG	150.0	26086.2	-1.101
GAGCA	78.0	13464.9	-1.100
AAGCC	80.0	13684.6	-1.093
CCGTG	34.0	5547.3	-1.087
GCTGA	100.0	18219.2	-1.086
GATAC	41.0	7858.6	-1.081
GCATC	51.0	9565.0	-1.077
TGGCC	114.0	19815.5	-1.070
CACCA	143.0	24942.6	-1.070
TCAAC	64.0	11636.2	-1.065
CGGTC	10.0	2469.4	-1.062
TACTG	80.0	14985.4	-1.060
ATTGA	106.0	18494.1	-1.057
TGATA	94.0	16304.3	-1.054
ACGGC	10.0	2601.0	-1.045
TAGAA	118.0	20576.3	-1.029
CTGGA	159.0	27976.9	-1.028
TTAAC	90.0	15844.2	-1.024
AGACT	96.0	16795.4	-1.021
GCCTG	114.0	24997.4	-1.021
CGAAT	18.0	2895.3	-1.018
TGCCG	18.0	3975.3	-1.017
AGTTC	83.0	17584.6	-1.017
AGCAT	90.0	15727.3	-1.011
ACCGT	21.0	4069.6	-1.011
GCCTA	52.0	9395.4	-1.010
TTAGC	83.0	14446.2	-1.010
TTCCC	146.0	25559.7	-1.009
CTGAT	101.0	18240.4	-1.004
CGAGG	32.0	5251.9	-1.002
AATTG	108.0	18829.1	-0.997
AAAGC	99.0	18301.8	-0.996
AAGTC	81.0	14226.0	-0.994
TACTT	131.0	22969.2	-0.992
GGGTC	44.0	9983.8	-0.991
AATCG	18.0	3003.8	-0.991
GTTCT	118.0	20653.9	-0.990
GGGTA	47.0	8479.2	-0.987
ATGCG	13.0	2628.6	-0.983
TAGCA	65.0	12747.4	-0.982
AAGGC	75.0	13020.3	-0.981
GTGCA	111.0	19632.4	-0.974
TCGCT	38.0	6422.5	-0.973
TAGAG	107.0	18657.0	-0.970
CGGGC	31.0	5283.5	-0.969
CCAGG	180.0	31966.7	-0.965
CGGCG	17.0	2694.5	-0.963
ACTGA	95.0	17245.4	-0.953
TCGAT	21.0	3434.0	-0.952
CATGC	86.0	15150.9	-0.951
ATCTG	107.0	18697.5	-0.949
TTCGG	20.0	3681.5	-0.948
TAGGA	79.0	13702.3	-0.948
TTGGG	117.0	22074.5	-0.945
CATCC	63.0	13411.3	-0.945
AGTCA	85.0	14784.1	-0.936
TAATT	213.0	38012.7	-0.936
CATTT	211.0	45286.3	-0.935
ATTTA	152.0	39838.2	-0.935
ACTTT	201.0	36402.2	-0.935
ATATT	167.0	32959.9	-0.935
ATTTC	172.0	35119.3	-0.935
AGTTT	209.0	38354.2	-0.935
AAAAT	236.0	50148.2	-0.935
AAATT	220.0	40809.6	-0.935
ATTTG	163.0	33558.1	-0.935
TTTGA	242.0	43998.2	-0.935
TTCTG	196.0	36490.0	-0.935
GGCAC	69.0	12054.8	-0.934
ACCAA	78.0	13740.3	-0.926
GGAAT	90.0	16385.8	-0.925
GAAAG	127.0	22411.7	-0.925
ATCAG	81.0	14166.0	-0.924
CTCCA	124.0	23984.0	-0.924
TGTCG	27.0	4574.8	-0.923
ACACT	81.0	14177.6	-0.917
CGCCA	39.0	6677.7	-0.917
GGGAA	105.0	18540.0	-0.916
TCCTA	88.0	15465.2	-0.915
AGGTT	96.0	20170.4	-0.915
CTCAA	127.0	22434.7	-0.915
ACCAT	104.0	18319.1	-0.914
CGAGC	19.0	3096.4	-0.913
GAACA	82.0	14399.0	-0.913
GAAGG	97.0	17004.6	-0.907
TTGAC	74.0	13853.4	-0.907
GTAAG	65.0	11276.4	-0.905
TGTAG	97.0	17011.8	-0.904
TGACT	96.0	17830.4	-0.902
ACATA	88.0	15491.5	-0.901
CAGGG	100.0	17686.7	-0.897
GCGTC	8.0	2900.7	-0.895
GCACG	26.0	4413.2	-0.895
GCCAC	85.0	19028.2	-0.894
AGGGT	84.0	14861.3	-0.893
GAGCT	80.0	14947.4	-0.892
TGCTT	165.0	29325.0	-0.891
GATAG	53.0	9280.8	-0.883
TTGTA	162.0	28846.9	-0.880
CGTCT	20.0	5380.8	-0.879
CTATA	68.0	11938.4	-0.877
CTGCG	24.0	5417.8	-0.874
AACGG	11.0	2823.5	-0.872
TAAGT	99.0	17516.7	-0.871
GTACC	39.0	6833.1	-0.870
TTCGA	22.0	3701.1	-0.865
TATAG	75.0	13211.8	-0.865
ACGTT	23.0	5010.3	-0.860
ATGGT	78.0	17806.5	-0.859
CGGAC	11.0	2100.7	-0.857
TGCTC	70.0	18268.2	-0.857
CTTAT	99.0	17550.0	-0.854
AATCT	119.0	21177.1	-0.852
GCCGT	19.0	3149.0	-0.848
CAGAA	133.0	23773.8	-0.847
GGTAC	30.0	6423.9	-0.847
GTGTT	121.0	22601.7	-0.841
GTGGT	92.0	18069.5	-0.840
GAACC	34.0	9849.1	-0.837
AGTAA	93.0	16890.2	-0.837
GCAGA	94.0	16707.5	-0.835
TACCA	65.0	12779.1	-0.830
GACAA	68.0	12018.1	-0.829
GACCG	8.0	2452.2	-0.826
GCATT	102.0	18063.6	-0.822
TGTTG	172.0	30815.3	-0.816
AATAG	91.0	16095.3	-0.813
GGGGA	84.0	15013.0	-0.812
TATCA	82.0	14595.7	-0.805
AGTAT	88.0	15676.1	-0.805
GGTAA	58.0	11331.8	-0.804
ATACC	47.0	9203.1	-0.802
GCTAT	52.0	10898.3	-0.802
CGGTG	28.0	4887.2	-0.801
AAGGG	71.0	15050.0	-0.801
GCGGG	30.0	5799.9	-0.796
AGCAA	104.0	19276.3	-0.796
TACCC	50.0	8809.6	-0.794
AGCGC	16.0	3547.7	-0.793
TCCAG	96.0	22534.6	-0.791
ATATC	69.0	12297.5	-0.789
CGTTA	17.0	2830.6	-0.787
AGGAT	95.0	17041.9	-0.780
GGCAT	78.0	14843.0	-0.778
AGGTG	113.0	20200.7	-0.777
ATGCA	86.0	15298.0	-0.777
GTATT	136.0	24441.0	-0.773
CTGAA	113.0	22988.9	-0.770
CGCCC	37.0	10369.5	-0.760
TTGAA	173.0	31282.9	-0.747
TAGTG	59.0	12591.5	-0.747
TAAGG	64.0	12217.2	-0.745
GCACT	52.0	13964.4	-0.745
AACAG	97.0	17341.8	-0.745
GATAA	69.0	14190.2	-0.742
GAGCG	23.0	4002.1	-0.738
TATGG	66.0	11766.2	-0.736
ATAGC	46.0	9847.6	-0.735
AAGAC	81.0	14520.7	-0.735
TCCTC	114.0	25837.8	-0.732
CGCTA	12.0	1945.1	-0.728
CCCCT	93.0	16714.7	-0.727
ACGTA	14.0	3022.4	-0.721
GGAAA	138.0	24825.4	-0.720
GTCGC	21.0	3871.7	-0.720
TCATA	86.0	15425.6	-0.716
GCGCA	22.0	3835.9	-0.715
TGGAA	110.0	24564.0	-0.714
AAGTA	107.0	19222.3	-0.713
TAAGA	97.0	17412.4	-0.713
ATAAT	133.0	24122.2	-0.713
TTAGA	101.0	19567.9	-0.707
CATAT	93.0	16761.1	-0.707
TAGGC	47.0	9161.8	-0.703
TGGTA	74.0	14842.8	-0.701
AAACT	138.0	25788.8	-0.701
CTAGT	58.0	10846.7	-0.700
TGGTG	106.0	23409.2	-0.699
AGAAG	130.0	23454.8	-0.694
TATGC	55.0	9983.0	-0.693
TACTC	64.0	11436.5	-0.689
TTGCC	93.0	21424.0	-0.687
TTATC	87.0	17130.2	-0.687
TTGTC	104.0	19480.4	-0.685
AATGC	74.0	14776.3	-0.684
TGCAT	107.0	19284.6	-0.684
ATCCT	93.0	18836.7	-0.684
GGAAC	42.0	10386.5	-0.675
CGGAT	11.0	2723.8	-0.670
CGTCG	2.0	1094.0	-0.669
AGTCG	12.0	2591.4	-0.664
AGTCT	112.0	22644.8	-0.654
TGGCT	144.0	27538.1	-0.652
AGCAG	100.0	18235.4	-0.650
GCAAA	87.0	17519.4	-0.649
GTGAA	95.0	17956.2	-0.648
ATCTC	115.0	23446.9	-0.648
CAAAT	119.0	23184.5	-0.647
GCCAT	80.0	14496.2	-0.645
GGCGA	13.0	3765.8	-0.644
GGATC	44.0	9331.6	-0.644
CTTCG	24.0	4298.3	-0.643
CTAGC	39.0	8287.6	-0.640
TACGG	12.0	2012.2	-0.639
ACTAA	73.0	13228.5	-0.636
ATTGT	105.0	21899.8	-0.635
AAGAA	156.0	32729.1	-0.635
GTATC	42.0	8682.4	-0.631
CGGAG	36.0	6465.1	-0.630
TGACC	82.0	14965.6	-0.629
TCTGA	126.0	22925.6	-0.629
GGCCG	30.0	5483.7	-0.628
CAATC	60.0	11279.2	-0.624
TTGCA	122.0	22238.4	-0.621
GAATT	121.0	23160.1	-0.620
ATAAG	59.0	13791.3	-0.619
GTTGA	71.0	14633.7	-0.615
CTACT	76.0	14837.5	-0.614
ACGCG	9.0	1466.6	-0.613
TACGT	8.0	3599.7	-0.613
GGAGA	108.0	19701.7	-0.612
GTCAC	68.0	12533.9	-0.610
GGTTA	44.0	10422.1	-0.608
CGGGA	20.0	5375.9	-0.604
TAAAC	75.0	15595.7	-0.603
GGTGA	89.0	16349.7	-0.601
GTAGT	58.0	11950.4	-0.601
CCAAT	63.0	11625.0	-0.594
GCCGC	24.0	4622.4	-0.594
CTAAT	107.0	19528.5	-0.592
AGCAC	70.0	12915.9	-0.584
TGAAC	83.0	16211.9	-0.584
ATCCA	86.0	15737.2	-0.582
CTGCT	117.0	23917.4	-0.580
CAGTA	75.0	13799.8	-0.573
CTCTA	84.0	15543.0	-0.572
GTTTA	102.0	21412.6	-0.570
GCGCT	15.0	3755.8	-0.568
TGCCA	103.0	19642.3	-0.565
AATGG	99.0	18876.1	-0.562
GTTCC	71.0	13182.0	-0.561
ATGAA	130.0	23854.7	-0.561
GCAGG	59.0	16010.3	-0.559
TACAA	90.0	16697.8	-0.553
CAATG	79.0	14499.3	-0.552
ACAAG	66.0	13733.4	-0.550
CTCAT	105.0	19707.6	-0.547
CTTGT	118.0	21878.4	-0.547
AAATG	175.0	32247.0	-0.546
GATAT	75.0	13865.0	-0.545
ATCGC	11.0	3038.0	-0.544
ATTGG	76.0	14087.4	-0.543
ACGGG	18.0	4703.6	-0.543
GTAAA	89.0	17997.5	-0.541
CGCAT	14.0	2547.5	-0.540
ATGCT	84.0	17382.0	-0.536
GTCTT	134.0	24671.8	-0.534
CAGAT	96.0	17908.7	-0.533
TGAGC	99.0	19996.7	-0.531
ATAAA	173.0	32055.0	-0.528
TGCAG	146.0	27142.6	-0.528
CGTAG	11.0	2497.5	-0.527
TGCAC	58.0	14234.4	-0.527
CCGCA	16.0	3948.5	-0.527
TTGTG	135.0	24944.1	-0.526
TTTGG	188.0	35209.5	-0.524
TCTAG	69.0	13889.7	-0.523
TACAG	131.0	24329.4	-0.521
AAAAG	179.0	33153.8	-0.520
TTGAT	133.0	24722.8	-0.519
CACTA	51.0	10327.1	-0.516
CTAAA	96.0	18810.1	-0.515
AGAGT	78.0	19092.4	-0.515
CGAGA	20.0	5224.7	-0.514
AGCTA	78.0	14601.0	-0.513
CACGC	27.0	7080.0	-0.513
CGTGG	30.0	5656.0	-0.512
CAGGC	175.0	32390.8	-0.511
CCGTT	21.0	3880.7	-0.511
GTTTC	154.0	28913.4	-0.510
CAGCC	134.0	27282.9	-0.507
TTGGA	115.0	21424.7	-0.506
GTTGT	80.0	18325.1	-0.503
CATGA	82.0	17682.5	-0.503
CCACG	30.0	6480.6	-0.503
AACCC	65.0	12434.8	-0.503
ATGAC	52.0	10924.3	-0.501
CGTCC	15.0	3499.7	-0.500
TCAGT	104.0	20817.9	-0.500
GATGA	85.0	15734.5	-0.499
TCACA	86.0	18595.4	-0.498
GTCGT	14.0	2533.7	-0.494
CCGGC	32.0	7345.9	-0.494
CCGCT	24.0	4495.1	-0.493
CGCGG	8.0	3026.6	-0.491
ATTAT	151.0	28064.2	-0.490
AGGTA	69.0	12935.1	-0.487
CGGCA	17.0	3132.8	-0.484
TTTAG	165.0	31406.6	-0.483
CTTTA	134.0	27846.4	-0.483
TTCTA	117.0	25277.7	-0.483
TTATA	134.0	25240.6	-0.483
TTAAT	162.0	31791.0	-0.483
CTTCT	165.0	33714.2	-0.483
CCTTT	180.0	36888.7	-0.483
TTTCC	214.0	40999.6	-0.483
TTTGC	140.0	29937.0	-0.483
TAAAA	223.0	43828.7	-0.483
CTTTG	142.0	33753.5	-0.483
TTCCT	198.0	42923.8	-0.483
TCTTG	160.0	30793.4	-0.483
TCTCT	173.0	41244.5	-0.483
ATGAG	94.0	17570.2	-0.483
CCTAT	61.0	11457.3	-0.482
GGTGT	82.0	15726.6	-0.481
CTTGG	106.0	22421.8	-0.480
GACAC	49.0	9162.5	-0.480
TTATG	106.0	19867.4	-0.480
GAATG	92.0	17371.9	-0.480
GTCTA	48.0	8956.1	-0.479
AACGC	14.0	2550.3	-0.479
GTCCC	43.0	10835.7	-0.478
GGCTA	65.0	12692.6	-0.477
GCTGC	68.0	16161.1	-0.477
TAGCC	49.0	10813.6	-0.474
GGCGC	39.0	7334.1	-0.472
GGCCC	55.0	10430.5	-0.471
TCGTC	11.0	2974.2	-0.468
GTGGA	60.0	15002.1	-0.465
CTGTT	147.0	29459.5	-0.464
GGGCA	68.0	13508.2	-0.464
TGCTA	62.0	14077.8	-0.462
GCCGG	27.0	5142.4	-0.461
AGGGA	87.0	18067.8	-0.460
AGGGC	55.0	11591.4	-0.460
TGCTG	145.0	28640.5	-0.459
TCAAA	127.0	27040.1	-0.458
CGCTG	21.0	5375.7	-0.457
TAACA	86.0	16080.2	-0.457
AGTGT	97.0	18203.6	-0.457
CCAGT	87.0	16305.3	-0.456
GTTAT	63.0	15202.2	-0.455
ATCAA	76.0	14483.8	-0.455
CGCTC	30.0	5757.2	-0.452
CTACA	65.0	13827.6	-0.451
AGACA	114.0	21386.7	-0.446
AGAGA	158.0	29525.2	-0.446
GACAT	53.0	12135.0	-0.445
TGAGG	107.0	20617.5	-0.445
GTCAA	54.0	10483.0	-0.444
TAGAT	80.0	15806.4	-0.443
TACAT	97.0	18157.6	-0.441
ACCCA	92.0	17254.9	-0.440
TGTCA	92.0	20630.4	-0.436
TCTAA	87.0	17531.4	-0.436
CCTAG	47.0	11432.2	-0.435
CCAGC	83.0	23703.1	-0.432
AGGCA	99.0	21745.7	-0.429
CGACG	2.0	1003.0	-0.429
GGTGG	81.0	18888.3	-0.424
ACGCA	15.0	2813.6	-0.424
GTCAT	62.0	13243.2	-0.423
GTGCC	72.0	13552.8	-0.420
CTTCC	138.0	29014.7	-0.418
CCCTA	45.0	9824.4	-0.417
AACAT	110.0	21036.6	-0.416
ATGGA	95.0	18236.2	-0.416
TCAAT	67.0	16167.7	-0.416
AATGT	126.0	24367.2	-0.416
TATAA	92.0	21525.1	-0.414
CGGCC	36.0	7525.2	-0.413
GAGGG	68.0	14752.2	-0.413
CATAG	52.0	11004.2	-0.408
AGGCC	69.0	13154.7	-0.408
TTACT	121.0	22736.1	-0.404
ACAGT	91.0	17166.4	-0.399
CCAGA	73.0	17676.2	-0.398
GCACC	59.0	11254.3	-0.396
CACGG	16.0	3983.4	-0.396
GGTCG	12.0	2423.7	-0.395
TGACA	80.0	15938.6	-0.395
CCCAT	71.0	14770.1	-0.395
ATTGC	79.0	14945.0	-0.395
GTGAG	81.0	19541.1	-0.394
GTTAG	48.0	10903.0	-0.393
CCGGA	14.0	3567.5	-0.393
GCTAG	44.0	8782.2	-0.391
TAGTT	88.0	21089.5	-0.389
AAAGA	166.0	32287.0	-0.389
GTGGC	94.0	17884.4	-0.389
GCCAA	60.0	12812.6	-0.388
GCATG	80.0	15189.6	-0.388
GCTTG	73.0	14788.5	-0.388
TAATG	87.0	17355.0	-0.386
ACAGG	129.0	24513.7	-0.385
GCACA	68.0	13009.7	-0.384
TATTA	117.0	24462.5	-0.382
TTAGG	69.0	14608.4	-0.382
CAAAA	147.0	31814.6	-0.382
ACGCT	8.0	3153.5	-0.381
TCTAC	66.0	12741.3	-0.380
AAAAC	126.0	26886.2	-0.380
CTAGG	49.0	11260.0	-0.379
TGGTT	114.0	24209.9	-0.379
AGATA	79.0	16700.7	-0.378
TGCGG	17.0	4063.9	-0.377
TCTGC	122.0	23919.7	-0.377
TATAC	59.0	11315.1	-0.375
GTTTG	142.0	27091.1	-0.375
AATTC	106.0	21184.8	-0.372
GACGC	7.0	2470.5	-0.370
AACAA	121.0	23174.9	-0.369
GACAG	92.0	17504.9	-0.368
GTAGG	38.0	8993.0	-0.364
AAGAG	93.0	20550.5	-0.364
TTGGT	118.0	23493.0	-0.361
ATAGT	70.0	14453.0	-0.361
ACATG	80.0	16461.5	-0.360
GGTGC	62.0	12003.9	-0.360
GAATA	75.0	15880.3	-0.359
ACTCA	65.0	15825.7	-0.359
AATAC	77.0	14849.7	-0.357
GAATC	57.0	11713.8	-0.356
CTATG	62.0	12019.8	-0.355
ACAAA	133.0	26745.3	-0.354
ACTCT	106.0	20332.5	-0.354
GTGAC	48.0	11242.9	-0.353
CGTTG	19.0	3721.3	-0.353
AAACC	82.0	16896.8	-0.353
CCTGT	107.0	22429.0	-0.352
CTCGC	29.0	5818.8	-0.348
TTAGT	119.0	22735.4	-0.348
TGTGG	111.0	21315.1	-0.344
TGTGA	113.0	23874.7	-0.344
TATCC	55.0	10769.2	-0.343
CATTA	83.0	16022.5	-0.341
CAATT	102.0	19923.7	-0.339
GTATA	56.0	12211.7	-0.337
CAGAG	103.0	23659.1	-0.335
GCGAG	20.0	3957.3	-0.334
GACCA	48.0	11077.5	-0.332
TATCT	103.0	19725.5	-0.331
ACCGG	8.0	2575.6	-0.329
CACTT	117.0	23156.7	-0.329
AAGGA	104.0	21231.6	-0.328
GAAGA	107.0	20924.5	-0.328
GATGT	62.0	14590.0	-0.327
CCCTC	62.0	19290.5	-0.325
GCCGA	18.0	4110.1	-0.321
ATCAT	90.0	17551.2	-0.318
GGACA	56.0	11072.6	-0.318
ACTTA	80.0	15480.8	-0.308
CTACG	5.0	2295.1	-0.307
CTTGC	91.0	17517.8	-0.307
ACAGC	66.0	13150.5	-0.307
TAATC	58.0	14644.4	-0.307
TAGGG	46.0	10053.7	-0.305
GTCTG	71.0	15578.0	-0.304
AGGAC	53.0	10802.5	-0.303
TTCCA	134.0	27424.4	-0.302
ACCCT	51.0	13900.4	-0.301
ATGTG	89.0	20621.2	-0.301
CCACT	94.0	19204.1	-0.300
CAAGA	91.0	17552.5	-0.299
AATAT	116.0	27743.0	-0.298
TGAAT	130.0	24938.1	-0.296
ATTAG	78.0	15589.1	-0.295
GGTTG	50.0	13895.5	-0.295
TATTG	103.0	20122.0	-0.295
GGCAG	91.0	17925.4	-0.293
CTATT	105.0	20696.8	-0.291
TATTC	74.0	19481.7	-0.290
TGAAA	163.0	32480.8	-0.289
ATTAA	126.0	24235.8	-0.289
ACAGA	118.0	22781.8	-0.288
ACTGT	100.0	19589.7	-0.285
AGAGC	71.0	14016.5	-0.284
CACAA	66.0	15467.7	-0.279
GTGCG	18.0	4362.4	-0.279
GCAGC	71.0	14153.1	-0.275
AATCA	85.0	17878.4	-0.275
GCCCC	49.0	11890.5	-0.273
CACAC	70.0	16684.3	-0.273
CAGCG	18.0	4512.9	-0.268
AATTA	124.0	27074.1	-0.267
AGAAT	106.0	23974.5	-0.266
CCTCT	126.0	27531.0	-0.266
CGACA	12.0	2444.8	-0.264
AGGGG	56.0	13082.9	-0.263
TGGGT	103.0	20071.2	-0.262
TGGAT	70.0	18514.0	-0.262
CCCTG	100.0	20119.2	-0.261
GCTGT	92.0	17966.5	-0.259
CATGG	76.0	15083.9	-0.259
GTCCT	68.0	14075.1	-0.259
TGCGC	20.0	4115.2	-0.257
ACGGT	15.0	3080.4	-0.257
AGAGG	87.0	18091.0	-0.257
CAGCA	74.0	19297.7	-0.256
GACGT	15.0	3090.7	-0.252
CGGTA	8.0	1926.1	-0.250
GCTAC	28.0	8369.2	-0.250
ATTAC	99.0	20595.6	-0.248
GTTGC	69.0	15012.3	-0.245
CTCTC	84.0	26609.3	-0.243
ATCAC	52.0	13747.7	-0.242
ATCCC	61.0	13073.4	-0.236
CCTTC	121.0	24802.0	-0.236
CATCT	107.0	21058.1	-0.235
AAATA	200.0	38918.6	-0.233
CTCTT	167.0	33619.2	-0.233
TCCTT	152.0	36509.1	-0.233
CTTTC	148.0	37960.6	-0.233
AAACA	144.0	28187.6	-0.232
ATTCA	94.0	22011.3	-0.228
AGACC	53.0	11529.1	-0.227
GCGTG	35.0	7490.4	-0.226
TATGT	99.0	21768.6	-0.225
GGATA	47.0	10296.8	-0.225
AGGCG	37.0	8920.7	-0.224
ACCCG	23.0	4835.9	-0.220
ACATT	108.0	24992.6	-0.219
GGGTG	68.0	14550.6	-0.219
TGTCC	56.0	14712.5	-0.218
TCCAT	104.0	20541.7	-0.217
GAAAA	170.0	34488.6	-0.216
GTCGA	5.0	1857.7	-0.215
CTGTA	95.0	19932.8	-0.214
CATCA	63.0	15129.6	-0.214
CCCAG	167.0	34404.5	-0.206
AATCC	69.0	15095.6	-0.204
ATACA	84.0	16930.1	-0.195
CAGTC	53.0	13146.5	-0.194
CAACA	76.0	15934.6	-0.190
GAGAG	89.0	17888.2	-0.189
ATATG	82.0	16517.8	-0.187
AGCCG	18.0	4737.1	-0.187
CATTG	86.0	17228.7	-0.184
GCTCT	102.0	20752.4	-0.181
CAATA	66.0	13456.4	-0.180
CGCAG	16.0	4405.3	-0.177
GTCCA	44.0	10118.6	-0.174
CTCTG	174.0	34156.5	-0.173
CCTTG	102.0	20627.4	-0.173
ACGAG	15.0	3280.2	-0.172
CCCGC	35.0	7932.3	-0.171
TCCCT	118.0	25774.8	-0.171
CACAG	86.0	18443.2	-0.170
GAGAC	96.0	21692.6	-0.168
GAGGA	82.0	17487.1	-0.167
AGTCC	55.0	11481.9	-0.165
AGTTA	73.0	16043.8	-0.163
AGGAA	126.0	25075.3	-0.163
CGCAC	8.0	3423.2	-0.161
ATGTC	64.0	13975.8	-0.160
CCACA	85.0	17247.4	-0.159
TGTGC	74.0	17426.0	-0.158
AGGAG	86.0	21539.1	-0.158
AGCCA	98.0	22359.8	-0.157
ACAAT	71.0	16065.3	-0.156
TATAT	133.0	26668.1	-0.154
GGTAG	47.0	9790.3	-0.153
ATCTA	61.0	12657.5	-0.153
GGATG	58.0	13866.2	-0.152
CAGGA	96.0	22049.4	-0.146
ACCAG	69.0	14382.7	-0.140
TGTCT	137.0	27579.4	-0.139
GGAAG	97.0	19978.8	-0.136
ATTCC	82.0	17403.9	-0.131
GAGTC	69.0	14383.8	-0.131
GCGGC	19.0	4282.9	-0.130
TGTGT	139.0	32564.9	-0.130
GCCAG	89.0	18328.6	-0.129
TCTTC	120.0	30278.4	-0.128
GCCCA	99.0	20340.1	-0.127
GGGAG	95.0	20596.0	-0.127
GAGGT	71.0	15710.4	-0.127
TAGGT	47.0	12355.8	-0.126
GGAGC	50.0	11799.6	-0.126
AACAC	59.0	13051.5	-0.124
CCATT	105.0	22808.4	-0.119
TTGCT	129.0	30542.1	-0.117
TCTAT	88.0	18244.6	-0.112
TCTGT	163.0	36015.9	-0.104
CTGTG	117.0	25241.3	-0.104
TTCAT	152.0	31800.2	-0.103
TCATT	154.0	32348.1	-0.103
ATGTA	86.0	17888.4	-0.100
GGGCG	26.0	6272.3	-0.099
CACAT	77.0	16882.1	-0.099
GTGTG	95.0	24363.0	-0.097
GGCGG	30.0	6883.4	-0.092
AGCCC	40.0	12872.6	-0.092
TCGGT	13.0	3223.9	-0.089
CACTC	77.0	16401.4	-0.086
GCGGA	15.0	3650.4	-0.085
GTGTC	45.0	12745.0	-0.084
ACACG	16.0	3842.5	-0.083
TGTAT	129.0	27030.8	-0.082
TCATC	67.0	15953.8	-0.080
GGGGC	46.0	11295.4	-0.076
GAGGC	86.0	18177.2	-0.075
GGGAC	53.0	11696.2	-0.075
CTGTC	102.0	21320.1	-0.075
ATATA	102.0	23303.6	-0.072
CCATC	71.0	15490.3	-0.065
ACACA	59.0	18605.7	-0.063
TGCCC	92.0	20278.6	-0.058
GGACC	33.0	7616.7	-0.057
CCCTT	97.0	20790.0	-0.048
CATTC	87.0	19645.2	-0.040
GGCCA	71.0	16053.7	-0.039
GCCCG	34.0	8084.9	-0.038
GCGAC	8.0	2550.0	-0.033
GGAGG	80.0	22141.2	-0.023
GGACG	10.0	2952.2	-0.022
GACCC	34.0	8419.2	-0.021
GCCCT	41.0	13648.6	-0.014
CGCGC	12.0	3957.5	-0.008
GCGCC	23.0	7246.2	-0.008
GGGCC	31.0	10348.3	-0.008
GAGCC	56.0	16508.1	-0.005
