OligoSequence	Target Occurences	Background Occurences	Enrichment(ln p, up to 2 mismatches)
GCATG	160.0	20208.5	-35.835
AATGC	120.0	15806.5	-26.730
ACGAT	46.0	3616.1	-26.692
GGAAT	131.0	18207.1	-25.288
TCGTA	37.0	2690.1	-23.749
AACGA	52.0	4997.5	-22.923
CGATC	38.0	3158.7	-21.031
GAACG	53.0	5563.3	-20.678
ATGCA	134.0	21603.9	-17.965
CGTAG	39.0	3886.8	-17.127
GATAC	68.0	8972.7	-16.963
GACAC	94.0	14071.8	-16.866
AAGTC	93.0	14160.4	-15.859
GCGTT	45.0	5228.9	-15.118
TGGAA	163.0	29678.6	-14.461
TCGCT	45.0	5460.4	-14.042
ACTGG	111.0	18774.3	-13.863
CGACC	39.0	4573.0	-13.373
AAGCT	106.0	18100.3	-13.345
ATGCT	116.0	20112.8	-13.047
TGCAT	132.0	23754.8	-12.998
CGGTA	31.0	3312.8	-12.816
GTACA	85.0	13684.0	-12.807
GTACG	30.0	3135.0	-12.759
ACTGA	111.0	19401.5	-12.583
AGCGT	43.0	5604.7	-12.511
CCGTC	40.0	4980.3	-12.446
CCCGT	45.0	5959.7	-11.970
GCTCG	50.0	7093.0	-11.966
AAAAA	353.0	73559.3	-11.963
GAATG	115.0	20729.8	-11.877
ACCCG	48.0	6684.2	-11.786
CTCGC	47.0	6493.2	-11.653
ACAGA	149.0	28551.9	-11.573
TAGAC	68.0	10793.1	-11.247
CATGG	113.0	20545.5	-11.046
AAGCG	44.0	5983.7	-11.040
CGATA	19.0	2369.5	-10.983
TTTTC	180.0	35805.1	-10.844
AGTGT	120.0	22720.0	-10.184
ACGTA	31.0	3859.0	-10.062
ATTCC	83.0	14671.4	-9.960
TTCGT	37.0	5021.7	-9.662
TTCCG	46.0	6869.5	-9.613
AGTAT	85.0	15150.0	-9.591
TCGAC	23.0	2672.5	-9.069
GTGTT	120.0	23584.7	-8.885
AGCTC	93.0	17412.1	-8.780
CAGAT	104.0	19974.1	-8.755
CTTCT	128.0	25484.8	-8.694
CGTGA	43.0	6732.0	-8.589
GAAAC	99.0	19164.8	-8.500
AAAGT	121.0	24278.4	-8.404
GATCT	75.0	13726.3	-8.389
TACAG	95.0	18437.4	-8.131
GTGCC	80.0	15051.8	-8.118
ACGCA	38.0	5708.2	-8.096
AAACC	92.0	17916.1	-7.953
CGCAA	27.0	3525.2	-7.937
TCCGG	49.0	8269.0	-7.796
TCGGC	37.0	5629.5	-7.620
AGACG	40.0	6347.4	-7.614
AATTG	90.0	17526.0	-7.576
CCGAC	31.0	4503.4	-7.542
CCGGG	77.0	14522.6	-7.478
TCACG	36.0	5467.7	-7.400
CCCTC	96.0	19267.3	-7.365
GATAG	73.0	13735.4	-7.305
TTTTT	430.0	99415.5	-7.299
CGCCG	46.0	7731.7	-7.241
TGCTC	95.0	19036.7	-7.231
ACGAA	32.0	4838.7	-7.190
CGGCG	50.0	8814.3	-7.130
TACCC	55.0	9884.7	-7.121
CCCGC	64.0	11819.4	-7.120
ATCAG	79.0	15368.5	-7.071
TTACC	57.0	10187.6	-7.055
TTGAT	100.0	20188.6	-6.996
TAACG	23.0	3138.1	-6.954
ACCGA	13.0	4885.2	-6.880
TCGAT	21.0	3206.8	-6.780
AAAGC	100.0	20348.2	-6.780
GCTAA	59.0	10902.9	-6.731
GCAGT	90.0	18146.5	-6.656
AGTCA	85.0	16904.8	-6.613
CGCTT	34.0	5501.7	-6.613
GCAGA	121.0	25741.7	-6.585
CCATT	87.0	17561.9	-6.578
ATGGA	116.0	24308.1	-6.574
ACACT	81.0	16034.5	-6.513
CCGTA	1.0	3144.8	-6.425
GTGGA	108.0	22697.5	-6.394
TGCAG	126.0	27048.3	-6.363
AGGAT	96.0	20024.7	-6.331
CAAAC	83.0	16829.1	-6.265
CATGA	87.0	17819.1	-6.218
AGCAG	131.0	28351.2	-6.180
GACTG	86.0	17567.9	-6.123
GGGCA	95.0	19893.7	-6.072
GAGGT	92.0	19232.6	-6.069
GATCG	8.0	3767.4	-5.984
CTCGA	31.0	5049.6	-5.879
CCGCC	66.0	13124.2	-5.865
TCCAT	86.0	17771.7	-5.849
ATTGA	84.0	17457.6	-5.839
GGGTT	89.0	18444.1	-5.818
ATCGA	15.0	3506.9	-5.781
CCATA	59.0	11464.2	-5.723
GTTGC	64.0	12627.6	-5.719
CATGC	83.0	17240.0	-5.703
GGAGG	167.0	37940.5	-5.638
ACGCT	20.0	5031.8	-5.625
TTCGA	29.0	4681.1	-5.578
CGTAA	19.0	3050.1	-5.556
ACGTT	30.0	4930.7	-5.551
GCGTA	20.0	2873.5	-5.524
CGCTA	20.0	2874.2	-5.520
ATCTA	60.0	11876.8	-5.519
ACCTG	91.0	19354.5	-5.503
TACCG	14.0	3187.4	-5.475
GCGAG	48.0	9090.3	-5.466
GTAGA	76.0	15871.8	-5.415
CGTCG	16.0	2670.1	-5.356
GGACA	89.0	18852.5	-5.309
GGTAA	63.0	12601.8	-5.301
GGAAC	79.0	16624.4	-5.254
TACTG	71.0	14778.4	-5.209
CGACG	3.0	2969.3	-5.189
GCAGC	106.0	23520.4	-5.084
CCCCC	101.0	22140.5	-5.049
TACGT	25.0	4162.3	-5.045
CCTCG	42.0	7979.5	-5.007
TGCTA	71.0	14938.7	-4.993
GGCGA	39.0	7203.0	-4.965
GGGAG	150.0	34522.7	-4.935
GCCGA	37.0	6701.9	-4.923
GTTAA	66.0	13776.7	-4.903
CGGGG	69.0	14406.5	-4.878
TAGTA	60.0	12319.4	-4.839
GTCGA	2.0	2826.6	-4.802
TCGTG	33.0	6005.5	-4.760
CGTTG	28.0	4754.1	-4.756
TGCCA	88.0	19362.5	-4.719
GATGC	72.0	15154.6	-4.711
TGCCC	86.0	18747.6	-4.660
TACAC	63.0	13053.3	-4.646
CCACT	75.0	16173.8	-4.624
GCGGT	35.0	6595.7	-4.607
CCTGC	106.0	24013.9	-4.594
GATGT	86.0	18846.9	-4.550
AACCA	84.0	18561.6	-4.498
ATGAC	64.0	13494.6	-4.462
CTAAT	55.0	11406.2	-4.454
CAGAA	130.0	30232.1	-4.450
TCAGA	104.0	23504.8	-4.393
CGTTA	19.0	3010.9	-4.335
CGAAT	22.0	3724.4	-4.302
GGAGT	87.0	19438.3	-4.278
GAATC	54.0	11239.3	-4.272
CTGAG	129.0	30075.3	-4.257
GTTCC	70.0	15218.8	-4.246
CACTG	97.0	21901.5	-4.228
GAGTG	99.0	22672.0	-4.167
ATACA	92.0	20988.4	-4.098
GTAAT	61.0	13195.2	-4.060
GTATG	85.0	19019.1	-4.014
ACCGT	25.0	4586.2	-3.989
TCTCG	30.0	5617.7	-3.960
CTTAG	66.0	14527.4	-3.948
ATACC	43.0	9792.3	-3.927
ATCTT	85.0	19126.7	-3.907
GAGGA	135.0	32157.2	-3.897
CCCCT	85.0	19161.7	-3.873
AACGC	22.0	4290.5	-3.869
TGTTG	111.0	25981.8	-3.831
TAGAT	77.0	17220.0	-3.811
AACAA	112.0	26400.7	-3.796
TTGTA	88.0	20386.4	-3.684
CGTTC	25.0	4734.6	-3.667
CGAAA	26.0	4754.9	-3.625
AACGT	18.0	4834.2	-3.621
TGATA	72.0	16118.0	-3.600
TTAAC	55.0	12058.6	-3.584
CCGTG	44.0	9185.5	-3.486
GAATT	87.0	20280.2	-3.467
CGATG	27.0	5092.8	-3.464
ATGCG	21.0	4618.4	-3.462
GACGA	27.0	5097.0	-3.456
CCGAT	9.0	3585.3	-3.441
ATTCG	20.0	3587.9	-3.439
CTATC	40.0	8378.2	-3.417
GAAGG	114.0	27274.1	-3.415
ATTAG	59.0	13128.5	-3.406
ATATA	122.0	29241.7	-3.399
ACGGA	17.0	5557.2	-3.390
GTGTA	84.0	19702.7	-3.367
CGTAC	15.0	2419.9	-3.363
CACGT	36.0	7313.1	-3.336
ATTTT	193.0	48126.6	-3.324
CCCAT	68.0	15439.7	-3.302
ACCAT	67.0	15438.1	-3.302
TATAC	53.0	11993.4	-3.292
CGGAA	20.0	6769.2	-3.282
CGAAC	9.0	3767.3	-3.264
CTTGT	84.0	19825.0	-3.260
CACGA	17.0	5300.9	-3.248
ACACC	60.0	13627.4	-3.201
AGTAC	52.0	11477.3	-3.193
TTTCG	27.0	5240.3	-3.189
AGTGC	72.0	16533.1	-3.187
TTGAC	54.0	12135.7	-3.137
TTAAA	147.0	36296.7	-3.123
ATAGC	50.0	11237.4	-3.121
TTCCA	98.0	23568.3	-3.105
ATGCC	61.0	14802.4	-3.080
TTCAC	60.0	13753.3	-3.068
ATCCG	15.0	4414.0	-3.061
TCCCG	43.0	9514.8	-3.049
AGGTG	95.0	22931.6	-3.035
GATCC	52.0	11642.6	-3.005
ACCGG	13.0	5676.9	-2.982
ATACT	55.0	12586.5	-2.981
AAACT	90.0	21581.0	-2.968
GCTTG	78.0	18451.7	-2.966
TCGAA	14.0	4202.2	-2.965
TATGC	56.0	12922.9	-2.955
GGCGT	35.0	7576.5	-2.950
TACGA	16.0	2817.6	-2.944
TCCTT	102.0	24896.5	-2.944
ATCGT	13.0	3533.8	-2.941
CGACA	21.0	4076.2	-2.930
CTTAA	66.0	15521.2	-2.907
GCACG	36.0	7621.8	-2.888
GTAGT	53.0	12065.2	-2.878
CCTGT	93.0	22421.6	-2.874
AATCA	66.0	15587.7	-2.846
GAGGC	100.0	24291.0	-2.845
TTGGA	96.0	23638.7	-2.784
GCGAT	18.0	4112.3	-2.748
ATCCT	68.0	16052.6	-2.723
GTGCA	68.0	19757.1	-2.712
CGTCC	28.0	5799.4	-2.705
TGGGA	125.0	31118.9	-2.703
GTAAC	41.0	9250.8	-2.655
TGTAA	90.0	22000.5	-2.655
TCCGA	17.0	5166.8	-2.634
TACGG	4.0	3214.4	-2.629
GGCCC	66.0	15853.1	-2.610
CGTAT	17.0	3220.5	-2.601
CCCAC	79.0	19275.0	-2.578
AGGTT	71.0	17285.1	-2.529
CCGGC	28.0	9856.1	-2.524
CGAGG	46.0	10575.7	-2.513
TCCTA	55.0	13067.4	-2.502
TAGTG	59.0	14032.1	-2.495
TGCCG	14.0	7029.4	-2.477
TATTG	67.0	16355.8	-2.468
CGATT	9.0	3866.0	-2.464
TGGGG	125.0	31580.7	-2.440
GTTAT	56.0	13460.8	-2.433
GAGCA	87.0	21600.8	-2.430
CAGTA	62.0	14766.2	-2.419
AGAAT	95.0	23809.6	-2.418
TTTAC	70.0	17097.7	-2.411
CACCC	70.0	17099.7	-2.409
CACGC	36.0	7996.8	-2.406
TTGGG	96.0	24252.7	-2.372
GGGGG	114.0	28923.8	-2.344
TGGAG	123.0	31355.1	-2.339
TGGTA	47.0	15385.8	-2.334
ATACG	15.0	2898.5	-2.333
CTTTG	111.0	28166.8	-2.324
GCGGA	9.0	8479.8	-2.309
AGATG	105.0	26641.5	-2.304
ACGAC	16.0	3770.4	-2.280
GCCCT	74.0	18301.8	-2.274
CAGAG	132.0	33988.6	-2.273
CGCGA	18.0	3811.4	-2.267
CCCGA	34.0	7838.1	-2.250
GTTCG	21.0	4467.0	-2.245
TGTAC	58.0	14035.9	-2.214
AGCTT	77.0	19083.6	-2.212
CGCAT	20.0	4219.3	-2.210
CTCGT	13.0	4671.6	-2.208
AATCC	48.0	13048.0	-2.189
ATTGC	44.0	12832.4	-2.184
GCTTC	73.0	18093.7	-2.177
GTCAA	45.0	10614.9	-2.168
CTTTT	140.0	36367.1	-2.167
TAACC	29.0	9498.4	-2.141
CGGGA	47.0	11267.4	-2.136
ATAGA	78.0	19554.0	-2.129
TGGCA	83.0	20975.7	-2.129
CGCTC	11.0	7316.0	-2.125
AACCG	16.0	4574.7	-2.114
GCCGT	14.0	5605.4	-2.086
AGCTG	108.0	27814.6	-2.083
ACCAA	64.0	15848.1	-2.083
GCAAA	74.0	18597.0	-2.068
AGGCC	73.0	18295.2	-2.037
ACCAC	59.0	14587.6	-2.034
CCGCT	18.0	7422.4	-2.020
CTCAC	63.0	15601.8	-2.019
CCAAA	77.0	19383.2	-2.011
AAACG	25.0	6085.6	-2.009
TGCAA	56.0	17420.5	-1.996
AGTCC	57.0	13988.1	-1.991
CGAAG	28.0	6330.1	-1.985
CGGAG	17.0	11698.1	-1.970
CTAGT	41.0	9940.7	-1.936
TGCAC	47.0	16441.4	-1.934
GCCCC	74.0	18802.2	-1.933
ACTGC	32.0	15072.7	-1.915
AGACA	99.0	25804.5	-1.912
GTTCA	60.0	15120.7	-1.885
GCCCG	38.0	10530.7	-1.877
AGATA	78.0	19957.1	-1.872
GTCGG	24.0	5569.5	-1.870
TGATG	89.0	22866.2	-1.868
AGGCG	41.0	10029.1	-1.856
AATTC	64.0	16199.2	-1.834
GACGC	16.0	5968.2	-1.832
TGTTA	73.0	18612.5	-1.831
GTACC	20.0	8731.6	-1.831
GCTGC	96.0	25202.2	-1.825
CATTG	58.0	17443.3	-1.798
GGCAT	57.0	15297.9	-1.796
GGTAT	26.0	11577.1	-1.784
CATAG	39.0	13312.0	-1.779
GACCT	57.0	14293.7	-1.766
GATTG	39.0	14099.9	-1.755
TTAGT	63.0	15994.7	-1.745
TATAT	119.0	31330.1	-1.745
CCATG	77.0	19852.0	-1.723
GTATA	59.0	15287.8	-1.723
TGCGA	18.0	4720.0	-1.722
TATCC	41.0	10196.2	-1.712
GTTGA	49.0	14751.3	-1.711
TCCGT	11.0	5671.8	-1.703
CTGAA	89.0	23184.1	-1.696
GGGGT	75.0	19550.3	-1.692
TTCGG	16.0	5537.5	-1.687
TTACG	2.0	3020.2	-1.686
GACGT	11.0	5164.1	-1.673
CCGCG	30.0	8343.0	-1.668
TCCCC	78.0	20313.2	-1.665
GGCAG	108.0	28680.5	-1.655
TCTTC	84.0	22161.5	-1.649
GACCG	24.0	5799.1	-1.648
CATGT	74.0	23220.1	-1.646
TGAAA	114.0	30344.4	-1.635
CCATC	46.0	15837.7	-1.628
CATTC	57.0	14498.4	-1.625
CATTT	116.0	30797.8	-1.617
GCTTA	43.0	10945.2	-1.615
TTGCT	96.0	25631.1	-1.611
CAAAG	85.0	22238.3	-1.609
TCACC	51.0	12878.9	-1.608
CGTGC	5.0	8408.7	-1.607
CTTCG	19.0	5715.0	-1.598
AGCAT	67.0	18880.1	-1.595
AGTCT	65.0	16929.1	-1.587
TAAAC	57.0	14567.3	-1.580
GTATT	63.0	16270.1	-1.570
GCGAA	18.0	4118.6	-1.569
GTTTT	151.0	41022.6	-1.564
TCGTT	4.0	4653.6	-1.555
AACCT	57.0	14606.3	-1.555
CGGGC	44.0	11032.7	-1.548
CGGCA	17.0	6317.2	-1.541
GCATT	38.0	16612.6	-1.536
TCTAT	57.0	14641.4	-1.532
GCGGG	60.0	15692.6	-1.508
TGGGT	93.0	24699.5	-1.507
AAATT	110.0	29431.6	-1.503
CGCGT	5.0	4204.1	-1.494
AATCG	12.0	3336.0	-1.488
ACCGC	23.0	5619.7	-1.488
ACGCG	10.0	3918.3	-1.470
AGCCG	37.0	9251.0	-1.470
CCCTT	61.0	18833.8	-1.463
AAAAG	124.0	33715.4	-1.456
GACCC	35.0	13929.7	-1.455
ACACG	27.0	6544.5	-1.446
GCGTG	16.0	11140.1	-1.442
CAATA	48.0	12471.0	-1.442
TTTGA	112.0	30398.3	-1.441
CGCTG	41.0	10552.6	-1.435
CGCCC	42.0	11340.8	-1.425
TAATG	65.0	17211.9	-1.425
GTCCT	65.0	17211.0	-1.425
CTGCA	89.0	23739.4	-1.424
TCCAA	58.0	15157.3	-1.422
CGAGT	25.0	6287.2	-1.408
CCCCG	47.0	12222.4	-1.391
TACAT	77.0	20489.1	-1.383
CATCT	72.0	19070.1	-1.372
GCAAT	42.0	10961.4	-1.371
CGTGG	41.0	10662.6	-1.357
CTCCC	85.0	22760.4	-1.355
AGACC	50.0	15207.5	-1.344
GATTC	27.0	11739.5	-1.339
TGTGC	93.0	25079.8	-1.338
TTGTG	99.0	27040.5	-1.334
ACCTT	37.0	15862.8	-1.331
TTGCA	73.0	19564.2	-1.329
TCGGG	19.0	7986.7	-1.329
GGCAC	52.0	13649.0	-1.322
CCTTC	74.0	19901.4	-1.317
TGTTC	65.0	19233.6	-1.316
ATAAC	42.0	11044.0	-1.315
GGAGC	85.0	22853.8	-1.313
TATCG	4.0	2119.1	-1.309
AATAG	58.0	15357.1	-1.307
GAAGC	60.0	19729.3	-1.307
GTCTT	69.0	18491.5	-1.306
TCACT	61.0	16403.4	-1.298
GCTAG	44.0	11391.3	-1.298
CGACT	18.0	4348.8	-1.297
CGGCC	28.0	9681.8	-1.297
CCAAT	35.0	11881.8	-1.289
CCGAA	21.0	5411.3	-1.288
TCGGA	12.0	5156.7	-1.275
TGACA	62.0	19011.8	-1.273
CACTA	38.0	9833.2	-1.270
GGGAA	102.0	28006.6	-1.265
TGGCG	36.0	9209.3	-1.265
TTTAA	136.0	37791.4	-1.260
GGTAC	29.0	8730.3	-1.257
TGAGA	99.0	27239.9	-1.254
GGACG	9.0	7350.6	-1.254
CCGTT	11.0	4541.9	-1.249
CTGGG	121.0	33447.6	-1.244
CTGCT	99.0	27266.7	-1.243
CGCAG	30.0	10290.3	-1.236
ATAGT	51.0	13742.3	-1.234
GCATC	31.0	12874.2	-1.224
GCTCA	61.0	16564.1	-1.215
GTAGG	23.0	13248.2	-1.212
GACGG	19.0	5883.3	-1.211
TACCA	44.0	12420.2	-1.208
GGTTC	48.0	12861.8	-1.199
TAACT	51.0	13526.5	-1.199
TGACT	66.0	18016.7	-1.191
CAGAC	65.0	17675.0	-1.185
AAGGC	53.0	18161.4	-1.184
CGTCT	10.0	5309.8	-1.183
TATCA	47.0	12565.6	-1.179
GGCGC	41.0	10934.4	-1.177
TGATC	45.0	11911.5	-1.176
TAATA	70.0	19121.6	-1.175
AGGGC	73.0	19859.6	-1.168
GTGAT	59.0	15967.0	-1.167
GCATA	46.0	12399.1	-1.164
ACCCT	51.0	15331.0	-1.161
AGCGG	33.0	8734.7	-1.158
GGTCA	23.0	13245.2	-1.154
AGGTC	22.0	13295.2	-1.149
TTAGA	59.0	18174.3	-1.146
TGACG	21.0	5383.9	-1.145
CAATG	57.0	15328.9	-1.141
TCTTA	63.0	17064.1	-1.140
GGCCT	68.0	18507.2	-1.128
AGTCG	7.0	4643.6	-1.126
AACTT	71.0	19593.4	-1.125
CAATC	20.0	8766.9	-1.123
CAGTG	92.0	25615.0	-1.123
GGATG	84.0	23310.2	-1.121
ATTCA	29.0	17796.4	-1.112
GAGCT	78.0	21458.4	-1.112
AATGG	63.0	20718.5	-1.105
AAGGA	103.0	28854.0	-1.103
CGTTT	20.0	6864.8	-1.101
TTTGG	104.0	28866.1	-1.099
TTAGG	54.0	14736.2	-1.094
TTGAA	82.0	25812.8	-1.077
GTCAT	46.0	12424.0	-1.072
CTATA	42.0	11438.3	-1.071
GTAAA	64.0	18681.5	-1.055
GTCGT	15.0	3708.0	-1.053
CTAAC	9.0	8504.8	-1.050
ACAGT	48.0	19707.0	-1.050
CAGGT	72.0	19782.0	-1.045
ACGTG	24.0	8506.5	-1.041
TTCCC	74.0	21963.4	-1.035
GTGGT	48.0	20944.8	-1.034
CTGAT	47.0	17059.4	-1.032
GTCCA	34.0	12642.9	-1.025
GATGG	87.0	24331.0	-1.024
GCCTG	90.0	25107.4	-1.023
CACCA	68.0	18747.0	-1.023
CACCG	20.0	7186.6	-1.023
CGGTG	16.0	8522.9	-1.021
TGAAT	55.0	22795.9	-1.021
TTTTG	156.0	44290.1	-1.015
GTTAC	22.0	9447.6	-1.014
CAGCT	84.0	23596.5	-1.012
ACTGT	64.0	19903.6	-1.003
TATAG	44.0	13827.3	-1.000
ATGGC	55.0	17058.1	-0.999
CGAGA	28.0	7400.6	-0.999
ACGTC	5.0	4189.6	-0.998
GTTGG	66.0	18456.0	-0.995
ACAAT	54.0	14942.7	-0.994
CCTTA	45.0	12242.2	-0.992
CTGGT	70.0	19556.5	-0.988
AAGCA	46.0	23181.0	-0.987
CCTAC	34.0	9317.6	-0.985
TAGCT	52.0	14756.0	-0.978
CCTGA	56.0	21446.3	-0.978
CGGCT	31.0	8376.8	-0.977
TGAGG	90.0	25247.6	-0.974
CTGGC	85.0	23713.0	-0.970
CCGGT	15.0	5782.2	-0.969
GCAGG	78.0	26995.1	-0.962
AATAC	46.0	13549.8	-0.960
GGCGG	63.0	17469.4	-0.959
TCGCA	7.0	3738.4	-0.958
TACGC	6.0	2334.4	-0.952
TATTC	43.0	13810.5	-0.944
GGATT	47.0	17816.1	-0.944
TGTAT	103.0	29347.9	-0.942
GCGGC	46.0	12675.6	-0.941
TGGAC	36.0	15217.7	-0.930
ATTGG	57.0	15782.0	-0.928
CCGAG	40.0	11117.9	-0.922
TTAAT	85.0	23852.3	-0.921
GAGTC	52.0	14416.8	-0.920
GACAG	85.0	23866.8	-0.916
ACCCC	40.0	15111.4	-0.916
CATAT	64.0	17940.3	-0.912
AACTG	65.0	18883.7	-0.912
GTTAG	37.0	11970.1	-0.909
TTTGC	80.0	22753.4	-0.905
ATTGT	69.0	19417.2	-0.900
GAGTT	76.0	21901.3	-0.900
ACTTT	86.0	24312.2	-0.896
TAGTC	33.0	9159.2	-0.890
ATGGT	65.0	18356.0	-0.890
TGGAT	68.0	22777.2	-0.886
GGAAG	86.0	32394.4	-0.886
GCCGG	41.0	11464.6	-0.881
GTCCC	53.0	15544.3	-0.880
CGCGG	21.0	8781.4	-0.879
CACTT	62.0	17322.5	-0.874
CTCGG	33.0	9193.7	-0.871
TGTTT	158.0	48441.4	-0.867
TATTT	117.0	40681.5	-0.867
TTTGT	143.0	45560.8	-0.867
TTTTA	153.0	45454.6	-0.867
TTTAT	100.0	38827.5	-0.867
GAGTA	34.0	13217.6	-0.865
AGATC	48.0	13514.8	-0.865
ACAAA	102.0	29212.1	-0.860
TGCGG	30.0	8525.4	-0.852
TGTCT	91.0	26019.1	-0.851
TGAAG	93.0	26418.3	-0.850
CAGTC	34.0	14748.0	-0.850
CTTAT	34.0	13226.3	-0.848
ACGGG	22.0	6072.5	-0.845
TGTAG	62.0	19892.1	-0.845
ATGTA	88.0	25746.2	-0.844
GAAGT	54.0	19675.6	-0.843
CATCG	17.0	4542.5	-0.840
GCCGC	32.0	11421.5	-0.834
AATCT	34.0	15639.5	-0.826
GGGAT	47.0	18939.8	-0.824
ATCCA	48.0	15292.2	-0.819
GGTAG	49.0	14126.2	-0.816
AGTTT	92.0	27470.2	-0.813
TGACC	49.0	14128.3	-0.811
AAAAC	74.0	27845.9	-0.807
CACTC	47.0	13312.4	-0.804
CACAC	44.0	29922.7	-0.803
ATCGG	1.0	3398.9	-0.799
ACCAG	53.0	18109.1	-0.798
GGTGT	67.0	19350.4	-0.792
AATGA	54.0	25401.4	-0.784
CTGCG	38.0	10671.4	-0.783
TGCTG	105.0	33526.4	-0.780
TTGCG	6.0	4715.9	-0.777
GATTA	43.0	12390.2	-0.762
TTTCA	92.0	26719.3	-0.762
CCAGT	52.0	18211.4	-0.760
TGTGG	104.0	30000.6	-0.757
ATGTT	75.0	24172.3	-0.756
CCGCA	24.0	6841.6	-0.755
TTACA	51.0	18523.0	-0.754
GGTGC	46.0	15717.0	-0.753
TAGTT	56.0	16224.8	-0.751
GGGTA	36.0	12697.3	-0.749
AAGTG	70.0	21894.0	-0.748
CTAAG	45.0	12771.0	-0.744
TAGCG	12.0	3148.5	-0.739
TGTCG	6.0	4584.5	-0.739
AGAGG	108.0	31329.8	-0.738
AAGGG	75.0	21774.4	-0.730
AAGGT	45.0	17451.3	-0.726
GCCAT	50.0	16049.8	-0.721
CTGGA	68.0	28419.8	-0.720
TAGCA	51.0	14559.1	-0.717
CAAAA	98.0	28532.0	-0.710
CTGCC	60.0	24949.8	-0.706
TGCTT	94.0	27335.3	-0.704
GATAT	29.0	14296.9	-0.703
TGGTG	93.0	26951.1	-0.699
CATAC	33.0	11763.2	-0.699
CGAGC	28.0	7911.2	-0.695
CAATT	47.0	13582.8	-0.694
ACAGC	56.0	18985.1	-0.692
CTATT	46.0	13754.9	-0.691
AAGCC	32.0	17070.4	-0.685
GTAGC	34.0	11454.4	-0.672
GTATC	25.0	8698.6	-0.672
GAACC	34.0	13147.0	-0.669
TTTCC	85.0	28034.0	-0.667
GTTGT	68.0	19739.1	-0.665
ACCTC	45.0	12970.2	-0.665
ATTCT	58.0	20168.6	-0.664
AACTC	40.0	15057.7	-0.659
GAAAG	95.0	29719.7	-0.655
TCATG	48.0	17221.5	-0.653
AACAG	46.0	20906.6	-0.651
ACTAT	37.0	11396.1	-0.646
TAATC	34.0	9992.0	-0.641
AGTTA	55.0	16187.7	-0.640
AGCGC	11.0	7908.8	-0.639
AAGTT	59.0	20907.7	-0.639
CTTGG	64.0	22830.7	-0.639
AGTAG	37.0	14770.8	-0.638
GCCCA	60.0	17636.9	-0.636
GTCTC	53.0	15491.9	-0.635
GTTTG	96.0	28424.8	-0.635
GGTTT	85.0	24815.7	-0.634
ATGAT	53.0	18778.0	-0.633
CTAAA	48.0	15586.9	-0.630
GGGGA	97.0	28450.2	-0.629
GGGCG	52.0	15169.7	-0.625
CAGCA	88.0	26053.5	-0.621
TAGGA	55.0	16256.9	-0.617
CTTGA	55.0	17974.3	-0.615
GCTGA	71.0	21839.7	-0.614
GCAAG	47.0	17163.7	-0.614
TCTTT	122.0	35790.0	-0.613
AGTTC	45.0	17497.5	-0.613
AGTTG	55.0	18245.4	-0.611
GTGAA	64.0	19170.6	-0.610
ATAAG	48.0	14169.6	-0.607
TAAAG	76.0	22589.8	-0.606
CCCGG	34.0	13408.9	-0.606
TGCGT	13.0	7398.9	-0.606
CACGG	24.0	7402.9	-0.605
GCCAG	80.0	23760.9	-0.603
GGGGC	76.0	22619.7	-0.598
CGGGT	18.0	7572.6	-0.595
GGATC	41.0	12130.3	-0.595
CCTTT	83.0	26180.3	-0.594
ACGCC	13.0	5954.8	-0.592
CCTAA	39.0	11457.3	-0.592
ATCGC	12.0	3338.5	-0.590
CATTA	29.0	13803.9	-0.588
TACAA	31.0	15395.8	-0.586
AACCC	33.0	14281.6	-0.585
GATGA	59.0	19545.6	-0.581
CAGCG	25.0	9645.8	-0.580
AAACA	106.0	32843.9	-0.577
ACAAC	44.0	12869.2	-0.577
AGAGT	72.0	21335.9	-0.576
TCTTG	69.0	20841.5	-0.575
GACCA	48.0	14266.7	-0.574
CTGAC	51.0	15641.6	-0.568
TTCTT	122.0	36044.2	-0.563
GTCCG	17.0	5469.0	-0.563
GGCAA	47.0	14665.8	-0.562
CAGTT	54.0	20381.9	-0.560
TCAAC	33.0	9866.2	-0.556
GCTAT	38.0	11216.2	-0.555
CCTCC	70.0	24244.2	-0.552
GATCA	39.0	11567.7	-0.552
GAGAC	61.0	19195.4	-0.550
ATATT	86.0	25559.2	-0.549
GTTTC	49.0	20024.4	-0.548
TCCTG	78.0	27963.0	-0.541
GTGGC	55.0	19874.1	-0.537
AGTGG	68.0	22983.3	-0.537
GTCGC	2.0	4922.4	-0.537
AGGAA	116.0	34409.7	-0.536
CTGTC	69.0	20578.6	-0.536
TAGAG	53.0	17596.1	-0.535
CCAGA	58.0	24049.1	-0.534
GCGCA	25.0	8151.6	-0.533
GTGAG	84.0	25236.4	-0.532
GGTTG	55.0	16545.2	-0.530
TCTAG	43.0	13010.5	-0.529
TTCGC	5.0	3796.8	-0.527
AGACT	49.0	17647.8	-0.523
GGGTC	47.0	14098.6	-0.517
TCAAT	41.0	12359.4	-0.516
TTCAT	64.0	23094.3	-0.516
CACAA	56.0	16960.1	-0.515
TCCCT	64.0	22674.9	-0.515
TCTAA	27.0	13786.9	-0.515
ATCCC	40.0	14339.4	-0.512
GCACA	49.0	19317.9	-0.512
TATAA	66.0	19929.7	-0.510
GAGGG	83.0	29322.9	-0.508
CTCCA	68.0	20329.6	-0.504
CCTCA	58.0	17372.7	-0.502
CCTCT	58.0	22476.2	-0.502
AGGTA	52.0	15659.6	-0.501
CATCC	30.0	15243.4	-0.500
GGAAA	104.0	31700.9	-0.497
AATGT	75.0	24968.8	-0.496
CCTGG	85.0	31191.9	-0.494
CTGTA	55.0	19415.4	-0.490
GATAA	41.0	14326.1	-0.489
AGATT	62.0	19519.2	-0.488
TGTCA	58.0	18391.5	-0.487
TAAGC	34.0	10397.0	-0.485
TCATA	31.0	13763.2	-0.484
TCCAC	40.0	14814.9	-0.484
CGTGT	29.0	9005.0	-0.483
ATTAC	28.0	10629.0	-0.482
CCTAT	32.0	9730.1	-0.482
GAGCG	26.0	10059.5	-0.479
TTCTG	102.0	30829.1	-0.479
CCCTG	82.0	26683.5	-0.478
ACGGT	10.0	4400.2	-0.478
CCACC	59.0	20013.1	-0.477
AGCTA	42.0	13648.5	-0.476
GTTTA	59.0	18090.3	-0.475
TAATT	77.0	23137.4	-0.475
AAATC	49.0	17613.0	-0.471
GTCAC	40.0	12714.1	-0.469
GGATA	42.0	12860.8	-0.468
GCTGG	73.0	30805.1	-0.466
TTGCC	49.0	15565.0	-0.465
AGGCT	35.0	22438.8	-0.464
TCGCC	13.0	5780.1	-0.458
CCACG	10.0	8341.6	-0.457
GTTCT	30.0	19491.7	-0.455
TCGTC	4.0	3600.6	-0.450
TCTAC	35.0	10848.7	-0.449
ACATT	70.0	21327.1	-0.449
GTCAG	42.0	17278.0	-0.448
ACATC	41.0	12579.8	-0.448
CTGTT	77.0	23273.9	-0.446
TTGGT	48.0	21984.2	-0.444
TTGTC	45.0	15842.0	-0.443
AGTGA	58.0	21976.7	-0.442
TTGAG	62.0	22429.4	-0.439
AACTA	39.0	12483.9	-0.439
ATGGG	68.0	20615.5	-0.438
TTAGC	32.0	11383.1	-0.438
GGTGG	91.0	29428.5	-0.434
CGGAT	3.0	4331.7	-0.433
TAAGT	50.0	15467.6	-0.432
GTGAC	30.0	15276.0	-0.429
ATGTG	103.0	31544.9	-0.428
TCGAG	19.0	5990.0	-0.427
ACACA	85.0	36642.2	-0.427
CAGGG	54.0	27409.5	-0.424
GCTGT	66.0	23994.3	-0.424
TCCCA	68.0	22105.3	-0.422
CCCAA	31.0	16831.8	-0.420
ACTTG	39.0	18190.0	-0.419
AGGAG	110.0	33358.6	-0.414
TGTCC	51.0	17949.8	-0.413
GTGCT	52.0	21780.6	-0.412
GCTCC	59.0	18119.8	-0.409
CTACT	28.0	11027.0	-0.409
TTATC	37.0	12158.1	-0.407
TAGAA	58.0	21648.2	-0.403
ACATG	70.0	21551.4	-0.402
ATAAA	87.0	33804.1	-0.401
TGAAC	49.0	15912.2	-0.401
AGGCA	71.0	25110.9	-0.397
ACGAG	19.0	5970.3	-0.393
TCCAG	65.0	24123.4	-0.392
GGAGA	59.0	30751.3	-0.391
CCCTA	34.0	10698.4	-0.391
GCTTT	67.0	24328.9	-0.390
AGAGC	73.0	22386.6	-0.390
TAAAT	91.0	27991.0	-0.389
ACCTA	20.0	9938.0	-0.389
TCAAA	66.0	20507.2	-0.381
CAACA	53.0	16409.9	-0.381
CACAG	86.0	26406.3	-0.380
AGGGG	53.0	24674.0	-0.375
ACTTA	43.0	13554.2	-0.375
CTCAA	46.0	14270.9	-0.374
GGTTA	34.0	10889.8	-0.373
CAACG	4.0	3834.4	-0.371
TATGG	41.0	14764.5	-0.370
AAAGA	101.0	36794.3	-0.369
AAAAT	122.0	42655.9	-0.369
TTTCT	115.0	43235.4	-0.369
AGAAA	113.0	44998.7	-0.369
GAAAA	102.0	36424.3	-0.369
TAAAA	121.0	39244.8	-0.369
TTATT	90.0	34823.4	-0.369
TTGTT	134.0	41256.9	-0.369
AAGAA	88.0	37934.1	-0.369
TGTGT	179.0	69233.6	-0.369
TCTGA	75.0	23293.3	-0.366
TAAGG	44.0	13593.9	-0.366
ACATA	38.0	20303.9	-0.362
GGGCC	54.0	16867.0	-0.361
AACAC	50.0	15779.7	-0.359
CTACA	38.0	14157.6	-0.351
GCGTC	14.0	5524.8	-0.351
GAACA	56.0	18608.6	-0.349
AGGGT	45.0	19016.4	-0.348
CTAGA	43.0	13671.7	-0.347
CCTTG	50.0	20451.7	-0.338
GTGGG	95.0	29581.3	-0.336
TTCAA	47.0	19123.7	-0.334
AAGAT	69.0	22320.9	-0.328
AATTT	101.0	31338.0	-0.328
TTATA	60.0	21135.8	-0.326
CAAAT	53.0	20111.4	-0.324
GCCAA	38.0	13759.8	-0.324
ACTCA	53.0	16685.7	-0.323
CGGTC	11.0	4852.6	-0.323
TCTGG	78.0	24344.0	-0.322
TGCCT	66.0	25255.7	-0.321
CGCCA	6.0	7245.3	-0.319
GAGAG	105.0	37398.9	-0.314
ATGAG	49.0	20348.3	-0.313
AAATG	74.0	33537.4	-0.309
CAACC	34.0	11499.1	-0.308
GTAAG	44.0	13929.2	-0.307
AATAA	80.0	30844.6	-0.306
CTCCT	45.0	23351.3	-0.305
ATCTG	57.0	19136.7	-0.304
TGGGC	40.0	20463.6	-0.304
TTGGC	50.0	16049.3	-0.303
CAACT	27.0	12531.4	-0.303
AGCAC	30.0	17185.1	-0.301
TACCT	31.0	12907.7	-0.301
TTCTA	55.0	18316.7	-0.301
ATGAA	79.0	27261.0	-0.300
AGCGA	20.0	6598.7	-0.293
GGACC	26.0	14407.5	-0.293
ACTAA	33.0	12108.0	-0.292
GACAA	46.0	15118.5	-0.290
ATTTG	75.0	26671.0	-0.290
CTTGC	36.0	17310.2	-0.290
ATTTA	72.0	28989.8	-0.287
TCATT	66.0	21036.9	-0.287
GACAT	46.0	14679.7	-0.286
GCAAC	13.0	9898.8	-0.286
CAGGA	84.0	28633.2	-0.284
CATAA	37.0	14905.1	-0.283
GAATA	43.0	16266.5	-0.281
GAAAT	61.0	26529.5	-0.280
CACCT	47.0	16369.5	-0.276
CAGCC	76.0	24269.5	-0.274
TGGCC	61.0	19597.7	-0.272
GGGAC	45.0	18159.6	-0.271
TACTA	20.0	9889.6	-0.271
AAAGG	59.0	26805.0	-0.269
GTCTG	62.0	19626.3	-0.267
CGGTT	9.0	5005.0	-0.265
AGTAA	37.0	17413.7	-0.264
GGTCC	33.0	13145.9	-0.264
GCACT	26.0	13789.5	-0.264
AGGAC	56.0	18135.3	-0.263
TCTGC	52.0	22257.5	-0.262
CTGTG	103.0	32736.6	-0.260
GAGCC	54.0	20445.0	-0.257
AGAAG	94.0	32115.5	-0.255
CAAGG	58.0	18564.3	-0.255
GCTAC	11.0	9871.4	-0.255
CAAGT	49.0	15963.1	-0.253
CGTCA	9.0	4532.4	-0.249
CCCCA	62.0	22875.3	-0.247
GGGTG	59.0	25518.1	-0.247
GGCCA	56.0	18847.9	-0.245
GAACT	46.0	18399.7	-0.245
ACTCC	39.0	12735.0	-0.245
TTTAG	48.0	20667.9	-0.244
CTTTA	68.0	21738.7	-0.241
AATTA	66.0	21355.1	-0.240
TGTGA	73.0	27505.5	-0.240
ATCAC	33.0	11202.7	-0.239
CTTCA	47.0	19451.7	-0.237
TTCAG	57.0	23155.6	-0.236
GTGTC	51.0	16461.8	-0.232
CAAGC	30.0	13887.7	-0.232
GGTGA	60.0	19486.6	-0.231
TATTA	60.0	19515.1	-0.231
TACTT	38.0	17219.8	-0.228
TGAGC	59.0	20414.3	-0.227
CTTTC	37.0	24394.7	-0.225
AAGTA	56.0	18423.7	-0.220
TCCGC	20.0	6879.3	-0.219
CTATG	37.0	13415.2	-0.216
ATGTC	42.0	14095.3	-0.213
ACAGG	59.0	22351.2	-0.212
TAGCC	22.0	11587.7	-0.209
AAGAC	45.0	17353.1	-0.205
TAGGT	30.0	12690.0	-0.204
CCAAC	28.0	11652.9	-0.202
TAACA	44.0	14683.1	-0.199
TTACT	39.0	16022.0	-0.198
AACGG	13.0	4545.8	-0.195
GATTT	64.0	24098.8	-0.194
GCTCT	60.0	19785.9	-0.193
AGCCC	52.0	19349.1	-0.191
GAGAT	48.0	20118.8	-0.187
TCCTC	35.0	20600.5	-0.185
TTAAG	43.0	17053.0	-0.184
GGCCG	27.0	11178.3	-0.183
CTCAG	67.0	24834.8	-0.182
ATCAT	23.0	14560.3	-0.181
CACAT	45.0	21110.9	-0.181
TTATG	49.0	18424.5	-0.181
ATATC	31.0	11233.8	-0.180
ATCAA	38.0	13942.2	-0.178
TTCCT	91.0	29849.5	-0.176
GTGTG	141.0	60523.2	-0.174
ATAGG	34.0	11730.6	-0.173
TGAGT	77.0	25139.2	-0.171
TCAGT	54.0	19425.3	-0.171
AAATA	95.0	36682.9	-0.167
GCCAC	16.0	15724.2	-0.167
GCGCC	22.0	9954.9	-0.166
TATGA	46.0	17119.7	-0.166
TCAGG	44.0	20712.9	-0.165
GGCTC	33.0	17798.5	-0.164
ATAAT	46.0	21053.2	-0.163
TACTC	10.0	8794.5	-0.157
CTCCG	19.0	9239.1	-0.156
ATATG	43.0	22329.7	-0.156
CGCCT	20.0	8561.5	-0.153
ACGGC	12.0	5007.2	-0.149
CTCTT	63.0	22231.2	-0.149
AGGGA	75.0	28798.0	-0.147
CGCGC	9.0	9697.0	-0.146
GCGCT	23.0	8353.3	-0.141
CCAGC	66.0	24027.8	-0.140
CATCA	23.0	15326.9	-0.139
AGCCA	34.0	23850.4	-0.137
GACTT	32.0	16798.7	-0.134
GCCTT	53.0	19210.0	-0.131
TGGTT	55.0	24346.6	-0.131
TTCTC	49.0	23094.6	-0.131
TCGGT	7.0	4894.1	-0.129
ACCCA	53.0	18093.3	-0.127
CTTCC	70.0	24351.8	-0.125
TAGGC	15.0	10284.0	-0.123
GGCTT	58.0	19905.5	-0.118
GAAGA	73.0	30543.1	-0.116
AGCCT	61.0	20965.7	-0.115
ATTTC	57.0	23104.0	-0.112
CGCAC	17.0	6405.6	-0.111
AAGAG	64.0	27847.6	-0.110
TGATT	55.0	21133.0	-0.110
TCAGC	43.0	16969.9	-0.110
CCAGG	86.0	28859.5	-0.109
GCGCG	11.0	10621.7	-0.109
TAAGA	53.0	18480.2	-0.108
GGTCT	42.0	14881.6	-0.108
GTCTA	22.0	9483.7	-0.107
AGAGA	102.0	41742.5	-0.107
TGCGC	20.0	8544.1	-0.105
GGACT	26.0	15911.5	-0.103
GACTC	34.0	12350.7	-0.100
ATCTC	22.0	13874.3	-0.099
AGAAC	50.0	19420.6	-0.099
ACTAG	21.0	9640.6	-0.098
CTACC	25.0	9637.8	-0.095
CAGGC	54.0	23111.2	-0.091
GGCTG	52.0	30057.4	-0.090
ATTAT	47.0	21079.0	-0.090
TGGCT	65.0	26831.2	-0.090
AACAT	51.0	19465.3	-0.089
CCTAG	22.0	12860.7	-0.088
GTACT	19.0	11087.5	-0.087
GGTCG	13.0	5133.4	-0.086
ATTAA	64.0	22199.4	-0.086
TATCT	44.0	15550.2	-0.085
AGCAA	46.0	21013.0	-0.080
AATAT	71.0	24771.3	-0.079
GAGAA	75.0	30457.9	-0.077
ACTTC	34.0	14874.0	-0.077
CTCTA	26.0	12633.8	-0.070
GCCTC	54.0	19287.4	-0.070
GCCTA	19.0	9655.8	-0.068
ACAAG	46.0	16883.5	-0.066
TCTGT	86.0	29711.8	-0.066
CTTAC	28.0	10566.6	-0.064
TATGT	72.0	28450.1	-0.063
TCACA	48.0	18508.1	-0.060
GCACC	34.0	12899.8	-0.059
CTCTG	75.0	30032.3	-0.059
CTCAT	40.0	14816.5	-0.059
TAGGG	34.0	13762.6	-0.057
CGGAC	12.0	5042.9	-0.056
CTAGC	21.0	10003.9	-0.054
CTAGG	24.0	13279.9	-0.054
CAAGA	39.0	19585.6	-0.047
GTGCG	16.0	9120.9	-0.044
CCAAG	50.0	18710.4	-0.042
CCACA	50.0	19877.1	-0.042
ACTCT	39.0	15276.5	-0.040
CTCTC	42.0	21226.5	-0.037
CCCAG	65.0	29180.8	-0.037
GGGCT	34.0	22043.1	-0.036
TCTCT	49.0	28589.4	-0.033
GCGAC	11.0	5032.3	-0.030
TCTCC	47.0	20556.7	-0.029
TCAAG	34.0	15231.6	-0.028
TCTCA	45.0	18902.6	-0.026
TGGTC	36.0	14131.4	-0.025
ACTAC	15.0	8250.1	-0.020
CCGGA	14.0	8673.3	-0.012
TCATC	28.0	12883.2	-0.011
GACTA	9.0	9182.9	-0.007
GGCTA	20.0	11933.7	-0.001
CTACG	4.0	3466.7	-0.001
ACTCG	0.0	4754.9	1.000
TCGCG	0.0	3566.6	1.000
