OligoSequence	Target Occurences	Background Occurences	Enrichment(ln p, up to 2 mismatches)
CACAC	254.0	17071.2	-76.058
ACACA	320.0	27290.8	-56.664
CGGCG	26.0	866.2	-24.564
ACACG	44.0	3046.1	-17.454
GCGGC	28.0	1553.8	-15.805
CGCAC	4.0	1481.1	-15.581
AAAAA	951.0	130931.4	-14.672
TCCGG	28.0	1750.3	-13.562
TTCCG	35.0	2569.0	-12.421
CACGC	6.0	2440.3	-11.357
GCAGC	73.0	7947.7	-9.958
CCCCC	59.0	6058.6	-9.947
TGCGG	27.0	2034.5	-9.935
GGGGG	77.0	8690.8	-9.662
TTACC	113.0	14309.0	-8.427
TTATT	654.0	98342.4	-8.344
CACCC	56.0	8387.4	-8.342
ACGCA	11.0	1940.8	-7.939
TTTTT	2666.0	320612.5	-7.779
AGTGG	123.0	16174.4	-7.747
CCCAC	50.0	8707.4	-7.647
ACCCA	76.0	12099.5	-7.589
GACCG	18.0	1290.8	-7.238
CGGAC	16.0	1070.7	-7.130
ACCCG	21.0	1942.8	-6.965
CCGAC	15.0	990.4	-6.818
GTGAC	77.0	9815.7	-6.413
AAGCC	82.0	10538.7	-6.402
GAGTG	103.0	13744.2	-6.331
ACACC	46.0	8889.5	-6.224
GACAC	48.0	8341.9	-6.188
ACTTG	131.0	18241.8	-6.166
TGACT	130.0	18043.0	-6.149
AGCTT	141.0	19733.3	-6.138
GGCGA	20.0	1696.1	-6.095
TTGAC	115.0	15861.4	-6.041
TGACG	22.0	1984.1	-5.953
CGCCG	12.0	744.8	-5.953
CGACC	14.0	977.4	-5.904
AAGCT	120.0	16783.9	-5.843
CCCGC	21.0	1910.7	-5.606
CGTCG	3.0	402.4	-5.411
AAAGC	141.0	20213.8	-5.403
CCGGG	32.0	3400.5	-5.345
CCGGA	19.0	1703.3	-5.251
ACGTT	41.0	4864.9	-5.119
GGGTG	82.0	11129.6	-5.119
CTAGT	84.0	11522.0	-5.083
TTTTG	605.0	96407.2	-5.075
TCGTA	23.0	2309.2	-4.988
TATTT	748.0	119616.5	-4.941
CACGG	23.0	2321.9	-4.930
AGCAG	103.0	14512.0	-4.920
GTAGC	62.0	8145.7	-4.910
AAGGG	94.0	13152.2	-4.895
GATGC	61.0	8011.6	-4.813
AACCT	108.0	15381.4	-4.808
TGCCG	20.0	1928.6	-4.779
CTGAA	154.0	22910.5	-4.747
GACTC	54.0	6997.2	-4.742
AGAAA	343.0	54028.2	-4.732
CGCAA	17.0	1525.9	-4.731
TAGTC	72.0	9674.2	-4.703
AACAC	110.0	15869.2	-4.679
GGACT	67.0	8971.5	-4.657
AGGGT	89.0	12533.6	-4.623
ACGGA	26.0	2835.9	-4.610
CGGTG	13.0	2800.2	-4.607
GTTAC	86.0	11969.9	-4.602
TTTAT	643.0	103578.2	-4.587
AAACC	118.0	17179.6	-4.568
GTGAT	131.0	19349.2	-4.495
AAAAG	305.0	48092.8	-4.484
TGATC	91.0	12822.2	-4.459
AGTGA	148.0	22247.6	-4.448
CACAA	119.0	17521.8	-4.378
TACCA	99.0	14257.8	-4.365
GGTGC	54.0	7169.5	-4.333
CCTAA	90.0	12928.4	-4.282
GTGGT	113.0	16600.4	-4.206
GGGGT	66.0	10500.9	-4.202
AACCA	111.0	16241.3	-4.130
CCGGC	21.0	2260.9	-4.128
ACCTG	87.0	12448.2	-4.111
ACCAG	79.0	11130.9	-4.067
TGGGT	114.0	16949.2	-4.012
AGCGG	5.0	1893.1	-4.006
AATTG	192.0	29778.4	-4.004
AAGGA	152.0	23312.8	-3.997
AAGGC	75.0	10630.0	-3.950
GAAGG	98.0	14388.2	-3.865
TTGGG	135.0	20519.9	-3.845
CCGCG	6.0	972.4	-3.832
CGAGC	13.0	1145.7	-3.818
TTTGT	494.0	81041.5	-3.816
CAAGA	112.0	16686.2	-3.805
CAGCT	96.0	14052.8	-3.768
TCAAA	199.0	31313.4	-3.754
AACCC	55.0	9264.0	-3.745
GCCGC	7.0	1498.5	-3.737
GCACA	66.0	12213.9	-3.728
TGAAG	155.0	24035.0	-3.714
GCGGA	8.0	1891.9	-3.701
GCGGT	5.0	1927.8	-3.688
TTTGG	254.0	40672.0	-3.672
TACAT	205.0	32449.3	-3.663
ACCGA	7.0	1707.2	-3.648
GCTAA	85.0	12353.4	-3.646
TGTAG	129.0	19605.7	-3.629
CGTTC	18.0	1915.9	-3.517
GGATA	90.0	13430.5	-3.513
AAAGG	154.0	23998.9	-3.510
GAAAC	120.0	18417.7	-3.495
AGTTG	125.0	19077.0	-3.483
GGCGT	17.0	2783.2	-3.448
TAATG	177.0	27908.7	-3.429
CGGGG	19.0	2951.2	-3.395
GGCTT	90.0	13517.9	-3.392
ACTAG	68.0	9832.9	-3.386
TTATC	147.0	22997.5	-3.352
TAACC	72.0	10421.6	-3.350
GTTTT	494.0	82096.0	-3.337
GGTGA	92.0	13761.4	-3.332
AGCTA	91.0	13575.2	-3.312
CGACG	1.0	369.2	-3.299
CCCGT	11.0	2006.6	-3.295
CGTAA	23.0	2741.5	-3.289
GTGTT	171.0	27123.4	-3.252
CTCAA	100.0	15247.7	-3.252
GGCAG	80.0	11852.2	-3.228
TAGGT	104.0	15898.9	-3.215
CGGGA	23.0	2770.8	-3.196
CTGCG	19.0	2161.0	-3.150
GCTTC	69.0	10171.8	-3.147
AACCG	6.0	1871.2	-3.146
TTGTT	415.0	69136.8	-3.134
CGATG	16.0	1722.4	-3.092
TGTTT	488.0	81765.3	-3.067
TCCTA	90.0	13763.7	-3.062
GTGGA	91.0	13787.3	-3.031
GGTAG	65.0	9487.9	-3.031
GGTCC	33.0	4304.1	-3.019
TGGGG	103.0	15860.2	-3.011
GTGAA	138.0	21751.2	-3.000
GCCCC	36.0	4828.5	-2.985
CCGAA	3.0	2035.1	-2.980
GCTAG	50.0	7121.9	-2.973
AGGAC	59.0	8593.2	-2.962
AGGGG	52.0	9860.8	-2.953
ATGTG	170.0	27224.5	-2.950
AAGCG	14.0	2415.8	-2.897
CTACC	27.0	6785.0	-2.863
CTGTA	131.0	20762.3	-2.863
AACTT	194.0	31617.0	-2.858
GCCGG	19.0	2248.2	-2.849
TATGA	156.0	24936.4	-2.846
GATAG	73.0	10955.6	-2.842
TTGCA	155.0	24945.3	-2.838
CGGAA	14.0	2376.7	-2.835
GGAGT	94.0	14561.8	-2.832
GATTG	94.0	14566.1	-2.826
GTTCC	62.0	9249.1	-2.815
AGTCA	90.0	13966.0	-2.811
GGGGA	79.0	11957.3	-2.810
ATACC	73.0	10980.6	-2.807
CGGCC	14.0	2307.4	-2.780
CCACA	66.0	13237.6	-2.762
CCGCC	21.0	2594.8	-2.759
GAACG	14.0	1863.2	-2.759
TAATC	111.0	17357.6	-2.758
CAGAA	156.0	25038.4	-2.757
ATCGG	13.0	1368.4	-2.714
CATCG	15.0	1674.6	-2.693
CGGGT	8.0	2340.8	-2.682
TGCCA	98.0	15321.1	-2.672
GGGTA	63.0	9538.8	-2.667
TACCC	50.0	7299.7	-2.663
ACCAA	96.0	14921.8	-2.654
CCCGG	22.0	3380.5	-2.654
TCGGG	13.0	2018.0	-2.653
CCAGC	55.0	11773.9	-2.648
CGTTA	22.0	2794.3	-2.647
CCGTA	15.0	1689.0	-2.644
CCCCT	55.0	8049.5	-2.643
TCAAC	71.0	10719.6	-2.632
ACGGC	5.0	1401.3	-2.623
ATCAA	120.0	19231.4	-2.622
CTAAC	58.0	8625.3	-2.618
AGCGT	11.0	2331.5	-2.616
GAAGC	71.0	10800.6	-2.612
TGGTC	65.0	9771.9	-2.609
GACTA	61.0	9222.6	-2.574
TCGGT	17.0	2019.9	-2.573
ACCGG	11.0	1435.4	-2.569
CGTGA	25.0	3661.2	-2.565
GGGGC	30.0	6185.8	-2.561
CAGAC	53.0	8989.1	-2.559
TCCGT	22.0	2827.1	-2.556
CCCAT	75.0	11575.1	-2.538
CCACC	68.0	10406.3	-2.531
GCGAT	17.0	2036.8	-2.517
GACGG	12.0	2615.6	-2.512
AACGG	10.0	2059.5	-2.492
CAGCG	6.0	2115.6	-2.492
TTCGG	10.0	2354.3	-2.480
ATAAG	129.0	20770.2	-2.437
CAGTG	119.0	19213.8	-2.429
CGTAG	15.0	1751.5	-2.421
CTATC	59.0	8950.5	-2.420
CTGAC	45.0	9312.9	-2.416
ACGTG	20.0	4202.3	-2.414
TAAGC	75.0	11684.1	-2.405
ATCTT	191.0	31727.5	-2.403
GTACC	32.0	6159.3	-2.397
AGCTG	93.0	14742.0	-2.397
CGCGT	7.0	576.8	-2.384
GGGCA	62.0	9552.4	-2.382
GCGAA	9.0	1540.4	-2.377
AACGC	10.0	1493.3	-2.366
ACTCG	7.0	1797.7	-2.365
ATGCG	15.0	1769.0	-2.360
GGTTA	85.0	13335.7	-2.358
TAGGG	49.0	9979.7	-2.349
TGGTA	115.0	18648.5	-2.340
CGAAC	5.0	1244.2	-2.331
GAACA	104.0	16709.3	-2.327
GGGTT	98.0	15658.6	-2.316
AGTAT	152.0	25122.2	-2.302
GCGTA	11.0	1466.4	-2.301
TCTTA	164.0	27095.4	-2.280
CAAAC	86.0	15395.3	-2.264
TGATT	226.0	37907.3	-2.264
TGTGG	128.0	20974.7	-2.261
GGTGG	70.0	13803.9	-2.240
TTCGT	29.0	4144.9	-2.239
GTAAC	67.0	10443.5	-2.234
CCTAG	56.0	8522.4	-2.224
TATCT	160.0	26445.1	-2.219
GCTTT	190.0	31754.2	-2.212
TGACA	113.0	18352.4	-2.211
GGGCG	12.0	2953.3	-2.192
TCGAC	6.0	969.8	-2.181
CGCCC	14.0	2658.1	-2.161
CCAAT	76.0	12104.2	-2.150
ACTCA	68.0	13191.4	-2.147
CGATC	6.0	1607.5	-2.140
TAAGG	90.0	14580.0	-2.135
GCAGT	91.0	14590.8	-2.125
CCATC	62.0	9754.2	-2.122
GTGCT	85.0	13559.2	-2.119
ATCCA	89.0	14388.7	-2.118
GCCTA	51.0	7843.4	-2.117
GCCGT	14.0	1773.5	-2.098
GACCC	29.0	5026.5	-2.098
CGGTT	18.0	2349.6	-2.080
GACTG	63.0	10254.9	-2.058
ATTTA	418.0	72160.3	-2.051
GACTT	107.0	17448.3	-2.044
CATAC	65.0	11445.3	-2.037
AGCCG	7.0	2376.0	-2.037
GGTCG	11.0	1239.1	-2.033
TCTAC	76.0	12218.0	-2.028
GGAAC	56.0	8673.8	-2.025
CCAAC	52.0	8112.3	-2.010
GATCG	13.0	1564.6	-1.999
ACCCC	34.0	6533.9	-1.996
GGCCC	33.0	4807.2	-1.987
GTACG	12.0	1413.1	-1.975
AGGTG	92.0	14979.3	-1.953
ACCTA	70.0	11331.9	-1.945
CCTGT	95.0	15660.7	-1.912
CGTGC	14.0	2396.7	-1.907
GCGGG	10.0	2776.7	-1.905
CTTAA	153.0	25692.2	-1.896
GAAAG	150.0	25219.2	-1.888
GAACC	45.0	7285.7	-1.888
CGGTA	6.0	1588.3	-1.883
CTTGC	76.0	12370.6	-1.871
TACCG	8.0	1569.2	-1.861
CAACG	14.0	1777.1	-1.847
CGGGC	17.0	2276.8	-1.844
ACCCT	59.0	9404.7	-1.843
AACGA	19.0	2623.3	-1.821
GTGGC	51.0	10836.2	-1.812
CCCTG	63.0	10227.3	-1.802
GTGGG	79.0	12883.9	-1.771
CATAA	134.0	22547.0	-1.767
ATATG	178.0	30418.1	-1.760
ATCAG	89.0	14774.3	-1.759
TAACG	13.0	2554.8	-1.750
ATCGT	20.0	2832.9	-1.740
CGACT	10.0	1359.0	-1.724
ACTTA	134.0	22610.2	-1.723
GAGAA	146.0	24759.3	-1.716
TGACC	51.0	9600.4	-1.713
GCCGA	15.0	1994.2	-1.712
ATGAC	79.0	12949.6	-1.709
CGAAA	20.0	2848.5	-1.706
TGTGA	155.0	26481.9	-1.705
TTTTC	408.0	84153.1	-1.688
AATTT	396.0	87577.7	-1.688
ATTTT	793.0	148413.7	-1.688
TTTTA	757.0	133987.0	-1.688
TTTAA	474.0	97020.6	-1.688
TTAAT	304.0	56248.9	-1.688
TAATA	218.0	40904.2	-1.688
AATAA	294.0	56153.5	-1.688
ATAAA	285.0	59677.0	-1.688
TAAAT	337.0	59277.2	-1.688
GATTT	250.0	43705.1	-1.688
ATTTC	217.0	43889.0	-1.688
TTTCA	254.0	55366.0	-1.688
CTTTT	482.0	84360.4	-1.688
AAACA	171.0	41565.4	-1.688
TAAAA	358.0	81756.7	-1.688
AAAAT	400.0	90339.6	-1.688
AAATT	349.0	72773.7	-1.688
GTATT	174.0	33820.6	-1.688
TTTCT	362.0	83869.3	-1.688
TGTAT	209.0	41695.8	-1.688
ATAAT	235.0	45153.6	-1.688
AATTA	230.0	47943.1	-1.688
CCTGA	73.0	13224.3	-1.688
ATTAA	207.0	44557.3	-1.688
TTAAA	385.0	81903.1	-1.688
CCTAC	31.0	6706.1	-1.688
TTCTT	337.0	69417.6	-1.688
TCTTT	354.0	72457.0	-1.688
ATGTT	206.0	42100.0	-1.688
TTGTA	216.0	38115.4	-1.688
TAATT	289.0	59122.6	-1.688
CAAAA	230.0	42715.2	-1.688
ATTAT	269.0	52523.4	-1.688
ACAAA	177.0	38164.7	-1.688
AAAAC	182.0	38592.7	-1.688
TTGAT	200.0	34626.8	-1.688
TTATG	161.0	32660.3	-1.688
TATGT	185.0	38227.4	-1.688
TTTGA	289.0	56239.3	-1.688
ATTGT	191.0	34652.1	-1.688
AGTTT	217.0	50761.4	-1.688
CATTT	306.0	63386.7	-1.688
GAAAA	298.0	52340.1	-1.688
AAATA	377.0	73354.9	-1.688
CTTTA	190.0	38167.2	-1.688
GGGCT	36.0	8332.6	-1.688
CACAG	67.0	15320.5	-1.688
TGCAG	102.0	18421.8	-1.688
TTTAC	198.0	35750.5	-1.688
TATAA	198.0	43238.1	-1.688
GTTTA	151.0	33272.0	-1.688
TTATA	241.0	51594.2	-1.688
AATAT	259.0	55399.8	-1.688
ATATT	282.0	65426.3	-1.688
TATTG	138.0	32199.3	-1.688
ATTTG	273.0	50140.2	-1.688
TATTA	241.0	48191.6	-1.688
TTCAT	192.0	40261.1	-1.688
TGTTA	181.0	33338.2	-1.688
TGAAA	257.0	47533.2	-1.688
TTTAG	202.0	41254.9	-1.688
TATAT	341.0	65162.4	-1.688
ATATA	322.0	57518.2	-1.688
TACTT	178.0	32600.6	-1.688
AAAGA	229.0	43634.0	-1.688
ACTTT	227.0	48050.9	-1.688
AAGAA	242.0	44203.2	-1.688
CTCAC	53.0	11464.0	-1.688
TCACA	89.0	18561.6	-1.688
TTGAA	211.0	43172.1	-1.688
ACACT	81.0	15597.4	-1.688
TGGCG	7.0	2863.4	-1.688
ACGAG	10.0	2006.5	-1.688
CCGAT	4.0	1303.8	-1.688
ATACG	13.0	2938.0	-1.688
GGCGC	3.0	2354.0	-1.688
GCGTT	14.0	2404.9	-1.688
CCGGT	8.0	1467.2	-1.688
TCCCA	99.0	16577.7	-1.684
CAGCA	90.0	15075.0	-1.683
GCATA	83.0	13810.7	-1.683
GGAGC	46.0	7229.2	-1.682
TAGCG	12.0	1508.5	-1.681
CTTGA	117.0	19685.9	-1.678
GCAAA	119.0	20144.6	-1.673
GTTAT	146.0	24839.6	-1.666
GTTGG	81.0	13426.1	-1.654
ATAGA	134.0	22724.5	-1.648
AAACT	187.0	32198.4	-1.643
TACAC	81.0	13498.5	-1.591
GGTCT	64.0	10490.7	-1.534
TGTTC	120.0	20582.3	-1.530
AGCCT	85.0	14223.0	-1.513
ACAGA	134.0	22938.7	-1.512
TCTGA	121.0	20621.8	-1.505
CTAAT	119.0	20415.5	-1.490
TAGCT	97.0	16407.3	-1.482
TAGTG	94.0	15991.5	-1.469
GCTGA	77.0	13023.5	-1.464
GATAC	59.0	9764.6	-1.463
AGGGC	45.0	7224.7	-1.461
TTAGG	106.0	18212.4	-1.453
CTTCT	143.0	24723.3	-1.446
CGTTT	42.0	6857.5	-1.444
GCCCG	16.0	2299.9	-1.411
TGTAC	88.0	14993.4	-1.410
GTAGA	88.0	14996.7	-1.409
CAACC	48.0	7852.3	-1.408
GGTTC	53.0	8842.1	-1.396
GTCGT	12.0	1626.2	-1.374
GTTGC	70.0	11905.7	-1.361
AAAGT	216.0	37998.1	-1.361
AGCGC	10.0	1294.3	-1.358
AATGT	221.0	38878.6	-1.351
CCTGC	58.0	9685.9	-1.350
GCTGC	48.0	8557.2	-1.350
TTCGA	17.0	2508.9	-1.346
CCCCG	15.0	2260.8	-1.338
TGGCA	90.0	15537.2	-1.328
GCCCT	43.0	7154.8	-1.327
CTAGC	38.0	6335.5	-1.326
TCCAG	87.0	14903.8	-1.320
TGTAA	192.0	33671.3	-1.315
GGCCT	52.0	8732.3	-1.311
ACTGT	120.0	20947.8	-1.304
GCACT	63.0	10757.4	-1.295
ACCGC	11.0	1490.9	-1.291
GACAG	78.0	13243.5	-1.291
CCATA	72.0	12199.9	-1.291
TGATA	143.0	25012.4	-1.288
GGTAC	37.0	6689.4	-1.282
ACGGT	13.0	2426.2	-1.276
AGAAC	87.0	14976.7	-1.268
CAAAG	123.0	21481.7	-1.264
GTAAA	162.0	28547.6	-1.262
GCAAT	81.0	13920.4	-1.259
TTGGT	153.0	26798.4	-1.256
ATCGA	10.0	1818.3	-1.256
GGCTG	50.0	14520.5	-1.246
ACCTC	59.0	10006.1	-1.244
GGTAA	84.0	14590.2	-1.239
GTTCG	8.0	1603.4	-1.238
AGCAC	64.0	10832.9	-1.232
GTAAT	134.0	23460.3	-1.216
CCCGA	8.0	1871.0	-1.205
AATCC	77.0	13361.6	-1.204
CAAGG	53.0	10931.4	-1.203
CGGTC	6.0	1101.1	-1.196
GAATG	111.0	19303.6	-1.192
ACGAT	16.0	2418.6	-1.189
CTTAG	82.0	14239.0	-1.185
AATCG	15.0	2333.4	-1.183
GCTGT	83.0	14460.9	-1.181
ACCAC	51.0	10776.6	-1.180
ATCCG	11.0	1658.0	-1.177
CAGCC	42.0	11140.8	-1.173
CTACT	81.0	14044.8	-1.172
CTAAG	72.0	12361.1	-1.168
CTTCG	15.0	2251.2	-1.167
ACTGA	105.0	18444.5	-1.164
ACGAC	9.0	1203.7	-1.156
CACTC	42.0	9204.0	-1.153
CAAGC	43.0	8579.1	-1.147
CCGTG	18.0	2836.9	-1.139
TGCAA	116.0	20317.7	-1.137
ATTGC	97.0	16927.1	-1.136
TACCT	86.0	15143.0	-1.125
TCCCG	9.0	2647.4	-1.125
CACCA	72.0	13439.4	-1.122
GGACC	17.0	4551.4	-1.119
AGCCC	41.0	6981.8	-1.109
ACATA	159.0	28376.0	-1.106
TGCTG	114.0	20147.3	-1.104
GTCCG	5.0	1189.5	-1.104
GGTGT	80.0	13934.3	-1.103
CTGCC	61.0	10589.4	-1.101
AGTCG	6.0	1411.5	-1.099
ACTAC	56.0	9575.6	-1.099
ATCGC	11.0	1578.5	-1.097
ATAGC	53.0	11783.0	-1.097
GGCTA	35.0	8793.5	-1.096
GCAAC	36.0	8256.4	-1.093
AACTG	107.0	18799.5	-1.091
GTTTG	172.0	30740.8	-1.089
AGGCC	45.0	7593.5	-1.087
ATTAC	123.0	21811.8	-1.087
ATTGA	158.0	28172.6	-1.084
GAGTA	72.0	12479.8	-1.084
TCCCC	53.0	9202.5	-1.074
AGTAG	66.0	15919.1	-1.071
AGCCA	66.0	14657.8	-1.070
ACAAG	82.0	14415.3	-1.070
GCAGA	75.0	13577.6	-1.069
CACGA	10.0	2285.9	-1.066
AAGTG	132.0	23529.2	-1.061
TCGTC	7.0	1494.9	-1.059
TTGCG	9.0	2241.5	-1.059
GCCTG	70.0	12310.3	-1.056
TGTGC	89.0	15750.1	-1.050
TCGCG	5.0	558.4	-1.049
AGTGC	63.0	12650.6	-1.045
ACCGT	11.0	2577.6	-1.041
GTCGG	9.0	1253.9	-1.037
GCGCA	10.0	1430.6	-1.037
TTGTG	179.0	32205.1	-1.031
ACTAA	104.0	18461.0	-1.029
CACCG	7.0	2492.8	-1.026
CGCGA	3.0	607.3	-1.026
ACGTA	9.0	3736.3	-1.023
ATGAT	147.0	26304.8	-1.022
CTGTG	116.0	20538.5	-1.021
GGCCG	15.0	2478.2	-1.018
GTGCA	78.0	14269.4	-1.014
GCGTG	17.0	3408.3	-1.011
TACTA	102.0	18048.1	-1.007
CACAT	100.0	21450.6	-1.005
CCCAA	70.0	12487.4	-1.000
TCCGA	7.0	1503.8	-0.995
CTTAT	138.0	24644.3	-0.994
AACGT	23.0	4381.8	-0.991
GATTC	71.0	12412.7	-0.989
GCTAC	20.0	6761.6	-0.989
AGACA	97.0	19902.1	-0.987
TGCGA	5.0	1876.8	-0.986
GATCC	31.0	6455.6	-0.983
GTAGT	71.0	14266.2	-0.983
CAGTC	49.0	8515.5	-0.980
AAACG	20.0	4356.4	-0.980
AATAG	136.0	24433.5	-0.979
TCAAG	89.0	15876.6	-0.977
CGTAC	3.0	1297.8	-0.976
GTCTG	66.0	11602.1	-0.969
GAGGG	50.0	10647.7	-0.969
GTAGG	53.0	9369.3	-0.956
GACGC	3.0	1071.2	-0.947
GCTTA	74.0	13115.4	-0.946
GAGCA	64.0	11226.4	-0.942
CCGTT	17.0	2758.9	-0.942
AAGCA	112.0	21564.1	-0.935
GTCCC	31.0	5418.2	-0.934
CAGGG	64.0	11241.2	-0.932
CACCT	71.0	12500.3	-0.932
CGGCT	13.0	2615.2	-0.930
CCGTC	9.0	1910.2	-0.929
TCCTC	67.0	11879.4	-0.926
ATAGT	127.0	22870.8	-0.923
GCCAA	59.0	10427.5	-0.922
CCGCT	9.0	1515.3	-0.921
TATCA	117.0	20980.7	-0.920
GTGTG	138.0	28908.2	-0.920
GGCGG	19.0	3273.7	-0.919
CATAT	159.0	28846.5	-0.913
CCAGG	83.0	14899.7	-0.911
AAATG	230.0	47903.0	-0.911
TTTGC	151.0	33473.1	-0.911
TTAGT	123.0	28724.9	-0.911
CTATT	151.0	28888.3	-0.911
TATTC	139.0	26560.2	-0.911
ATTCT	140.0	34460.2	-0.911
CTTTG	138.0	34167.3	-0.911
TGTTG	144.0	31704.8	-0.911
TGTGT	229.0	45729.8	-0.911
TTACT	160.0	30870.5	-0.911
TAGTT	148.0	30683.8	-0.911
TCATT	167.0	39845.7	-0.911
TTCTA	154.0	33420.0	-0.911
GAAAT	202.0	38202.7	-0.911
AACAA	130.0	32460.4	-0.911
CTGCA	58.0	16174.2	-0.910
TCGCA	9.0	1447.0	-0.909
CGGCA	11.0	1679.5	-0.905
TGGAC	38.0	8903.5	-0.901
TCGTT	24.0	4109.6	-0.899
TAGCC	40.0	8452.6	-0.896
CGAAG	5.0	2051.9	-0.891
TCGAG	12.0	1874.6	-0.885
TAGCA	86.0	15423.6	-0.881
GCGCC	9.0	2088.5	-0.875
CGAGT	13.0	2067.8	-0.872
GCTTG	54.0	11555.7	-0.866
GACCT	38.0	8642.3	-0.865
GAGCG	7.0	1991.1	-0.863
GGTTG	71.0	12617.1	-0.862
AATGG	104.0	20892.3	-0.862
GGGCC	29.0	5106.4	-0.861
CGCTA	8.0	1159.7	-0.858
TGAGG	90.0	17094.2	-0.846
GCACC	32.0	6202.7	-0.845
GGGAA	93.0	17464.0	-0.845
CGTGG	16.0	3173.7	-0.844
CCAAA	100.0	21904.8	-0.840
GACGT	13.0	2088.5	-0.840
AGCAA	87.0	19354.6	-0.839
AAGGT	74.0	16844.9	-0.838
TTACG	10.0	3162.5	-0.837
AGAAG	116.0	23751.4	-0.837
TAGAA	167.0	30355.2	-0.836
CACTA	60.0	10772.9	-0.832
CCCCA	50.0	10266.8	-0.832
CCAGT	70.0	12676.2	-0.828
AAGTA	148.0	27043.3	-0.825
CCCAG	64.0	16012.3	-0.824
TCCAC	57.0	10167.0	-0.822
TGGTG	107.0	19775.5	-0.821
TGCGC	10.0	1548.6	-0.816
GGGAG	57.0	13953.5	-0.811
TGGGA	79.0	20900.1	-0.807
CAATC	50.0	8960.6	-0.804
AAGAG	117.0	21256.7	-0.799
ACGCC	6.0	2045.1	-0.798
CCAGA	72.0	12945.1	-0.797
TACGT	20.0	4195.5	-0.794
ATGGG	66.0	13614.5	-0.790
AGGTC	44.0	7966.6	-0.789
AGAGT	99.0	18047.6	-0.784
TCTTC	126.0	22970.2	-0.781
GTTCA	89.0	16268.9	-0.774
CCTAT	66.0	11923.0	-0.774
GGCAA	61.0	11084.9	-0.771
GTGCC	45.0	8007.7	-0.768
ATGAG	99.0	18087.1	-0.766
GGGTC	34.0	6001.1	-0.764
CCCTC	28.0	7343.5	-0.760
CAATA	109.0	19952.7	-0.757
GAGCT	57.0	10278.7	-0.753
CCCTA	36.0	7126.4	-0.751
CTAAA	135.0	24763.2	-0.747
GTACT	62.0	11339.4	-0.745
GTCGC	9.0	1406.3	-0.744
TGCTA	84.0	16138.5	-0.744
TACGG	11.0	1806.6	-0.742
TTGCC	84.0	16452.0	-0.739
CTGGC	55.0	9903.8	-0.729
ATGTA	177.0	32548.4	-0.726
AATCA	125.0	22882.5	-0.723
TGGTT	135.0	27281.1	-0.722
CTGAG	87.0	15954.4	-0.713
TAACT	120.0	22193.5	-0.710
TGCAC	64.0	11620.9	-0.707
CTTAC	59.0	12303.0	-0.705
CATCA	79.0	14426.9	-0.705
TCCGC	5.0	1829.2	-0.704
CAGGA	73.0	15815.3	-0.700
GGTCA	41.0	8768.8	-0.700
TGATG	111.0	21647.8	-0.696
ATTCC	87.0	15993.7	-0.696
AATAC	125.0	22958.4	-0.695
GCCAG	51.0	10246.7	-0.689
ATCTG	89.0	17673.8	-0.689
GTCTT	120.0	22268.7	-0.683
CGACA	10.0	1635.9	-0.682
GGGAT	69.0	12740.6	-0.680
ACATC	65.0	11885.0	-0.680
GTGTA	95.0	18593.8	-0.676
TATCG	12.0	2020.6	-0.676
AACAG	101.0	19437.0	-0.676
CATGT	123.0	22778.4	-0.673
CGGAG	17.0	2986.0	-0.670
TGGAT	108.0	19938.0	-0.669
TTCCC	90.0	16735.9	-0.666
CAGTA	78.0	15862.5	-0.665
ACCTT	86.0	17840.7	-0.659
CATAG	65.0	13091.9	-0.656
ATGGC	59.0	10875.3	-0.654
TGGAA	144.0	26792.5	-0.651
GGAAA	154.0	29751.8	-0.646
TGAGC	53.0	12853.4	-0.644
CGCAG	9.0	1872.1	-0.644
CGCCT	17.0	3011.9	-0.643
TGAAC	85.0	15903.1	-0.642
ATTGG	87.0	17045.6	-0.642
GCAGG	57.0	10480.2	-0.640
ACGCT	7.0	1706.2	-0.638
GTGCG	12.0	2106.9	-0.638
CTGAT	91.0	17127.2	-0.632
GTTGT	106.0	22598.0	-0.630
TCACC	60.0	11322.9	-0.627
GACCA	26.0	8715.9	-0.626
GGATT	109.0	20299.9	-0.622
ATGCC	52.0	10440.3	-0.612
ATTCG	14.0	2460.4	-0.611
GATAA	112.0	20806.9	-0.610
GTCGA	3.0	1092.7	-0.598
CCTCT	69.0	12917.3	-0.597
TTTCC	202.0	37745.5	-0.597
AGTGT	114.0	21339.0	-0.590
GTTGA	97.0	18079.8	-0.585
GAACT	69.0	14984.9	-0.584
TTGGA	130.0	24263.8	-0.584
CTTGT	107.0	21271.4	-0.581
AGCGA	13.0	2519.2	-0.575
CCTTA	61.0	14054.4	-0.573
ACCAT	84.0	15853.5	-0.568
AGGTT	111.0	20695.8	-0.567
TAAAG	165.0	30977.3	-0.565
CCTCA	66.0	12343.4	-0.564
GCAAG	46.0	9927.2	-0.563
CCACG	3.0	2752.7	-0.563
ATCTA	91.0	17356.1	-0.555
TGGAG	101.0	19336.0	-0.554
CGCTT	7.0	2444.3	-0.554
GTCAT	75.0	14129.8	-0.547
CTGGG	65.0	16893.5	-0.544
TCATC	68.0	13392.6	-0.544
TGAGA	146.0	27418.2	-0.541
TACTC	54.0	10332.2	-0.540
CGTGT	14.0	4138.5	-0.540
TCGTG	13.0	2930.5	-0.538
AATGC	85.0	16943.8	-0.538
ACGGG	12.0	2139.6	-0.538
TTACA	178.0	33519.2	-0.536
ATACT	118.0	22232.3	-0.534
GGAGA	63.0	15973.6	-0.530
TGTCG	13.0	2344.0	-0.530
TTAGC	82.0	15534.8	-0.520
AAGAC	77.0	15067.8	-0.519
AAATC	136.0	25749.2	-0.513
AGGAT	91.0	17144.1	-0.511
CCGAG	15.0	2759.7	-0.510
AGATT	162.0	30662.3	-0.510
CGATA	7.0	1637.7	-0.509
GTATA	128.0	24284.3	-0.505
GGAGG	56.0	14676.1	-0.504
ATAGG	64.0	12963.6	-0.499
CCTCC	57.0	12100.2	-0.499
CATGA	79.0	17148.8	-0.497
CGTTG	14.0	2577.1	-0.496
GGACA	54.0	10356.0	-0.496
CGTCT	15.0	2776.7	-0.496
ATGCA	97.0	18340.8	-0.495
GCGCT	5.0	1561.5	-0.492
CTTCA	99.0	18818.5	-0.491
TCCAA	61.0	15889.2	-0.489
TCGGA	3.0	1693.1	-0.488
ACTGG	62.0	11876.8	-0.488
ATACA	152.0	29528.0	-0.486
GGGAC	30.0	6893.6	-0.485
GTAAG	54.0	13359.1	-0.482
AGCAT	96.0	18599.3	-0.480
CTACG	9.0	1601.6	-0.479
GCCAT	58.0	11595.5	-0.478
GCACG	8.0	2135.3	-0.477
TCGCC	10.0	1802.4	-0.477
TTTCG	23.0	4409.9	-0.472
CTAGG	48.0	9141.6	-0.472
CGCGC	5.0	1110.3	-0.471
TCGAA	12.0	2209.6	-0.469
CACGT	20.0	3811.7	-0.468
AGAAT	163.0	31615.5	-0.467
GAATT	160.0	32642.5	-0.467
TTCAA	167.0	32380.3	-0.467
GGTTT	153.0	31200.4	-0.467
CCTTT	168.0	33245.4	-0.467
AAGTT	158.0	34597.7	-0.467
TGAAT	160.0	35236.5	-0.467
TCTAT	112.0	24799.8	-0.467
TTCCA	131.0	25740.6	-0.466
CCATG	68.0	13020.6	-0.466
AGGGA	69.0	15392.9	-0.466
TTAAC	122.0	23209.7	-0.463
TAACA	127.0	24194.5	-0.463
CTTCC	77.0	14807.4	-0.460
TCCAT	102.0	19391.5	-0.458
GAGTT	105.0	20212.7	-0.458
TAGAT	106.0	22369.4	-0.457
CCTGG	74.0	14149.8	-0.457
CGAGA	12.0	2876.6	-0.456
TATGG	85.0	16180.1	-0.453
AGTAC	47.0	10646.2	-0.452
TGAGT	106.0	20361.8	-0.451
TAGTA	90.0	21049.2	-0.450
TCAGG	72.0	13733.8	-0.447
AGGAG	84.0	16207.1	-0.444
TACGC	5.0	1153.2	-0.444
CCCTT	72.0	13752.2	-0.440
GCCTT	71.0	13749.4	-0.439
AGAGA	125.0	25314.9	-0.436
CAGAG	81.0	16833.4	-0.434
CATTG	105.0	20188.6	-0.433
GCGTC	7.0	1239.6	-0.433
GTACA	67.0	14701.7	-0.432
AGGTA	58.0	15974.2	-0.431
AGGCT	65.0	15585.5	-0.430
AGACT	80.0	15535.5	-0.426
CATCT	90.0	18014.5	-0.425
AACTA	97.0	19137.4	-0.418
TGCCC	42.0	9762.9	-0.412
AGCTC	45.0	9460.2	-0.410
ACAGG	40.0	14805.3	-0.408
CCGCA	8.0	1626.4	-0.407
AGACC	29.0	8495.9	-0.406
CGTAT	17.0	3414.2	-0.404
TCTCC	71.0	13648.8	-0.401
GGAAG	89.0	17268.6	-0.400
GATCT	63.0	12344.2	-0.395
CGGAT	8.0	1671.0	-0.393
CGATT	14.0	2851.5	-0.391
GCTAT	61.0	13441.5	-0.380
CCAAG	59.0	11583.5	-0.378
CCTTC	63.0	12401.3	-0.376
GTTAG	60.0	12543.4	-0.373
ACAGT	101.0	19471.1	-0.372
ACATG	91.0	20395.2	-0.372
TCATA	107.0	21491.4	-0.371
GGCAT	58.0	11792.2	-0.368
CAATG	59.0	15314.9	-0.368
GACAT	78.0	15103.7	-0.367
TTCCT	170.0	32682.7	-0.365
GACAA	69.0	13547.5	-0.363
TAGGC	40.0	7927.3	-0.361
TCTTG	130.0	25125.1	-0.360
ATGGA	83.0	20017.1	-0.356
CTGGA	87.0	16969.9	-0.356
GAAGA	98.0	22384.4	-0.355
TGCGT	13.0	2811.0	-0.355
GTATG	85.0	16521.0	-0.352
ATCCC	32.0	9099.0	-0.352
GGTAT	56.0	14958.7	-0.350
CAACA	78.0	16588.1	-0.348
ATGGT	97.0	19116.2	-0.348
GAATA	105.0	24706.1	-0.348
GTCAA	49.0	11406.7	-0.348
AGTAA	119.0	24796.4	-0.347
AACTC	41.0	12815.4	-0.346
TTGGC	72.0	15290.0	-0.344
TATCC	54.0	11794.0	-0.343
TGGGC	48.0	10254.5	-0.341
GAATC	45.0	11191.9	-0.340
GGAAT	96.0	18665.1	-0.338
GAGAT	97.0	18905.7	-0.337
GCCTC	44.0	10529.4	-0.337
GGCAC	37.0	7360.6	-0.336
GCCCA	34.0	9876.3	-0.336
TAGGA	81.0	15911.5	-0.332
GAGGA	69.0	14630.1	-0.331
GCATG	61.0	12109.6	-0.330
GATGG	60.0	13661.8	-0.325
CTAGA	51.0	12660.6	-0.325
TCAGA	97.0	19286.2	-0.321
CGCAT	8.0	1561.9	-0.320
GAGAG	57.0	14411.6	-0.318
TCTAG	46.0	14195.0	-0.317
ACTCT	77.0	15292.0	-0.316
TAGAG	80.0	15753.2	-0.314
ATAAC	85.0	17104.4	-0.314
CGTCC	7.0	1368.7	-0.304
TACGA	8.0	1951.9	-0.302
GATAT	115.0	22677.3	-0.301
AGGAA	142.0	27759.2	-0.294
TGGCT	92.0	18155.2	-0.294
GATGT	77.0	17060.1	-0.293
CGCCA	3.0	2110.6	-0.290
CTGTT	140.0	29035.6	-0.289
ATTAG	87.0	22371.4	-0.289
TCCTG	80.0	17718.0	-0.288
CTGGT	60.0	12950.5	-0.286
CAGTT	120.0	23742.4	-0.286
GCGAC	6.0	1175.8	-0.285
GAAGT	98.0	19501.8	-0.284
ACATT	203.0	39723.3	-0.283
TTGAG	135.0	28430.1	-0.280
GTGAG	72.0	15240.7	-0.275
ATCAC	61.0	13059.1	-0.274
TGCTC	51.0	11152.3	-0.274
CTCTT	122.0	24063.4	-0.273
AATGA	171.0	33719.3	-0.273
CTGCT	76.0	15261.9	-0.268
CAGAT	89.0	17817.1	-0.266
CGCTG	10.0	2062.5	-0.266
AGAGC	50.0	10349.6	-0.265
TTGTC	89.0	20175.1	-0.262
CGTCA	5.0	1767.9	-0.261
ATATC	94.0	18783.8	-0.261
ACTTC	74.0	15048.8	-0.260
AGATA	122.0	24143.8	-0.259
TGCTT	150.0	30925.5	-0.258
CCACT	56.0	12530.8	-0.257
AGTTA	120.0	23913.6	-0.256
AATCT	125.0	24672.0	-0.255
ACTGC	52.0	12125.7	-0.255
ATCCT	70.0	15110.0	-0.252
CAACT	61.0	13046.7	-0.250
GGATG	56.0	11302.6	-0.249
TCAGC	51.0	11950.7	-0.249
TTGCT	147.0	31040.2	-0.248
TATAC	108.0	21496.8	-0.247
TGCCT	83.0	18447.6	-0.245
CAAGT	69.0	15615.1	-0.243
GATCA	54.0	11133.6	-0.243
GTTAA	118.0	23994.5	-0.242
TAGAC	38.0	9743.8	-0.239
ACAGC	52.0	10682.2	-0.239
TAAAC	104.0	22862.4	-0.239
TAAGT	112.0	25511.7	-0.238
GGATC	19.0	6478.7	-0.236
GCTGG	56.0	15341.5	-0.234
TTCAG	131.0	26076.0	-0.233
TCAGT	103.0	20614.4	-0.232
GTCCT	44.0	9513.2	-0.229
CATTA	120.0	24112.7	-0.224
TTCTG	151.0	34341.6	-0.223
TCTGT	133.0	31725.7	-0.223
AAGAT	123.0	26827.5	-0.223
ATGAA	153.0	34864.1	-0.223
AACAT	138.0	31373.4	-0.223
CAAAT	155.0	31954.1	-0.223
TTAAG	143.0	29920.7	-0.223
TTAGA	117.0	27856.4	-0.223
GTTCT	98.0	19720.3	-0.222
GGACG	3.0	1583.9	-0.220
TGCAT	107.0	23305.5	-0.216
CTTGG	68.0	15686.6	-0.213
GCGAG	9.0	1938.0	-0.212
TACTG	86.0	17483.3	-0.210
CACTT	89.0	22275.9	-0.208
GATTA	95.0	21044.7	-0.208
ACTAT	91.0	19270.4	-0.207
GCATC	30.0	7769.8	-0.204
GCATT	96.0	21541.5	-0.202
AGGCA	75.0	15372.7	-0.199
TCAAT	77.0	20379.0	-0.199
GATGA	74.0	16377.4	-0.198
GCTCC	18.0	5915.2	-0.196
TACAG	82.0	19885.5	-0.195
TAAGA	121.0	24659.5	-0.194
ATCAT	104.0	22357.7	-0.193
GAGGT	62.0	13015.1	-0.189
AGGCG	12.0	3409.7	-0.187
ATGCT	91.0	18493.0	-0.187
GAGAC	45.0	13446.7	-0.186
TCTGG	71.0	15365.9	-0.184
CTATA	58.0	18324.1	-0.184
GTTTC	85.0	24525.0	-0.181
TATGC	58.0	13503.7	-0.179
TCTAA	106.0	22404.2	-0.173
CTCCG	11.0	2479.4	-0.166
AGATG	87.0	20425.2	-0.164
GCTCA	52.0	11033.3	-0.163
CGAAT	2.0	2315.0	-0.161
TGTCA	66.0	20041.5	-0.158
CTACA	61.0	12868.4	-0.158
ATTCA	118.0	28132.9	-0.158
AAGTC	55.0	13420.8	-0.157
CTCGC	8.0	1836.7	-0.154
ACGAA	8.0	2680.1	-0.154
CACTG	81.0	16828.3	-0.153
CTCCC	51.0	10942.4	-0.152
CCTTG	53.0	14137.1	-0.149
GAGTC	33.0	8534.2	-0.147
CCATT	114.0	23465.4	-0.144
TTCAC	74.0	19809.5	-0.144
CTCAT	57.0	15776.7	-0.133
TGGCC	48.0	10326.5	-0.131
CATGC	49.0	10558.5	-0.130
AGTCC	34.0	7445.5	-0.130
ACGTC	7.0	1674.3	-0.126
GCTCT	56.0	11971.1	-0.124
TCGAT	5.0	2077.3	-0.124
CTCCT	66.0	14577.4	-0.123
TCATG	85.0	17813.3	-0.119
CAGGT	65.0	13825.4	-0.119
CTCGA	5.0	1728.9	-0.118
CATGG	55.0	12870.4	-0.115
CATCC	39.0	8670.9	-0.111
GTCAG	38.0	10253.4	-0.107
GTCAC	39.0	8710.4	-0.105
CTCGT	6.0	2251.0	-0.103
CAATT	121.0	25820.8	-0.097
CTTTC	131.0	28945.4	-0.097
TGTCT	112.0	25329.6	-0.097
TATAG	103.0	21851.1	-0.097
TCGGC	9.0	2247.1	-0.094
ACAAC	42.0	12164.8	-0.081
CAGGC	47.0	12977.8	-0.080
AGTCT	80.0	17278.0	-0.079
AATTC	104.0	25118.9	-0.079
CTATG	60.0	13284.4	-0.077
ATCTC	67.0	14697.8	-0.076
AGATC	44.0	10642.6	-0.074
GGCCA	37.0	9355.9	-0.074
TACAA	86.0	24791.9	-0.069
GAGCC	35.0	8091.5	-0.069
CTCCA	57.0	12692.4	-0.068
ATGTC	54.0	15122.2	-0.066
GTATC	46.0	10533.5	-0.065
ACTCC	38.0	9039.1	-0.063
ACAAT	102.0	23580.0	-0.063
CCTCG	8.0	2308.4	-0.061
GAGGC	35.0	10498.6	-0.059
CTCAG	65.0	14476.0	-0.057
AGTTC	67.0	15531.8	-0.056
AGAGG	61.0	14527.5	-0.056
GCCAC	35.0	9186.2	-0.054
TCCTT	113.0	28530.5	-0.054
TCTGC	56.0	13840.9	-0.054
CTCTA	57.0	12893.5	-0.053
TGTCC	33.0	10520.7	-0.050
GACGA	5.0	1456.7	-0.050
CGAGG	8.0	2493.6	-0.049
TCTCA	91.0	20384.2	-0.046
GCGCG	4.0	1232.3	-0.041
GTCTA	36.0	9934.7	-0.040
CTGTC	46.0	12459.5	-0.039
GGCTC	31.0	7833.7	-0.034
TCACG	4.0	2930.2	-0.033
TTCTC	105.0	25591.3	-0.029
CATTC	46.0	17002.2	-0.028
GTCCA	29.0	7506.4	-0.026
TCCCT	44.0	13799.8	-0.024
CTCTC	46.0	11127.1	-0.023
GTCTC	49.0	12114.8	-0.015
AGACG	7.0	3304.9	-0.011
CTCTG	75.0	18006.5	-0.011
TCGCT	8.0	2727.5	-0.010
CTCGG	9.0	3007.1	-0.010
GCTCG	3.0	1265.6	-0.009
TCACT	75.0	20182.3	-0.009
TCTCT	95.0	25917.1	-0.008
GTGTC	33.0	10530.0	-0.006
TTCGC	4.0	1715.5	-0.005
TCTCG	10.0	3482.7	-0.005
CGCTC	4.0	1819.8	-0.003
CGCGG	0.0	957.8	1.000
ACGCG	0.0	502.1	1.000
