OligoSequence	Target Occurences	Background Occurences	Enrichment(ln p, up to 2 mismatches)
TTATT	7436.0	97060.2	-62.784
TTGTT	5349.0	69431.9	-59.877
TGTTT	6194.0	82038.2	-51.581
TTTAT	7590.0	101302.0	-50.016
GTTTT	6007.0	80604.3	-44.202
TTTTT	24477.0	302148.2	-43.690
CCCCC	602.0	6394.7	-41.909
TTTGT	5820.0	79806.6	-33.597
TATTT	8345.0	116306.7	-29.090
GAAGG	916.0	13661.1	-23.356
ATATA	3056.0	53214.8	-23.356
TATAA	2452.0	41326.3	-23.356
CCAAC	513.0	7887.0	-23.356
CATTT	3626.0	63728.4	-23.356
ATTTT	9399.0	143285.3	-23.356
TTTTC	5303.0	85162.5	-23.356
CGGGG	132.0	2284.7	-23.356
GGGTA	577.0	8903.0	-23.356
CCCGA	132.0	1756.5	-23.356
CTTAT	1516.0	24633.3	-23.356
ATTTA	4506.0	70382.2	-23.356
TTTAG	2265.0	40454.1	-23.356
GCTGA	841.0	12517.0	-23.356
TGACC	630.0	9490.0	-23.356
TTACT	2057.0	31677.8	-23.356
TACTT	2173.0	32681.3	-23.356
ACTTT	2661.0	46491.0	-23.356
CTTTA	2138.0	37908.1	-23.356
GATGG	797.0	13450.9	-23.356
ACGGA	128.0	2492.9	-23.356
AATTT	4945.0	84816.8	-23.356
TTTTG	6373.0	93306.8	-23.356
TTTGG	2435.0	38982.6	-23.356
ATTCT	2105.0	36428.0	-23.356
AGGGA	927.0	14381.6	-23.356
AGAAA	2892.0	48940.7	-23.356
AAATA	4284.0	67573.5	-23.356
AATAA	3221.0	52878.0	-23.356
AAGGG	808.0	12055.0	-23.356
AGGGG	584.0	8448.5	-23.356
GATTT	2784.0	43280.4	-23.356
TTTAA	5621.0	92659.2	-23.356
TTAAA	4506.0	75347.5	-23.356
AACTC	806.0	13217.7	-23.356
CTATT	1553.0	29504.5	-23.356
TATTA	2735.0	47345.6	-23.356
ATTAT	3170.0	52301.0	-23.356
TTTAC	2313.0	35478.2	-23.356
TCTAT	1298.0	25856.5	-23.356
TCTTT	4327.0	74087.9	-23.356
CTTTT	5277.0	83326.8	-23.356
TTTTA	9012.0	128571.5	-23.356
TTATC	1469.0	23726.3	-23.356
ATATT	3668.0	63806.2	-23.356
ATTTC	2782.0	45663.6	-23.356
TTTCT	5236.0	87372.7	-23.356
TTCTA	1993.0	34208.3	-23.356
AATCG	164.0	2236.4	-23.356
CGAAC	83.0	1223.8	-23.356
GAACC	476.0	6910.0	-23.356
AACCC	627.0	8672.6	-23.356
ACCCA	766.0	12138.8	-23.356
ATCCC	577.0	9248.7	-23.356
CCTGA	863.0	13824.7	-23.356
AATCC	795.0	13068.6	-23.356
CAAAA	2440.0	37704.0	-23.356
AAAAT	4922.0	80890.4	-23.356
AAATT	4150.0	67700.0	-23.356
CCGTG	150.0	2377.8	-23.356
CCACC	650.0	10112.3	-23.356
ACACC	524.0	7798.0	-23.356
ACCCC	521.0	6301.9	-23.356
CCTAA	880.0	13033.7	-23.356
GTCAG	642.0	10434.8	-23.356
TCAGC	790.0	12456.0	-23.356
TAAAT	3568.0	56895.7	-23.356
ATCGG	82.0	1311.7	-23.356
TACCC	538.0	7731.3	-23.356
CCGAA	161.0	1816.1	-23.356
CGAAA	174.0	2650.0	-23.356
GAAAA	2792.0	46262.1	-23.356
ATGTT	2571.0	42565.6	-23.356
TGTTG	1873.0	32402.8	-23.356
TTGGT	1718.0	26561.6	-23.356
TGGTT	1806.0	27434.8	-23.356
GTTAT	1593.0	24659.9	-23.356
TTATA	2842.0	49673.0	-23.356
TATAT	3306.0	61093.6	-23.356
CCCGT	157.0	1780.9	-23.356
CGTAC	75.0	1237.6	-23.356
TAATT	3684.0	59049.8	-23.356
AATTA	2793.0	45882.9	-23.356
ATTAA	2627.0	43053.6	-23.356
TTAAT	3548.0	56979.6	-23.356
CCCAA	852.0	12715.0	-23.356
CAACC	488.0	8113.4	-23.356
ACCCG	133.0	1589.8	-23.356
CCGTC	125.0	1656.5	-23.356
ATCTT	1888.0	31783.7	-23.356
CTTTG	1961.0	34019.7	-23.356
TTTGC	1907.0	33330.9	-23.356
CCACA	793.0	12528.4	-23.356
ATCGC	84.0	1448.1	-23.356
ACCAC	683.0	10083.9	-23.356
CACTG	1047.0	16559.9	-23.356
ACTGC	774.0	11900.1	-23.356
TATCT	1647.0	26914.6	-23.356
TTATG	2143.0	32398.5	-23.356
TAATA	2486.0	40486.3	-23.356
ATAAT	2734.0	44588.1	-23.356
TCTTA	1792.0	28081.3	-23.356
AGACC	503.0	8012.4	-23.356
GACCA	540.0	8054.6	-23.356
TTCAA	1940.0	32792.8	-23.356
AAAGC	1204.0	18539.1	-23.356
AGCCC	465.0	6941.4	-23.356
CAGTA	1044.0	15973.0	-23.356
AACAG	1191.0	18397.7	-23.356
GCAAA	1244.0	19010.6	-23.356
AACGC	102.0	1375.2	-23.356
CAGCC	641.0	10920.6	-23.356
TTGAT	2079.0	35016.7	-23.356
TGATT	2480.0	38466.0	-23.356
TAGGG	609.0	9732.4	-23.356
TGTTA	2212.0	33221.5	-23.356
GTGTT	1653.0	26438.9	-23.356
GTTTG	1959.0	30318.5	-23.356
TTGTG	1910.0	30960.7	-23.356
GTTTA	2122.0	33098.6	-23.356
AGTGG	1034.0	15191.0	-23.356
GGCTG	713.0	13579.2	-23.356
ATTTG	3018.0	48993.7	-23.356
GATGC	546.0	8366.4	-23.356
GTATT	1946.0	33217.2	-23.356
TATTG	1895.0	32499.8	-23.356
TTTGA	3152.0	54465.3	-23.356
TTGAA	2583.0	41259.5	-23.356
TGTAT	2408.0	41001.9	-23.356
CGAAG	146.0	2055.6	-23.356
AAGAA	2356.0	40495.2	-23.356
GAAGC	721.0	10422.6	-23.356
AAGCA	1313.0	20305.6	-23.356
AACCT	1009.0	15416.5	-23.356
ACCTG	809.0	12068.5	-23.356
GGGGC	331.0	5322.7	-23.356
AGTAG	956.0	15827.2	-23.356
GGTGA	740.0	12086.1	-23.356
GGTAA	920.0	13836.4	-23.356
TAAAA	4299.0	72680.5	-23.356
AATGG	1264.0	20190.0	-23.356
TGGAC	573.0	8655.1	-23.356
AAAGA	2311.0	39229.9	-23.356
ACCAG	725.0	10865.7	-23.356
TTTCA	3410.0	55677.8	-23.356
TTCAT	2572.0	42407.0	-23.356
TTGTA	2291.0	37669.9	-23.356
CAACG	95.0	1603.5	-23.356
AACGG	128.0	1656.5	-23.356
ACGGT	121.0	1895.2	-23.356
GCGAA	86.0	1419.2	-23.356
GGGGG	540.0	6846.1	-23.356
TAGCC	573.0	8434.6	-23.356
TGAAA	2855.0	44324.4	-23.356
AATAT	3230.0	53737.2	-23.356
AAAAA	6033.0	104003.6	-23.356
AAAAG	2423.0	41722.5	-23.356
GGCCA	526.0	8505.6	-23.356
TATGT	2124.0	37784.6	-23.356
CGGGT	107.0	1889.7	-23.356
TTCTT	4253.0	71831.0	-23.356
TGTGT	2408.0	43272.8	-23.356
GGTAG	593.0	9334.3	-23.356
GTAGG	559.0	9021.9	-23.356
GGGCA	524.0	8555.2	-23.356
CCTCC	725.0	13156.3	-23.356
CAGCG	133.0	1893.8	-23.356
GCAAG	622.0	9488.8	-23.356
GCTAC	398.0	6292.1	-23.356
CCCTA	517.0	7576.4	-23.356
ACGCC	86.0	1750.6	-23.356
TCATT	2556.0	42117.0	-23.356
GTACG	99.0	1384.2	-23.356
CTAAC	627.0	8728.8	-23.356
ACAAC	713.0	11539.1	-23.356
AACCG	134.0	1551.2	-23.356
ACCGT	155.0	2304.4	-23.356
GAACT	886.0	14932.8	-23.356
CGCCA	103.0	1848.0	-23.356
AGCAC	579.0	9825.9	-23.356
GCACC	367.0	5893.3	-23.356
ACCTC	654.0	10635.6	-23.356
ATGCC	673.0	10915.6	-23.356
ACTAC	617.0	9489.9	-23.356
TACCG	127.0	1546.4	-23.356
GACCC	323.0	4718.7	-23.356
CACCA	791.0	12523.0	-23.356
TATTC	1606.0	27503.5	-23.356
ATAAA	3346.0	54930.7	-23.356
TTAGT	1720.0	28375.0	-23.356
TAGTT	1766.0	31496.9	-23.356
AGTTT	2875.0	50819.6	-23.356
CACCG	133.0	2091.1	-23.356
ACCGG	77.0	1024.0	-23.356
GAGCA	665.0	10791.4	-23.356
AAGCG	174.0	2250.6	-23.356
AGTGC	745.0	12237.4	-23.356
GAGGA	929.0	14025.5	-23.356
GGACA	642.0	9913.3	-23.356
ATTGT	2107.0	34502.9	-23.356
GTTGT	1410.0	23081.0	-23.356
CGTGA	197.0	3447.4	-23.356
CCGGT	73.0	1118.3	-23.356
CGGTA	91.0	1424.5	-23.356
TCGGA	104.0	1432.5	-23.356
GGCAA	709.0	10568.8	-23.356
CCGTT	172.0	2597.9	-23.356
CGCGT	44.0	558.2	-23.356
GTACC	414.0	6470.6	-23.356
GGAAC	510.0	8442.4	-23.356
GTAGC	539.0	8105.9	-23.356
AACGT	259.0	4110.8	-23.356
ACGTG	254.0	3785.6	-23.356
CGGAA	134.0	1903.9	-23.356
GACGA	115.0	1484.2	-23.356
ACGAT	154.0	2536.8	-23.356
GGACG	103.0	1337.1	-23.356
GGACC	268.0	4126.5	-23.356
GTCGA	78.0	1117.2	-23.356
TCGAC	77.0	974.2	-23.356
CGACT	91.0	1281.3	-23.356
ACGGC	71.0	1095.3	-23.356
GCGTA	93.0	1423.8	-23.356
CCGAC	75.0	927.5	-23.356
CGACA	95.0	1428.0	-23.356
ACCGA	113.0	1562.7	-23.356
CCGCT	116.0	1467.9	-23.356
AGCCG	123.0	1823.2	-23.356
GCCGT	95.0	1609.5	-23.356
CGTAA	189.0	2534.4	-23.356
CGATG	108.0	1841.3	-23.356
TGCGG	96.0	1697.4	-23.356
GCGGA	92.0	1413.5	-23.356
ACGAC	71.0	1138.9	-23.356
GACCG	78.0	1085.5	-23.356
ACCGC	132.0	1381.7	-23.356
CCGCA	107.0	1471.3	-23.356
CGGAC	48.0	834.3	-23.356
ACTCG	108.0	1563.2	-23.356
ACGTA	183.0	3421.0	-23.356
GCGGT	107.0	1528.4	-23.356
GAGCG	101.0	1665.4	-23.356
AGCGG	106.0	1584.1	-23.356
TCCGC	82.0	1731.6	-23.356
GACGG	90.0	2191.1	-23.356
ACGAA	172.0	2667.0	-23.356
TAGCG	99.0	1461.4	-23.356
TAACG	178.0	2425.1	-23.356
AGCGA	138.0	2218.5	-23.356
TGACG	124.0	1930.5	-23.356
GATGA	1274.0	16522.2	-23.005
GGCGG	138.0	2298.4	-20.725
GCGGG	113.0	2029.0	-20.725
GGGCG	112.0	2137.4	-20.725
CGTCG	24.0	406.3	-20.725
AACTG	1424.0	18870.2	-20.491
AGCAG	1059.0	13845.3	-18.538
CCCGC	158.0	1930.8	-18.499
GCGGC	90.0	1472.8	-18.499
CGACG	13.0	356.7	-18.499
TGACA	1324.0	17658.0	-18.282
CCCCT	669.0	8380.3	-18.028
GCCCG	124.0	2046.1	-16.558
CGCCC	142.0	2638.4	-16.558
CGGCC	124.0	2048.7	-16.558
GCCGC	93.0	1355.0	-16.558
CCAAA	1549.0	21099.9	-16.242
AGTGA	1513.0	20593.3	-16.129
ACCAA	1056.0	14029.5	-15.795
GCTGC	659.0	8416.7	-15.317
GCGCC	79.0	1779.5	-14.839
GCCAA	765.0	9969.6	-14.624
CCCCG	195.0	2108.7	-14.343
ACTGA	1365.0	18661.6	-14.280
TAACC	799.0	10505.4	-14.095
ACTAA	1270.0	17374.0	-13.348
GTAAC	770.0	10160.2	-13.072
TCCCC	757.0	9994.7	-12.892
CCCCA	791.0	10590.1	-11.761
TTTCG	353.0	4376.4	-11.336
AGCTG	1042.0	14304.4	-11.096
GCCGA	149.0	1617.4	-11.060
CGAGC	106.0	1074.4	-10.757
ATGAC	938.0	12835.0	-10.596
GCCCC	374.0	4724.2	-10.524
CCCTC	613.0	8148.0	-10.253
TCTGA	1558.0	22001.6	-10.248
AACAC	1008.0	13919.8	-10.116
CAAGG	778.0	10548.1	-10.084
AGTCG	130.0	1412.4	-10.003
GGGGA	756.0	10241.6	-9.970
GTGTA	1269.0	17772.3	-9.917
GACTA	686.0	9261.8	-9.641
TAACT	1583.0	22485.5	-9.542
GCAGC	571.0	7620.2	-9.450
GCAGT	998.0	13863.3	-9.247
CTGAC	703.0	9570.0	-9.024
CACTA	750.0	10263.0	-8.942
TCGTA	192.0	2285.5	-8.862
GAGGG	675.0	9172.5	-8.857
CTACG	128.0	1430.2	-8.728
ATACC	795.0	10956.2	-8.614
TTCGT	324.0	4149.0	-8.475
CGACC	83.0	859.3	-8.372
TGTAC	1075.0	15119.8	-8.360
GACAA	939.0	13116.5	-8.297
TAGTG	1090.0	15353.6	-8.243
GTCGG	95.0	1021.5	-8.203
AATAG	1637.0	23519.4	-8.133
CAGTC	655.0	8992.7	-7.867
CGTGT	290.0	3711.1	-7.853
GGCCC	333.0	4336.3	-7.734
TGTAA	2222.0	32371.7	-7.690
GTGGG	778.0	10806.9	-7.690
CGCAA	122.0	1392.6	-7.603
TGATG	1539.0	22161.7	-7.543
GCGTT	186.0	2266.3	-7.504
CTGCT	1115.0	15842.6	-7.485
ATCTG	1280.0	18332.9	-7.257
ACTGT	1473.0	21237.7	-7.178
TAAAC	1510.0	21790.4	-7.176
TAAGC	824.0	11555.8	-7.158
GTGAT	1300.0	18671.4	-7.034
AGTCA	1006.0	14281.8	-7.013
AAGCC	721.0	10061.9	-6.964
CGATA	138.0	1647.8	-6.819
GACTG	732.0	10231.9	-6.816
CAGTG	1285.0	18495.6	-6.728
CGCCG	53.0	731.4	-6.695
CCGCG	53.0	916.8	-6.690
AACCA	1113.0	15932.5	-6.650
GCTAA	833.0	11789.5	-6.430
GTAAA	1822.0	26656.0	-6.344
ATAGC	814.0	11536.7	-6.255
CTAAG	855.0	12144.4	-6.251
CTTAA	1766.0	25816.8	-6.250
ACAGC	715.0	10066.4	-6.241
GGAAA	1865.0	27317.1	-6.227
AAACC	1112.0	15989.1	-6.185
AAGGC	705.0	9927.2	-6.139
ACTTG	1224.0	17690.6	-6.137
CTGAA	1588.0	23176.2	-6.105
GTTCG	127.0	1528.6	-6.063
TCCGA	123.0	1472.9	-6.057
CTACC	510.0	7051.0	-5.986
CTGGT	905.0	12933.2	-5.902
GGAAG	1108.0	15989.4	-5.855
TACCA	1007.0	14477.2	-5.848
GAAAT	2488.0	36861.4	-5.822
CCGTA	140.0	1725.1	-5.816
GGGAA	1077.0	15540.7	-5.791
GGATG	774.0	11000.0	-5.773
GAACG	141.0	1750.9	-5.605
CCGAT	110.0	1313.5	-5.545
TCGTG	208.0	2706.0	-5.520
TTCGA	196.0	2534.7	-5.421
GAACA	1113.0	16157.2	-5.313
ATGAT	1806.0	26648.7	-5.273
GGAGG	849.0	12204.0	-5.256
TACGG	126.0	1554.1	-5.250
CTGAT	1236.0	18025.7	-5.241
GGGAG	829.0	11892.8	-5.235
GTGAA	1385.0	20280.4	-5.218
GTGAC	652.0	9264.6	-5.146
CGAGG	156.0	1979.0	-5.137
AGCCA	988.0	14306.6	-5.137
AATTG	1929.0	28560.5	-5.075
AGTTG	1293.0	18918.4	-5.066
GATAA	1367.0	20042.5	-5.056
TGACT	1251.0	18297.2	-5.019
CCAAG	800.0	11496.8	-4.982
GCCCT	521.0	7336.3	-4.916
AGTGT	1425.0	20974.7	-4.822
TCACC	766.0	11021.0	-4.806
ATAAC	1148.0	16777.2	-4.790
AGGGT	801.0	11568.9	-4.640
GGTGG	784.0	11324.4	-4.638
GAGTA	852.0	12343.1	-4.620
ACTAG	685.0	9836.4	-4.586
TTCAG	1830.0	27190.8	-4.561
TGAAG	1586.0	23491.1	-4.516
CACCC	570.0	8132.4	-4.498
TGGGG	944.0	13754.8	-4.493
GGCAG	734.0	10589.5	-4.474
ACGCG	40.0	416.7	-4.466
GCTGT	1016.0	14850.1	-4.441
CTGAG	1104.0	16206.1	-4.383
GGTTT	2035.0	30399.4	-4.293
ATCGT	200.0	2680.4	-4.228
AGTAA	1620.0	24086.9	-4.186
AAGCT	1098.0	16161.7	-4.150
CGAGT	156.0	2044.1	-4.144
AGGGC	470.0	6682.7	-4.142
TGCCG	134.0	1738.6	-4.088
AGCGC	102.0	1288.9	-4.084
TACGA	148.0	1944.6	-4.082
TGCCA	1024.0	15052.0	-4.071
GTACT	789.0	11490.4	-4.068
CGTAG	134.0	1743.2	-4.009
TGAAC	1061.0	15621.2	-3.988
ATAGA	1488.0	22131.8	-3.973
ACCCT	636.0	9203.6	-3.952
GCTTA	897.0	13140.1	-3.943
GCCTT	948.0	13920.3	-3.909
GGCGA	110.0	1402.1	-3.864
GTGGA	856.0	12567.7	-3.771
AGGCC	491.0	7048.3	-3.737
CTAAA	1567.0	23410.6	-3.727
TACTG	1213.0	18015.1	-3.690
TATGG	1070.0	15839.1	-3.663
AGGAC	593.0	8596.3	-3.627
AGCGT	164.0	2201.3	-3.624
CAGCT	934.0	13784.4	-3.598
AATAC	1463.0	21853.4	-3.583
GGTCG	86.0	1086.5	-3.579
TTCGG	156.0	2086.1	-3.573
CGGCG	60.0	720.0	-3.566
AATGC	1143.0	16967.9	-3.556
TAGAC	670.0	9782.5	-3.547
CGTGG	191.0	2605.1	-3.500
CAAAC	987.0	14613.4	-3.464
TAAGG	965.0	14285.1	-3.462
ATACT	1484.0	22213.9	-3.444
GGCCG	142.0	1904.1	-3.402
CCCTT	979.0	14500.8	-3.395
CAAGC	566.0	8235.7	-3.371
CAGCA	974.0	14433.0	-3.370
ACAGT	1287.0	19232.3	-3.363
GACAT	1001.0	14859.1	-3.348
CCGAG	172.0	2347.0	-3.331
GTCTG	832.0	12285.1	-3.315
GTACA	947.0	14047.9	-3.305
CCGCC	185.0	2540.6	-3.206
ACGAG	133.0	1788.8	-3.169
CTGCC	753.0	11123.2	-3.139
CCAGA	887.0	13168.0	-3.119
GAAGT	1265.0	18952.3	-3.106
ATGCA	1206.0	18052.6	-3.088
GGGCC	318.0	4535.3	-3.065
GTTGG	876.0	13018.2	-3.063
CGCTG	143.0	1947.7	-3.049
TTAAG	1965.0	29739.6	-3.048
GTCCG	83.0	1074.4	-3.039
ACTGG	805.0	11940.8	-3.020
GCAGA	874.0	12992.8	-3.017
TGGAA	1726.0	26063.9	-2.992
CAGGG	687.0	10143.9	-2.991
CCCAC	590.0	8672.7	-2.990
CGTTT	453.0	6585.2	-2.988
CACGT	239.0	3367.0	-2.960
ATTGG	1128.0	16892.1	-2.947
GTAAG	890.0	13247.7	-2.923
CGGTT	149.0	2035.4	-2.901
CGTTC	143.0	1961.5	-2.891
CTCGT	168.0	2326.3	-2.883
GTCCC	400.0	5801.3	-2.871
AGAGG	915.0	13659.4	-2.863
GCGAG	110.0	1469.1	-2.856
CACCT	811.0	12068.0	-2.838
CATAC	755.0	11205.4	-2.830
TGTGA	1718.0	25993.5	-2.827
AGAAC	964.0	14417.4	-2.814
CGTCA	130.0	1774.6	-2.786
ATGGC	721.0	10721.7	-2.721
TCTAC	810.0	12078.6	-2.719
AAGTG	1462.0	22093.7	-2.702
GACGT	147.0	2040.0	-2.696
ATCCG	112.0	1512.2	-2.686
CGGTG	146.0	2025.2	-2.676
CAAAG	1387.0	20961.1	-2.675
CGCTA	83.0	1098.3	-2.658
TCGCC	138.0	1905.4	-2.658
TTAAC	1522.0	23044.4	-2.646
GAATG	1289.0	19459.3	-2.630
TTGAC	1043.0	15684.7	-2.628
AAGGT	1072.0	16117.7	-2.618
GGGTG	633.0	9399.2	-2.582
CATCG	121.0	1658.0	-2.557
AGCTA	865.0	12964.5	-2.529
TCGTC	114.0	1556.9	-2.516
TTCGC	125.0	1722.0	-2.512
CTGTT	2042.0	31130.9	-2.507
TGCGT	192.0	2718.6	-2.504
AAACT	2004.0	30554.7	-2.486
CGCCT	194.0	2754.3	-2.458
AGGAT	1116.0	16840.2	-2.457
GCGCA	91.0	1234.9	-2.413
GCCGG	117.0	1609.0	-2.412
CCTTC	901.0	13560.5	-2.390
TCGGT	138.0	1931.6	-2.381
GCAGG	632.0	9426.1	-2.377
ATAGG	845.0	12702.6	-2.360
CGAAT	160.0	2256.5	-2.350
CCCTG	690.0	10339.9	-2.321
TCAGT	1421.0	21618.6	-2.264
ACACT	958.0	14477.5	-2.249
ACCTT	1162.0	17628.0	-2.247
CCAGT	876.0	13219.1	-2.244
GACTC	473.0	7031.1	-2.238
AACAT	2001.0	30635.2	-2.195
ACATC	784.0	11817.1	-2.188
TCGAT	154.0	2183.1	-2.167
ACCTA	751.0	11310.2	-2.160
GAGAA	1537.0	23446.3	-2.156
CAGAC	596.0	8929.3	-2.144
CCTAC	467.0	6954.8	-2.121
CGTTA	186.0	2671.3	-2.110
GATGT	1150.0	17481.1	-2.108
CAGTT	1604.0	24529.5	-2.083
CGCAG	112.0	1565.7	-2.069
ATTCG	168.0	2411.6	-2.067
AATGT	2501.0	38453.6	-2.046
AACTA	1216.0	18525.4	-2.037
ATCAC	810.0	12250.4	-2.036
ACAAA	2189.0	33606.2	-2.035
GAGTG	864.0	13079.9	-2.034
TGGCA	988.0	15006.0	-2.021
AAGTA	1695.0	25967.1	-2.010
AAGAT	1686.0	25820.0	-2.008
CCTTG	948.0	14386.3	-1.998
TGCAC	697.0	10535.6	-1.957
ACTCC	596.0	8973.5	-1.955
GCTTC	695.0	10504.7	-1.940
ACGCA	118.0	1672.1	-1.913
GCCAG	631.0	9519.2	-1.910
TGGTC	651.0	9840.8	-1.876
TCGGG	119.0	1692.4	-1.865
ATGGA	1298.0	19859.5	-1.862
TACGC	79.0	1099.4	-1.861
AAATC	1603.0	24611.1	-1.841
TCCGT	181.0	2647.6	-1.808
CTTCG	151.0	2178.2	-1.808
GTCAA	731.0	11108.3	-1.795
AAGGA	1449.0	22224.5	-1.794
GGCTT	873.0	13300.3	-1.785
CGTCT	180.0	2635.2	-1.783
TCGTT	287.0	4265.3	-1.753
GTCGT	115.0	1644.8	-1.737
CAAAT	2006.0	30954.8	-1.677
GCCAT	762.0	11623.2	-1.676
AAATG	2954.0	45721.5	-1.665
TGCAG	1166.0	17897.1	-1.647
ATCGA	130.0	1887.6	-1.642
TAACA	1513.0	23294.1	-1.637
CCTCA	866.0	13241.2	-1.629
CTGTA	1364.0	20986.2	-1.627
TACCT	1016.0	15572.3	-1.618
CCTGT	1046.0	16043.2	-1.613
AGTAC	689.0	10513.4	-1.596
TTACC	970.0	14875.7	-1.584
CTAAT	1347.0	20751.0	-1.573
GAGCC	504.0	7652.8	-1.567
GCGAC	62.0	867.7	-1.562
TAGCA	972.0	14931.3	-1.533
GTAAT	1473.0	22734.1	-1.519
GGAGC	443.0	6719.8	-1.518
CCATG	882.0	13541.4	-1.503
ATGCT	1233.0	19013.1	-1.482
TACTC	698.0	10692.9	-1.474
ATGTA	2056.0	31838.5	-1.474
ACGCT	114.0	1660.6	-1.461
CATGC	691.0	10584.4	-1.427
GTTAA	1529.0	23647.6	-1.416
GGTCA	550.0	8416.5	-1.395
GGACT	583.0	8918.6	-1.391
TTGGA	1523.0	23581.2	-1.384
GTGGT	908.0	15581.2	-1.382
AATGA	2134.0	33121.6	-1.366
ACAAG	884.0	13610.2	-1.365
GACGC	64.0	997.8	-1.361
CCAGC	607.0	10842.8	-1.360
AGATG	1345.0	20831.6	-1.315
CTTAC	827.0	12754.3	-1.314
TTGGG	1229.0	19016.4	-1.304
CTGCG	122.0	1996.4	-1.290
TAGCT	1053.0	16291.1	-1.282
AAGAC	918.0	14368.3	-1.279
GTGCG	117.0	1731.4	-1.279
AAACA	2385.0	37272.5	-1.275
CGGCA	94.0	1389.8	-1.267
ATCAG	965.0	15129.1	-1.264
ACTTA	1425.0	22107.8	-1.262
CCAAT	803.0	12394.9	-1.260
CGGTC	53.0	976.6	-1.246
ACGTT	313.0	4775.9	-1.245
TCAGA	1278.0	19818.2	-1.232
GAGGC	570.0	8778.6	-1.229
AGGTG	866.0	13772.3	-1.223
CGCGG	60.0	868.7	-1.216
TGATA	1568.0	24380.9	-1.213
TAATC	1127.0	17468.2	-1.212
TAAGT	1632.0	25375.5	-1.200
CGGAT	96.0	1434.1	-1.194
CTGTG	1328.0	20642.0	-1.178
AATCT	1586.0	24675.1	-1.174
CTCCA	829.0	12828.2	-1.171
TGCTG	1315.0	20449.8	-1.164
GATAC	636.0	9829.1	-1.162
AGAGC	619.0	9999.1	-1.161
TGTAG	1267.0	19697.4	-1.159
GGTTA	801.0	13180.7	-1.159
CATAA	1423.0	22145.9	-1.156
GAATA	1559.0	24277.0	-1.140
GGGTT	945.0	14670.0	-1.128
CAGAG	993.0	16298.8	-1.127
GAAGA	1367.0	21393.2	-1.123
CTGCA	965.0	16006.0	-1.119
CTTCA	1289.0	20057.0	-1.117
CAACA	982.0	15605.4	-1.111
TTACG	175.0	3120.1	-1.099
GCCCA	543.0	10063.0	-1.099
CCTTA	924.0	14350.8	-1.093
GGATA	843.0	13080.1	-1.091
CGTCC	89.0	1334.8	-1.085
CATCC	588.0	9110.0	-1.071
GAGCT	650.0	10074.3	-1.071
TAATG	1800.0	28107.7	-1.059
TCACG	169.0	2576.7	-1.055
AAAGT	2224.0	35231.8	-1.048
AAGTT	2117.0	33583.0	-1.048
TAAAG	1858.0	29016.7	-1.046
GCTAG	463.0	7160.6	-1.031
GGGGT	576.0	8937.0	-1.018
ACTCA	872.0	13710.9	-1.017
TAGTC	643.0	9989.2	-1.015
CTCCC	704.0	11926.1	-1.015
TAGGA	1012.0	15778.0	-1.007
TGCCC	625.0	10251.0	-1.005
TCAAC	726.0	11292.1	-1.000
CGTTG	176.0	2701.3	-0.992
AGCAT	1182.0	18454.7	-0.989
GACCT	538.0	8643.9	-0.987
TGAGG	1007.0	16144.3	-0.984
GCATA	866.0	13498.5	-0.978
AGGAG	904.0	15279.5	-0.976
ACGTC	114.0	1729.2	-0.975
CCGGC	121.0	1840.5	-0.974
AAAAC	2181.0	34150.0	-0.969
CTTAG	929.0	14484.1	-0.968
GATAG	709.0	11040.8	-0.964
TGAGT	1320.0	20627.0	-0.956
AAGTC	862.0	13723.1	-0.955
CGGAG	130.0	2472.7	-0.949
CTTGT	1393.0	22048.2	-0.948
AGGCA	893.0	14200.4	-0.946
GACAG	782.0	12620.5	-0.940
GTAGA	953.0	15027.0	-0.938
TGCTT	1929.0	31074.1	-0.936
CAACT	860.0	13437.8	-0.914
CTACA	812.0	12689.4	-0.910
GTTCC	638.0	9964.1	-0.906
ATGCG	100.0	1642.1	-0.905
ATGGG	771.0	12835.0	-0.895
CCCAT	809.0	12643.5	-0.890
CTTGG	981.0	15351.8	-0.884
TAAGA	1535.0	24067.5	-0.882
AAACG	242.0	3921.6	-0.882
GTGGC	622.0	9711.9	-0.878
CCACT	790.0	12362.0	-0.872
GCGCG	68.0	1033.7	-0.870
GTGCC	502.0	7835.2	-0.868
GCTGG	700.0	14445.1	-0.862
GCAAC	464.0	8033.0	-0.857
CAGAT	1162.0	18220.0	-0.856
CGGCT	110.0	2202.1	-0.854
TTCTG	2188.0	36861.9	-0.852
TGAAT	2245.0	35487.3	-0.852
CAATG	961.0	15417.6	-0.847
AGCAA	1112.0	18411.9	-0.840
CCATA	807.0	12637.3	-0.831
GTGCA	773.0	13635.8	-0.831
AACGA	164.0	2567.3	-0.826
ACCAT	980.0	16045.8	-0.825
TGTTC	1339.0	22049.9	-0.822
CCTCT	920.0	14433.7	-0.817
TGGTG	1069.0	18048.6	-0.817
CATTC	1190.0	18676.2	-0.814
TAGGC	495.0	7757.6	-0.803
GATCA	689.0	11097.2	-0.802
CATAG	817.0	13126.0	-0.799
GTCAT	970.0	15231.8	-0.798
AGCTT	1240.0	19481.6	-0.788
AGACT	990.0	15566.1	-0.773
ACGGG	106.0	1689.3	-0.770
GGCCT	555.0	8708.4	-0.767
CAGAA	1529.0	24159.0	-0.766
GCTCC	368.0	5765.7	-0.755
CCTGC	619.0	9733.6	-0.753
CGGGA	129.0	2014.1	-0.734
TATAG	1364.0	21483.7	-0.731
ATGGT	1122.0	18640.2	-0.727
TGATC	843.0	13396.0	-0.725
CATGG	787.0	12552.7	-0.725
TACAA	1480.0	23313.6	-0.723
CTAGA	823.0	12956.3	-0.715
CACTC	528.0	9243.5	-0.712
TGTCA	1204.0	21094.4	-0.709
TATGA	1556.0	24534.8	-0.708
CGATC	106.0	1649.5	-0.708
TGGGA	1164.0	19266.9	-0.703
GAAAG	1437.0	23047.4	-0.702
ATGAA	2169.0	34206.6	-0.699
CACAA	1004.0	15864.7	-0.695
TCAAG	1020.0	16094.8	-0.688
TTGCT	1757.0	31421.8	-0.685
TGCAA	1187.0	19975.1	-0.682
GAGGT	761.0	12008.4	-0.680
GAAAC	1078.0	17087.8	-0.677
TGGTA	1128.0	18447.2	-0.674
TGTGC	978.0	15442.7	-0.669
CAAGT	1006.0	15924.1	-0.666
ATGAG	1158.0	18270.9	-0.665
TGGCC	621.0	9795.2	-0.663
AGGTC	507.0	8009.1	-0.661
TAGAG	995.0	15713.8	-0.660
GCTTT	1871.0	31306.7	-0.659
AGAAT	1978.0	31242.2	-0.658
GATTA	1310.0	20710.3	-0.636
CTAGC	413.0	6526.5	-0.633
CTTCC	1009.0	15951.3	-0.618
AGGAA	1671.0	26438.0	-0.601
ACAGA	1244.0	21645.5	-0.596
GCTCG	74.0	1172.8	-0.596
GGTAC	412.0	6527.6	-0.592
TGGCG	147.0	2340.9	-0.592
TACAG	1209.0	19504.3	-0.591
TTGTC	1170.0	21428.4	-0.589
GATTG	875.0	14525.4	-0.578
TGGAT	1251.0	19825.4	-0.570
GCACG	114.0	1858.0	-0.559
TACAC	698.0	12081.4	-0.556
TCGCA	84.0	1342.1	-0.556
GCCTA	473.0	7946.5	-0.550
AGGTA	974.0	15454.4	-0.546
GTGCT	828.0	13155.9	-0.546
AGTTA	1477.0	23927.0	-0.541
ATTGA	1750.0	27759.1	-0.540
CATGA	1106.0	17687.8	-0.539
TCGAA	142.0	2279.6	-0.535
GGTTG	748.0	12256.5	-0.530
CATTG	1290.0	20480.2	-0.530
CCGGA	83.0	1332.7	-0.528
GTGAG	822.0	13886.8	-0.519
GCCAC	483.0	8600.8	-0.513
AAAGG	1364.0	21834.8	-0.512
CTCAA	955.0	15849.8	-0.512
CCTTT	2124.0	33714.9	-0.510
AGAAG	1420.0	22939.6	-0.499
AATCA	1423.0	22625.6	-0.498
CGGGC	104.0	1681.3	-0.497
CGTAT	208.0	3340.9	-0.497
GTTAC	760.0	12111.4	-0.492
GGGAT	697.0	12304.1	-0.492
GTGTG	1376.0	25980.9	-0.491
GTCAC	548.0	8747.9	-0.489
AGTAT	1544.0	24554.6	-0.485
ACATG	1236.0	19662.2	-0.485
CGTGC	118.0	2104.3	-0.474
CATCA	926.0	14759.2	-0.471
CACGA	104.0	2136.9	-0.470
GTTAG	788.0	12571.0	-0.465
CACGG	83.0	1786.8	-0.457
GTAGT	902.0	14395.2	-0.457
TGCTA	1022.0	16290.0	-0.456
CAAGA	974.0	16008.5	-0.456
ATTCC	1071.0	17083.5	-0.453
AGTCC	477.0	7638.9	-0.446
GGAGA	907.0	14910.9	-0.442
GTTTC	1471.0	25838.4	-0.437
GGAAT	1123.0	18180.0	-0.434
TGAGC	749.0	12382.9	-0.433
ACATT	2394.0	38845.9	-0.426
GAATT	1984.0	32161.6	-0.426
TTTCC	2155.0	39452.6	-0.426
AGATT	1853.0	30171.2	-0.426
CAATA	1227.0	19586.3	-0.421
GCATG	742.0	12079.7	-0.415
GTTCT	1192.0	20655.7	-0.412
TCCTC	827.0	13244.0	-0.408
GTATG	1000.0	15991.5	-0.408
TCAGG	869.0	13920.6	-0.401
CCCAG	809.0	15854.7	-0.398
TTGGC	941.0	15071.2	-0.396
TCATC	900.0	14411.0	-0.396
TGGAG	1083.0	18587.9	-0.389
CACAC	777.0	12471.1	-0.388
TACTA	1089.0	17625.3	-0.385
TTAGG	1058.0	18204.9	-0.385
GATCG	91.0	1500.6	-0.383
GGAGT	751.0	14296.3	-0.381
ATTAC	1210.0	21611.7	-0.380
CGCAT	94.0	1551.7	-0.375
AGAGT	1050.0	17953.0	-0.372
TTAGC	932.0	14946.5	-0.369
CTCCG	139.0	2281.6	-0.366
GTCTT	1267.0	23556.8	-0.365
TATCC	761.0	12233.5	-0.363
GCGTG	183.0	2979.8	-0.363
GCTTG	696.0	11198.9	-0.359
GTTGA	1150.0	18502.9	-0.353
GCACA	663.0	10705.4	-0.342
TGCGA	98.0	1763.9	-0.337
CGATT	181.0	2976.3	-0.333
GGTGC	383.0	6606.8	-0.331
AACTT	1891.0	30761.9	-0.329
CGCAC	72.0	1205.3	-0.321
TGGGC	528.0	9460.7	-0.319
CAGGT	820.0	13687.1	-0.318
TGAGA	1559.0	27244.0	-0.309
GCAAT	804.0	13751.2	-0.304
GAATC	676.0	11251.9	-0.298
TCCGG	86.0	1446.0	-0.295
ATACG	172.0	2845.6	-0.292
ACAGG	788.0	13869.7	-0.288
CGCGA	28.0	480.2	-0.288
AAGAG	1226.0	19980.8	-0.286
TATCG	117.0	1948.5	-0.284
AATTC	1591.0	25563.7	-0.283
CTACT	838.0	13645.3	-0.282
TCCCT	969.0	15633.9	-0.281
TTCCC	1123.0	18103.1	-0.273
AGGCG	159.0	2715.6	-0.271
CTTGA	1205.0	19413.7	-0.270
AGCCT	866.0	14002.6	-0.268
CTGGA	945.0	17225.5	-0.265
ATAAG	1248.0	20124.8	-0.263
TCCAC	613.0	9958.2	-0.259
TCTAA	1410.0	22760.5	-0.255
GCGCT	79.0	1357.5	-0.253
ACTAT	1174.0	18942.8	-0.253
AGACA	1086.0	19143.5	-0.252
ATCCT	969.0	15671.2	-0.252
ATGTG	1656.0	26651.7	-0.251
TCATG	1161.0	19022.2	-0.251
GACTT	1023.0	17545.6	-0.250
CAGGC	594.0	12541.7	-0.249
CAATC	563.0	9254.2	-0.248
TACGT	218.0	4186.6	-0.248
ACATA	1635.0	26334.2	-0.247
TAGAA	1833.0	29477.9	-0.246
ACAAT	1408.0	22949.1	-0.242
AACAA	1781.0	29414.8	-0.239
CCACG	126.0	2368.9	-0.237
ATCAT	1385.0	23135.0	-0.232
GACAC	416.0	7558.4	-0.228
AGCTC	588.0	9597.6	-0.228
TCTCC	931.0	15095.4	-0.228
GCGTC	70.0	1204.1	-0.227
GGCAT	678.0	11504.7	-0.226
GATCC	367.0	6517.8	-0.223
CTAGG	563.0	9193.5	-0.222
TCAAA	1823.0	30474.3	-0.216
TCTGT	1985.0	33926.7	-0.215
ATTCA	1774.0	28890.2	-0.213
TCGAG	111.0	1882.5	-0.212
AGACG	177.0	3103.2	-0.212
TCACT	1175.0	20568.4	-0.211
ATAGT	1372.0	22805.8	-0.210
TCGGC	106.0	1953.1	-0.209
ACACG	123.0	2496.6	-0.201
CTGGG	834.0	16058.8	-0.198
GGGCT	483.0	7948.1	-0.194
GGTGT	811.0	13224.4	-0.194
TTCAC	1115.0	19269.9	-0.194
TCCAA	996.0	16201.3	-0.194
GTCGC	78.0	1353.8	-0.193
GGGAC	375.0	6214.7	-0.192
GGTCC	256.0	4282.7	-0.187
TGTCT	1512.0	27081.1	-0.186
TGTGG	1161.0	19607.2	-0.185
CACAT	1135.0	19524.8	-0.185
CCTAG	532.0	8865.2	-0.182
TAGTA	1212.0	20647.1	-0.182
ATACA	1640.0	27358.8	-0.179
ATCTC	946.0	15421.7	-0.179
CCATC	610.0	10055.3	-0.178
GCACT	586.0	9625.6	-0.177
GGATT	1189.0	19976.4	-0.174
CGCTT	110.0	2300.6	-0.168
GTATC	648.0	10638.0	-0.164
GATCT	784.0	12845.8	-0.163
GGCTA	470.0	8497.4	-0.153
TATAC	1225.0	20424.4	-0.148
TATGC	837.0	13715.6	-0.147
CTAGT	719.0	11822.3	-0.144
CTCAC	680.0	11580.9	-0.141
ACTTC	957.0	15674.6	-0.137
CTCAT	1056.0	17265.1	-0.136
AGGCT	819.0	14987.1	-0.136
GCCTG	715.0	11857.4	-0.135
TGCGC	76.0	1351.1	-0.135
ATTAG	1306.0	21543.7	-0.127
ATATG	1631.0	29617.8	-0.125
AGATC	638.0	10571.3	-0.125
TTGAG	1548.0	28105.6	-0.122
CGCGC	48.0	889.0	-0.121
TCTTG	1437.0	25871.6	-0.120
AGGTT	1221.0	20535.3	-0.119
CGCTC	99.0	1755.3	-0.118
ATCAA	1116.0	19070.8	-0.114
ACACA	1289.0	21279.3	-0.114
CATGT	1439.0	23501.1	-0.114
CCAGG	711.0	14244.6	-0.112
GTATA	1409.0	23502.1	-0.110
GTTCA	979.0	17132.5	-0.110
GAGAG	834.0	14104.0	-0.109
AGATA	1414.0	23676.2	-0.108
ATCTA	1023.0	17548.8	-0.106
TTCCG	139.0	2433.5	-0.106
TCTGC	904.0	14888.5	-0.105
TGGGT	977.0	16292.5	-0.104
CTCAG	917.0	15106.6	-0.102
TGTCC	682.0	11303.3	-0.101
GAGTT	1085.0	20457.5	-0.100
CTTCT	1501.0	26875.6	-0.099
TTGCG	123.0	2168.9	-0.097
CAGGA	899.0	15048.9	-0.097
GGCGC	94.0	1854.3	-0.095
CTCCT	945.0	15970.6	-0.094
TCATA	1356.0	22467.4	-0.092
GCGAT	115.0	2094.7	-0.086
TTACA	1903.0	32352.3	-0.085
GGCGT	134.0	2370.5	-0.085
GAGAT	1061.0	18617.5	-0.084
GATAT	1255.0	21877.3	-0.083
ATTGC	1002.0	16983.1	-0.073
TATCA	1252.0	21095.7	-0.073
ATCCA	843.0	14480.8	-0.073
GCTCA	609.0	10972.4	-0.071
GGTTC	526.0	8852.0	-0.071
TCCTT	1802.0	29902.0	-0.070
CTATC	553.0	9293.5	-0.068
TGTCG	125.0	2238.8	-0.067
CATTA	1472.0	24515.8	-0.065
TCACA	1028.0	17615.6	-0.064
TGCCT	1075.0	19367.6	-0.060
ATGTC	901.0	16221.5	-0.060
CTGTC	793.0	13231.5	-0.060
TCCCG	121.0	2393.4	-0.057
CGAGA	109.0	2357.3	-0.056
TCTTC	1401.0	25269.2	-0.055
CACGC	111.0	2016.3	-0.054
CCTCG	124.0	2250.9	-0.054
GTCCA	451.0	7669.5	-0.053
TACAT	1910.0	31572.0	-0.053
GGCAC	378.0	6486.6	-0.053
TCAAT	1189.0	20981.3	-0.052
CTTTC	1603.0	30437.3	-0.050
TTAGA	1582.0	27490.3	-0.047
CATCT	1124.0	18681.0	-0.047
TCCCA	956.0	17078.2	-0.046
TTGCA	1465.0	24226.4	-0.046
TCTGG	968.0	16160.6	-0.043
GCATC	463.0	7906.6	-0.042
ATATC	1110.0	18493.8	-0.042
GCATT	1247.0	21449.0	-0.039
TGGCT	1078.0	17972.2	-0.039
TAGAT	1351.0	22592.4	-0.038
GAGAC	582.0	12758.5	-0.037
TCGCG	19.0	439.4	-0.036
TGCTC	656.0	11591.5	-0.035
TTCCT	2100.0	34595.7	-0.034
GATTC	740.0	13106.1	-0.034
CAATT	1440.0	25832.6	-0.033
GGTAT	843.0	14481.5	-0.032
TCCTA	848.0	14285.7	-0.032
GTGTC	643.0	10928.0	-0.031
CACAG	846.0	14272.3	-0.030
AGAGA	1456.0	24514.8	-0.030
CACTT	1177.0	20947.9	-0.029
TGCAT	1365.0	23425.0	-0.025
TAGGT	915.0	15923.5	-0.022
AGTTC	922.0	16459.7	-0.022
TCCTG	1097.0	18783.1	-0.022
GCCTC	546.0	11135.0	-0.022
CCTAT	720.0	12277.0	-0.020
GTTGC	654.0	11698.2	-0.019
TCCAG	899.0	15242.3	-0.017
TTCCA	1506.0	27315.0	-0.017
GTCCT	568.0	10009.9	-0.017
ACTCT	932.0	15935.1	-0.016
CCGGG	131.0	2469.5	-0.016
CCATT	1378.0	24941.6	-0.014
CATAT	1679.0	28472.6	-0.014
CTCTG	1101.0	19565.7	-0.014
CTCTT	1534.0	26021.0	-0.014
TCTCA	1258.0	21906.2	-0.014
GGATC	350.0	6331.3	-0.012
TTCTC	1608.0	28420.4	-0.011
GGGTC	295.0	5691.9	-0.011
GTCTA	580.0	10344.4	-0.009
CTGGC	555.0	9675.6	-0.009
CTCTA	762.0	13126.1	-0.009
CTCGG	133.0	2571.9	-0.007
AGTCT	1006.0	18307.3	-0.006
CTATG	806.0	13924.2	-0.006
CTCTC	731.0	12696.2	-0.005
CTTGC	711.0	12393.6	-0.004
CCTGG	773.0	13428.7	-0.004
CTCGA	81.0	1780.2	-0.004
GGTCT	606.0	10690.5	-0.003
TCTAG	839.0	14582.4	-0.003
CTATA	1033.0	17933.3	-0.002
GCTAT	748.0	13574.9	-0.002
TTGCC	934.0	16588.1	-0.001
GGCTC	423.0	7687.8	-0.001
GCTCT	714.0	12623.8	-0.001
GAGTC	470.0	8972.4	-0.001
TCTCT	1566.0	28440.0	-0.001
TCGCT	128.0	2635.7	-0.001
TCCAT	1126.0	20830.7	-0.001
CCCGG	130.0	2683.9	-0.001
CTCGC	80.0	1822.7	-0.000
TCTCG	155.0	3528.5	-0.000
GTCTC	632.0	12482.5	-0.000
