OligoSequence	Target Occurences	Background Occurences	Enrichment(ln p, up to 2 mismatches)
GCATG	2737.0	23068.2	-888.146
TGCAT	2510.0	31601.2	-413.606
AAAAA	6804.0	123324.8	-171.846
CATGT	1828.0	30416.5	-153.894
GCACG	174.0	3917.9	-117.463
TTTTT	9210.0	178384.5	-106.584
GAGAG	1696.0	30783.9	-103.637
ATGCA	1513.0	27654.5	-92.792
AGAGA	2093.0	41912.4	-73.788
TTGCA	1235.0	22969.7	-73.576
CATGC	1069.0	19580.3	-70.431
CGCAT	160.0	2889.2	-70.023
CATGA	1125.0	21226.0	-64.171
GTGCA	1028.0	19833.6	-53.442
AGCAT	1167.0	23042.6	-52.406
CATGG	974.0	19831.0	-38.549
GGGGG	816.0	16512.8	-34.578
CGTGC	158.0	4435.4	-31.574
GCGTG	173.0	5964.4	-29.489
GCCTG	875.0	19603.7	-29.182
GCATC	394.0	12298.3	-28.269
CCCCC	586.0	11814.3	-26.959
TGTGC	1169.0	26080.1	-23.706
CCTGC	822.0	17667.3	-23.705
TCGCT	187.0	3072.7	-23.181
GCTTG	779.0	16730.1	-22.994
TGTAA	1308.0	29728.4	-21.777
GGATG	619.0	17912.6	-20.195
AACGA	202.0	3536.6	-19.897
GGCAT	617.0	15694.0	-19.217
ATGTA	1591.0	37183.5	-19.126
ATGTT	1475.0	34320.7	-19.061
GCAGG	559.0	18030.6	-19.020
ACGAT	153.0	2538.7	-18.910
GCAAG	541.0	15341.4	-18.142
GAACG	185.0	3255.7	-18.085
CGCTT	173.0	3054.4	-17.007
ATGCG	154.0	3179.9	-16.478
CGCAA	119.0	1918.6	-16.356
TGTAC	740.0	16577.7	-16.135
CCCCT	577.0	12618.3	-15.915
TGCAC	707.0	16244.9	-15.762
GGGAG	904.0	20723.4	-15.419
CCATG	624.0	19507.0	-15.327
CAAGT	641.0	17025.4	-15.304
TTATT	1995.0	57572.3	-15.304
TATTT	2537.0	69276.4	-15.304
ATTTT	2984.0	80241.6	-15.304
TTTTA	2861.0	76778.7	-15.304
TTTAA	2361.0	61719.0	-15.304
TTAAA	2139.0	58956.7	-15.304
TAAAA	2148.0	63345.0	-15.304
AAAAT	2259.0	67296.5	-15.304
TACAT	905.0	28854.6	-15.304
ATAAA	1677.0	51284.2	-15.304
AAAAG	1535.0	46241.8	-15.304
AAAGA	1658.0	51512.0	-15.304
AATGG	818.0	22086.6	-15.304
TGGCA	740.0	19444.8	-15.304
GCATT	717.0	21416.8	-15.304
CATTT	1572.0	44763.7	-15.304
TTTTG	2311.0	66686.7	-15.304
TTTGT	2211.0	68672.4	-15.304
TTGTT	1793.0	62357.4	-15.304
TGTTT	2448.0	73737.5	-15.304
GTTTT	2015.0	61808.6	-15.304
AATAT	1323.0	39028.4	-15.304
ATATT	1452.0	41828.0	-15.304
ATTTA	1524.0	47497.9	-15.304
AAATA	1945.0	56891.1	-15.304
AATAA	1567.0	46319.4	-15.304
ATGGT	746.0	20121.0	-15.304
GGTAG	445.0	11543.4	-15.304
GTAGC	421.0	11249.8	-15.304
TTAAT	1356.0	36793.8	-15.304
TAATT	1265.0	35856.6	-15.304
AATTT	1621.0	49908.9	-15.304
TTTCT	2047.0	62097.3	-15.304
TTTTC	1863.0	52139.1	-15.304
TTTCA	1242.0	37464.8	-15.304
GTATG	1021.0	26452.7	-15.304
TATGT	1532.0	44805.0	-15.304
ACAAA	1257.0	39040.0	-15.304
TTTAT	2222.0	64354.3	-15.304
TGAAT	1108.0	29867.0	-15.304
TTTGA	1341.0	40420.1	-15.304
TGTGT	3081.0	101229.9	-15.304
GTAAG	501.0	15116.6	-15.304
AGCCT	692.0	18365.1	-15.304
TATAT	1859.0	51749.6	-15.304
ATGCT	930.0	24070.5	-15.304
TAAAT	1547.0	44025.5	-15.304
ATTTG	1305.0	36501.7	-15.304
CGTAT	122.0	2934.7	-15.304
ATATA	1673.0	46394.0	-15.304
TATAA	1067.0	30901.4	-15.304
TTATA	1130.0	33273.2	-15.304
GATAG	494.0	13117.3	-15.304
ATAGC	481.0	13397.9	-15.304
AGCTT	737.0	20950.7	-15.304
CTTTT	2027.0	53467.1	-15.304
TGCCC	461.0	13944.9	-15.304
TTCTT	1670.0	52411.4	-15.304
AAATT	1580.0	46328.2	-15.304
TCTTT	1760.0	52978.6	-15.304
TGAAA	1461.0	40354.6	-15.304
GAAAG	1201.0	34269.1	-15.304
TCCAT	688.0	20514.6	-15.304
CTTGC	669.0	16418.7	-15.304
TGGAT	721.0	22176.5	-15.304
AAGAA	1747.0	52106.2	-15.304
AGAAA	2018.0	60846.9	-15.304
GAAAA	1721.0	49144.0	-15.304
AAAAC	1339.0	38647.1	-15.304
AAACA	1455.0	43963.6	-15.304
TCATG	746.0	21991.3	-15.304
ACGGT	102.0	2798.0	-15.304
CCCAC	446.0	12640.3	-15.304
GGGCA	487.0	14447.9	-15.304
CCTGA	551.0	18370.5	-15.304
TGCAG	783.0	23902.9	-15.304
GGAGA	827.0	22617.7	-15.304
TGTCC	572.0	16156.7	-15.304
CACGT	205.0	5070.2	-15.304
TGCGC	145.0	3768.9	-15.304
CACGC	183.0	4007.2	-15.304
ACGCA	157.0	3537.7	-15.304
CGTGA	161.0	3894.7	-15.304
ATGGA	870.0	24218.5	-15.304
GACTG	582.0	15236.4	-15.304
CAAAA	1266.0	39585.4	-15.304
ATGCC	544.0	15123.2	-15.304
AGGCA	764.0	22676.9	-15.304
TCCCT	653.0	18799.0	-15.304
CGCTA	63.0	1749.5	-15.304
GCATA	605.0	16439.0	-15.304
TGTCG	96.0	2806.8	-15.304
GTCGC	58.0	1886.3	-15.304
TCGCA	94.0	2252.0	-15.304
GTACT	447.0	12376.6	-15.304
TGAAC	633.0	17578.5	-15.304
TCGCC	77.0	2336.5	-15.304
CGCCC	128.0	3407.4	-15.304
CCGCA	93.0	2713.9	-15.304
AGAGC	597.0	18307.7	-15.304
AACGC	103.0	2612.6	-15.304
TGACG	125.0	2968.3	-15.304
CAAGC	438.0	12642.9	-15.304
TTGCG	88.0	2689.1	-15.304
ACCGA	88.0	2481.7	-15.304
TCTGC	794.0	21129.1	-15.304
TTGCC	542.0	15544.2	-15.304
CATAC	483.0	14516.8	-15.304
GATGT	736.0	19764.1	-15.304
TGCAA	720.0	20465.0	-15.304
TGTAG	875.0	23733.2	-15.304
AACAA	1140.0	34876.1	-15.304
CCCGC	99.0	3299.8	-15.304
CGCGT	31.0	1331.5	-15.304
GCGTA	64.0	1755.7	-15.304
CGTAA	104.0	2401.0	-15.304
AGAGG	895.0	24396.4	-15.304
GACAG	726.0	19487.8	-15.304
GCCCG	133.0	3550.1	-15.304
CCCGT	117.0	2943.1	-15.304
TAGAG	632.0	18349.1	-15.304
CGCAC	101.0	3073.0	-15.304
GCGAA	83.0	2048.2	-15.304
ATTGC	583.0	15564.4	-15.304
AACGT	147.0	4275.3	-15.304
CGTAC	68.0	1623.5	-15.304
GTACC	275.0	7606.5	-15.304
GATGC	486.0	13348.5	-15.304
CTGTC	708.0	19789.5	-15.304
TAGCG	66.0	1815.0	-15.304
AGCGA	114.0	2988.6	-15.304
ACATG	895.0	26438.0	-15.304
GAGAC	513.0	15763.1	-15.304
CGTGG	169.0	5209.7	-15.304
CGGAA	112.0	3398.5	-15.304
GGGCG	164.0	4442.4	-15.304
GGCGG	158.0	4767.3	-15.304
CGTTA	84.0	2533.7	-15.304
GTGCC	407.0	12126.8	-15.304
CCGCT	95.0	2900.0	-15.304
GCCTA	319.0	9342.8	-15.304
AGTGA	769.0	21851.0	-15.304
ACGTG	209.0	5688.3	-15.304
CGGCC	92.0	2976.8	-15.304
CCGCC	147.0	3796.2	-15.304
AACCG	97.0	2680.0	-15.304
CGGTG	124.0	3726.7	-15.304
GGACG	80.0	2898.5	-15.304
GATGG	632.0	18624.0	-15.304
GACGG	74.0	2511.5	-15.304
TACGC	61.0	1563.2	-15.304
ACGCT	112.0	2969.1	-15.304
TGCGT	180.0	5017.7	-15.304
CACGG	125.0	3759.4	-15.304
ACGGA	112.0	3055.5	-15.304
GGTGC	375.0	11230.0	-15.304
GAGCG	107.0	3503.6	-15.304
CCCCG	130.0	3856.5	-15.304
TACCG	79.0	1849.0	-15.304
CCGTA	83.0	1931.6	-15.304
GACGC	81.0	2292.7	-15.304
CGAGA	131.0	3962.2	-15.304
CGCGC	56.0	2607.3	-15.304
CGCCT	125.0	3697.7	-15.304
CCGTT	108.0	2962.2	-15.304
GCGAG	105.0	3315.0	-15.304
TCGCG	31.0	938.3	-15.304
ATGAC	667.0	14899.0	-15.164
AACGG	154.0	2737.7	-15.034
TTGTA	1219.0	28782.7	-14.357
GAATG	973.0	22626.2	-14.330
CTGCA	937.0	21755.1	-14.110
CGGTA	114.0	1964.6	-13.143
ATGTG	1701.0	41300.3	-12.884
TTTGC	1181.0	28117.3	-12.883
AATGC	855.0	19911.2	-12.849
CACAC	1258.0	30183.3	-12.354
CGATA	106.0	1831.7	-12.120
CTCTC	854.0	20081.5	-11.634
TGCCT	1110.0	26563.6	-11.626
CTCGC	145.0	2734.5	-11.193
TGTAT	1840.0	45358.9	-11.103
TATGC	733.0	17126.8	-11.005
AAGCG	159.0	3083.4	-10.966
CCGGT	124.0	2296.5	-10.614
ATGTC	726.0	17060.1	-10.449
GGAGG	923.0	22081.9	-10.361
ATGGC	665.0	15630.0	-9.821
GCGTT	160.0	3192.7	-9.699
TAACG	130.0	2502.8	-9.509
GAGGG	755.0	17958.2	-9.499
ACACA	1653.0	41280.1	-8.633
GTTGC	514.0	12006.0	-8.599
ACGCG	68.0	1175.0	-8.397
GTAAC	443.0	10264.9	-8.320
AATGT	1398.0	34810.8	-8.185
GTACG	104.0	1996.9	-8.073
CGTTC	141.0	2847.5	-7.989
GAAGC	664.0	15930.1	-7.927
AGTGC	639.0	15290.7	-7.835
CTGCC	807.0	19682.2	-7.534
GCGCA	159.0	3355.9	-7.253
CCTGT	864.0	21342.9	-6.720
TCGGC	116.0	2351.9	-6.718
CGGCA	132.0	2759.9	-6.569
CGAAA	156.0	3339.0	-6.562
CACGA	140.0	2962.0	-6.533
CTCCC	603.0	14657.8	-6.444
GCTAA	529.0	12784.9	-6.303
GGCCC	348.0	8135.3	-6.292
GTTCG	114.0	2361.8	-6.255
AGGGA	884.0	21974.6	-6.237
GTAAA	985.0	24630.1	-6.194
TAATG	943.0	23568.0	-6.096
AAGGA	1146.0	28880.5	-6.071
TAAGC	507.0	12269.0	-5.996
AACTG	832.0	20686.0	-5.971
CCTAC	356.0	8427.0	-5.873
GCCGG	153.0	3335.2	-5.785
GTGTA	1027.0	25884.4	-5.680
GTGAA	817.0	20393.3	-5.668
ACTGC	589.0	14448.3	-5.655
CCTCC	635.0	15657.4	-5.580
TTCGC	101.0	2094.6	-5.566
TTGTG	1285.0	32680.9	-5.552
TGCCG	149.0	3263.5	-5.466
GCTCG	132.0	2859.8	-5.416
TGCTT	1309.0	33398.7	-5.299
TCGTA	103.0	2165.3	-5.288
ATACC	433.0	10516.9	-5.185
AAACG	220.0	5062.1	-5.185
ACTGT	909.0	22945.6	-5.100
TGGCG	173.0	3901.3	-5.094
TAGTG	645.0	16025.4	-5.091
GATTG	582.0	14397.2	-5.050
ACGGG	133.0	2929.2	-4.952
TCACG	148.0	3302.9	-4.844
GTAGT	531.0	13116.0	-4.834
TCGTG	166.0	3748.4	-4.827
CCGTG	196.0	4518.2	-4.823
CCGAT	85.0	1767.2	-4.700
ACGAG	141.0	3145.0	-4.618
ATGAT	942.0	23970.3	-4.618
CTGTA	925.0	23527.9	-4.574
CAGTT	849.0	21572.9	-4.397
TGTGA	1183.0	30440.6	-4.285
TACTG	698.0	17625.6	-4.278
GATAC	386.0	9478.4	-4.189
TACAG	797.0	20278.2	-4.182
CCCTC	514.0	12849.0	-4.143
TATCG	81.0	1738.5	-4.137
GTATT	930.0	23845.7	-4.046
CGCTC	126.0	2844.8	-4.036
TAGCA	676.0	17159.7	-3.975
CCGTC	100.0	2210.8	-3.949
CCTTT	1149.0	29703.2	-3.937
AAGCA	1045.0	26969.7	-3.871
ATCGC	86.0	1863.3	-3.861
GGAAG	983.0	25313.8	-3.828
CCCTT	636.0	16137.4	-3.825
TTGGC	590.0	14933.0	-3.803
GGTGG	724.0	18470.2	-3.764
ACCGT	121.0	2749.0	-3.724
GCACT	527.0	13299.3	-3.702
TGAAG	1074.0	27805.7	-3.622
GTAAT	682.0	17403.6	-3.601
CCGAA	116.0	2636.6	-3.577
TACCA	529.0	13405.7	-3.541
CGAAG	139.0	3246.1	-3.532
GGGGA	700.0	17929.2	-3.493
GCCCC	369.0	9192.5	-3.475
TAAAC	755.0	19399.1	-3.470
TCCGT	141.0	3284.0	-3.449
TCCCC	523.0	13249.3	-3.433
GTATA	864.0	22331.7	-3.388
TCTCG	143.0	3347.2	-3.366
TAACT	725.0	18641.0	-3.344
AACTA	661.0	16930.1	-3.343
AAGTG	903.0	23367.2	-3.331
CACCC	427.0	10772.6	-3.330
ATTCG	122.0	2824.4	-3.322
CTTGT	891.0	23069.3	-3.284
GTACA	617.0	15787.9	-3.282
GGGAA	866.0	22408.5	-3.277
AAGCT	755.0	19488.2	-3.214
CGTGT	258.0	6377.6	-3.159
ACTAA	650.0	16702.7	-3.146
TACCT	569.0	14557.8	-3.139
TGACA	770.0	19926.2	-3.123
CTAGT	441.0	11192.8	-3.106
ATACT	690.0	17799.4	-3.098
ACACG	183.0	4422.2	-3.047
CTTAA	828.0	21515.9	-2.986
AGTAT	789.0	20487.3	-2.985
AATCG	107.0	2498.7	-2.981
TTCGT	166.0	4006.3	-2.921
AGCGT	136.0	3255.5	-2.883
GGCGC	138.0	3309.5	-2.881
CGCCG	72.0	1627.6	-2.880
ACGTT	180.0	4396.0	-2.878
TGTTA	984.0	25742.1	-2.869
GTTTA	938.0	24528.7	-2.843
CTAAG	552.0	14212.2	-2.832
TCTCT	1278.0	33649.2	-2.804
CAGTG	875.0	22859.7	-2.765
GCCGT	112.0	2661.8	-2.747
ATGGG	683.0	17738.3	-2.719
CTGTG	1214.0	32000.9	-2.712
TGACC	458.0	11769.7	-2.683
ACCGC	95.0	2221.9	-2.679
GTGGG	766.0	20004.1	-2.661
GAAGG	836.0	21870.9	-2.632
GCTTA	520.0	13440.8	-2.595
GTCGG	94.0	2205.9	-2.593
TGTCT	1208.0	31925.8	-2.559
TGGGG	823.0	21572.5	-2.520
CCGAC	79.0	1848.3	-2.515
CGATT	109.0	2615.1	-2.500
GTGGA	690.0	18026.7	-2.488
GCAGT	627.0	16355.8	-2.477
AGTGG	706.0	18465.4	-2.472
ATTGT	1035.0	27292.7	-2.465
GGGGT	498.0	12895.1	-2.448
TTGAC	530.0	13744.5	-2.441
GTGCT	781.0	20471.9	-2.440
TAACC	387.0	9939.1	-2.414
CTGTT	1050.0	27748.6	-2.375
GATCG	75.0	1764.4	-2.351
AGTAG	587.0	15313.2	-2.327
GTTCC	474.0	12293.9	-2.299
ACCCG	109.0	2645.8	-2.298
TGATG	911.0	24078.7	-2.276
ACGAA	138.0	3409.8	-2.262
GAAGT	759.0	19975.6	-2.252
GTGAT	644.0	16923.6	-2.199
TTAAG	909.0	24055.7	-2.179
GTTAA	692.0	18236.2	-2.146
AACCT	579.0	15197.9	-2.131
AGGCC	475.0	12395.2	-2.101
AAACT	1091.0	29037.9	-2.085
GCGCT	131.0	3251.3	-2.075
CCATA	510.0	13350.3	-2.053
GGAAA	1231.0	32828.0	-2.034
ACAGT	773.0	20459.7	-2.023
CTAAT	590.0	15537.9	-2.008
AGGGG	590.0	15562.4	-1.950
TGGAA	1161.0	31008.4	-1.935
CTTCG	129.0	3223.6	-1.930
CTCGT	118.0	2926.8	-1.910
ACGTA	132.0	3310.7	-1.905
CGTTG	127.0	3177.6	-1.882
AGTTG	720.0	19106.6	-1.866
CGACG	34.0	759.0	-1.858
TCCGA	96.0	2373.0	-1.819
AGCCG	135.0	3419.0	-1.777
CCCGA	124.0	3115.3	-1.777
AAGTT	1002.0	26798.0	-1.766
ACCCC	348.0	9098.7	-1.762
CCTTC	633.0	16794.2	-1.753
GTGTT	1071.0	28678.5	-1.750
GTATC	385.0	10132.9	-1.736
CTACC	330.0	8632.6	-1.727
CGATC	61.0	1476.1	-1.726
TCTGT	1342.0	36075.8	-1.720
CGTCC	93.0	2308.2	-1.716
ACTGA	775.0	20688.3	-1.713
AGACT	686.0	18315.4	-1.636
ATCGT	106.0	2677.2	-1.632
GGACA	568.0	15106.1	-1.604
TAGCT	642.0	17138.0	-1.594
CGTAG	89.0	2221.2	-1.594
TAGAC	447.0	11864.0	-1.553
CGGGG	176.0	4561.3	-1.552
GTTCA	621.0	16604.0	-1.544
GTAGA	634.0	16936.8	-1.538
TAAAG	1119.0	30187.9	-1.499
TGTTC	828.0	22243.0	-1.496
AGGAG	875.0	23523.7	-1.487
CGCGA	39.0	927.1	-1.473
GGAAT	722.0	19386.5	-1.471
ACAGA	1061.0	28606.4	-1.470
CGATG	111.0	2852.8	-1.445
GGCTT	659.0	17687.8	-1.439
ATAGA	845.0	22754.3	-1.413
CTCCG	133.0	3444.0	-1.410
GCCGA	93.0	2370.1	-1.383
AGCTA	581.0	15576.3	-1.381
TGGCC	536.0	14382.3	-1.376
AGTTA	745.0	20062.4	-1.370
GTGGC	508.0	14006.8	-1.366
TCGGA	102.0	2621.4	-1.363
AGGAT	695.0	18705.4	-1.362
TGGGC	455.0	14168.7	-1.358
ACCTT	628.0	16870.7	-1.355
ACCTC	415.0	11085.2	-1.351
CAGAG	1030.0	27868.9	-1.346
ACGAC	71.0	1859.3	-1.342
TTACC	425.0	11369.2	-1.341
ACTTG	725.0	19540.2	-1.331
GGTCG	75.0	1915.6	-1.330
TCCGC	75.0	2522.2	-1.330
AGGAA	1260.0	34149.9	-1.329
CCTCT	742.0	20809.1	-1.326
TTACG	99.0	2548.4	-1.318
GCCAA	452.0	12099.0	-1.313
AAAGC	871.0	23534.2	-1.312
TCACC	392.0	10488.7	-1.311
TTGAA	1246.0	34213.1	-1.311
ATCGA	93.0	2388.4	-1.294
TATAC	630.0	16976.3	-1.286
GACGT	106.0	2749.7	-1.285
CAATA	609.0	16417.8	-1.282
ACACT	623.0	17967.3	-1.271
ATGAA	1309.0	35556.0	-1.256
ACGGC	82.0	2251.4	-1.252
CAGCC	617.0	16642.2	-1.236
TGGCT	921.0	24960.3	-1.235
ACTAT	598.0	16154.7	-1.227
CGGGC	126.0	3296.4	-1.215
AGAGT	718.0	21077.0	-1.215
CTAGC	355.0	9526.2	-1.209
TTAGC	502.0	13547.0	-1.202
TCTTA	849.0	23008.2	-1.200
ATAAC	535.0	14446.0	-1.197
TAGGC	354.0	9502.8	-1.195
GACCG	81.0	2263.1	-1.190
ACCAA	599.0	16177.1	-1.187
TGGTA	633.0	17329.3	-1.186
GTTAC	397.0	10670.9	-1.185
GGTAA	469.0	13209.4	-1.179
GTCTC	530.0	14299.8	-1.172
TATTG	851.0	23101.2	-1.170
GTAGG	420.0	11488.0	-1.168
CGTTT	223.0	5942.9	-1.166
TTAAC	607.0	16424.2	-1.160
CAGGT	489.0	16390.3	-1.158
TAGAT	740.0	20065.3	-1.158
TCCTA	532.0	14378.6	-1.148
TAATC	474.0	12784.1	-1.144
GCTAG	395.0	10633.0	-1.135
TAAGT	765.0	20773.7	-1.133
CGTCT	121.0	3179.9	-1.127
TGACT	749.0	20541.7	-1.123
ATTGG	601.0	16289.5	-1.114
TTGGA	857.0	24260.2	-1.111
GCGGT	89.0	2562.3	-1.103
GTGGT	655.0	18611.6	-1.090
AGTGT	931.0	25371.2	-1.084
TGCTA	671.0	18245.6	-1.080
GAGTG	623.0	18644.3	-1.073
ACGCC	90.0	2807.1	-1.073
GGGTG	624.0	16949.2	-1.067
CGAGG	153.0	4076.4	-1.062
TTCAT	1159.0	32903.6	-1.061
TATAG	677.0	18396.9	-1.058
ATACG	97.0	2659.5	-1.052
CGACC	69.0	1807.4	-1.044
CTTGA	726.0	19769.9	-1.044
TACAC	539.0	15477.6	-1.044
AGTTT	1260.0	35304.8	-1.033
CACTA	427.0	11593.1	-1.023
GCGGG	165.0	4443.8	-1.022
TGAGA	888.0	28454.6	-1.022
GTGAC	419.0	12713.1	-1.015
AATTG	863.0	23549.5	-1.011
GGCCT	443.0	13832.6	-1.002
GAGGC	572.0	15582.4	-0.990
GCCTT	647.0	18551.2	-0.986
TGCTC	642.0	17506.1	-0.984
TACGG	77.0	2042.1	-0.984
ATCGG	73.0	1931.1	-0.981
TTCGA	129.0	3448.7	-0.978
AATAC	659.0	17994.8	-0.960
CCACT	525.0	14300.8	-0.960
AGATT	904.0	24713.4	-0.959
ATAGT	672.0	18334.6	-0.958
GGCGT	131.0	3511.4	-0.956
ATCCG	88.0	2330.1	-0.947
ACAGC	595.0	16242.3	-0.939
TCCTT	1000.0	27401.5	-0.926
GTCTA	417.0	11368.7	-0.925
CAGTA	587.0	16024.0	-0.922
CGGTT	103.0	2998.5	-0.920
TAGTA	588.0	16069.6	-0.905
CACTC	428.0	11946.3	-0.905
ATCAC	436.0	11882.1	-0.904
CCGGC	108.0	3136.0	-0.900
TCATC	510.0	13925.6	-0.895
GGGGC	395.0	10870.7	-0.892
GAAAC	744.0	20376.4	-0.886
GTTAT	659.0	18062.0	-0.873
AAGAG	959.0	28725.0	-0.872
ACCAT	555.0	16982.1	-0.861
TGGTG	847.0	23252.0	-0.860
TACGT	134.0	3634.1	-0.844
GGTTC	377.0	10299.5	-0.842
GAGAA	1051.0	30401.9	-0.832
CCTCA	566.0	15531.3	-0.830
TTCCC	660.0	18130.7	-0.830
GGCCA	489.0	13394.8	-0.827
GGTGA	473.0	14654.9	-0.826
TACCC	286.0	8323.3	-0.823
CGAAT	100.0	2703.7	-0.821
TCGTC	76.0	2055.1	-0.819
TGTCA	716.0	20793.5	-0.819
AGACA	909.0	27116.2	-0.816
TGATT	1017.0	27965.3	-0.815
TTCCG	121.0	3275.3	-0.810
CTGCG	155.0	4221.7	-0.810
ACCCT	469.0	13048.6	-0.808
ATTAT	1090.0	33529.1	-0.802
AAAGT	1147.0	31564.7	-0.802
CCCGG	160.0	4369.5	-0.801
TGGGA	876.0	25104.9	-0.787
GAGCA	634.0	18602.8	-0.784
ACCAC	460.0	12630.4	-0.777
ATACA	936.0	27969.3	-0.777
GCGTC	82.0	2210.0	-0.773
CCAAG	577.0	15873.8	-0.771
TAGCC	379.0	11598.5	-0.763
TGGAC	418.0	12067.4	-0.760
GTCTG	687.0	18942.3	-0.755
GATTA	577.0	15887.2	-0.755
ACACC	399.0	11516.4	-0.753
CTCAC	475.0	14415.1	-0.742
CTGCT	874.0	24695.3	-0.739
AAGTA	870.0	23982.3	-0.739
ACCTG	593.0	16335.6	-0.734
CATCC	387.0	12787.0	-0.733
GAGGA	823.0	22699.1	-0.733
CCCTA	314.0	9511.5	-0.732
AAGGG	623.0	18093.6	-0.728
CATCT	714.0	21033.7	-0.727
CATAT	938.0	26298.6	-0.721
CGGGT	114.0	3135.4	-0.720
TTTGG	1201.0	33178.5	-0.716
GGGAT	477.0	15286.7	-0.716
TACGA	73.0	2000.8	-0.714
ATGAG	749.0	21902.9	-0.710
TTCGG	112.0	3086.9	-0.697
GTCCA	356.0	10852.9	-0.694
GTCGT	83.0	2296.0	-0.691
GACAC	441.0	12272.6	-0.690
TAAGA	874.0	24143.5	-0.690
GGTCA	414.0	11430.9	-0.687
CTTAG	578.0	15979.6	-0.686
GCTCT	637.0	17618.8	-0.682
CCTTA	502.0	13891.0	-0.681
GCTTT	1065.0	29458.6	-0.678
AATAG	732.0	20257.9	-0.675
GATGA	690.0	19092.7	-0.669
AGGTA	513.0	16238.9	-0.663
GTTGA	586.0	16239.0	-0.655
TGTTG	1134.0	31394.9	-0.654
GAGAT	687.0	20024.4	-0.651
CATTG	706.0	20710.6	-0.650
GGTTG	489.0	14753.5	-0.646
AATGA	1094.0	32432.8	-0.642
GACTT	643.0	17828.0	-0.640
ACCTA	406.0	11248.8	-0.638
CCAGT	552.0	15306.7	-0.627
ACTAG	373.0	10652.1	-0.619
GCTGA	647.0	17955.7	-0.613
ACTTT	1182.0	33010.0	-0.612
GGAGT	502.0	14944.9	-0.611
TCGAG	124.0	3437.7	-0.611
GGCAG	714.0	19810.9	-0.607
CAATG	619.0	17188.9	-0.604
AGTCG	85.0	2487.7	-0.595
GTTAG	466.0	12965.2	-0.594
CACTG	738.0	21180.9	-0.594
GGCTA	406.0	11282.2	-0.594
CTAAC	336.0	9502.0	-0.592
CGGAT	86.0	2382.5	-0.588
AAACC	705.0	19598.1	-0.579
TCGGT	87.0	2913.8	-0.579
TCAGT	749.0	20816.5	-0.577
GACAT	595.0	16547.7	-0.576
CTTCC	697.0	19637.3	-0.573
GCCTC	534.0	14900.8	-0.571
GACGA	86.0	2435.6	-0.566
GACCC	292.0	8148.8	-0.563
GCTGT	787.0	22764.7	-0.560
TGATA	738.0	20522.0	-0.559
CTTGG	686.0	19847.3	-0.559
CGAGT	114.0	3200.2	-0.556
GCTGC	565.0	17089.1	-0.556
CATCG	98.0	2849.4	-0.556
GCGGA	84.0	2827.6	-0.556
TTTAC	776.0	23845.9	-0.549
TGCCA	583.0	18672.5	-0.546
TGCGG	119.0	3324.9	-0.537
GCGAT	70.0	1971.8	-0.536
CGGAC	63.0	1772.0	-0.536
CTACA	564.0	15731.3	-0.529
CATAG	537.0	15463.8	-0.529
CGACA	75.0	2117.4	-0.528
TTACA	796.0	25073.7	-0.528
GCCCT	456.0	13473.2	-0.524
CGCTG	163.0	4558.7	-0.522
CACCG	105.0	2956.9	-0.520
AGAAG	1160.0	32301.8	-0.519
AGGTG	585.0	18173.5	-0.511
AAGCC	522.0	14802.6	-0.507
CGTCG	26.0	812.8	-0.501
GTCCT	548.0	15337.3	-0.496
CCACC	472.0	13403.4	-0.491
CTATT	719.0	20091.5	-0.485
AAGGC	536.0	16708.6	-0.484
ATCTT	917.0	25614.5	-0.482
TAGGA	595.0	16658.8	-0.474
TGGAG	810.0	24582.1	-0.471
CTGAC	494.0	13859.2	-0.469
TAGAA	1010.0	28220.7	-0.469
GACCT	426.0	11962.7	-0.469
TGGGT	780.0	21832.2	-0.469
AACAC	616.0	17239.2	-0.466
CTCTT	912.0	25531.8	-0.461
AAATG	1625.0	45814.2	-0.459
ATTAA	1126.0	34685.3	-0.459
AGCGG	93.0	3117.5	-0.456
TGTGG	1018.0	28472.9	-0.454
GGGTA	343.0	10831.2	-0.453
GTCCC	288.0	9465.5	-0.449
AGTAC	398.0	11933.1	-0.446
ACTCC	374.0	10532.1	-0.446
CCCCA	536.0	15064.8	-0.445
CCACG	146.0	4132.1	-0.443
GTTGG	561.0	16400.5	-0.439
TAGTC	360.0	10132.5	-0.438
TTCCT	1153.0	32243.3	-0.436
AGGCG	110.0	4007.6	-0.434
AGATA	795.0	23576.0	-0.433
AGCGC	102.0	2910.3	-0.432
TAGTT	773.0	21673.8	-0.431
CTGGC	604.0	18118.8	-0.429
AGCAC	510.0	15550.5	-0.429
CCTAT	381.0	11592.3	-0.424
GGCAA	442.0	13833.0	-0.419
GTCGA	47.0	1635.1	-0.419
GTCAG	524.0	14733.8	-0.419
TCGAC	50.0	1438.6	-0.418
TGATC	428.0	12491.5	-0.416
CCTTG	626.0	18606.2	-0.411
CTGGT	611.0	17175.0	-0.410
CGACT	77.0	2229.5	-0.406
TCACT	612.0	18687.6	-0.404
TATTC	683.0	19200.8	-0.400
TCCTG	787.0	24500.1	-0.397
TATGG	540.0	17146.7	-0.395
CGGAG	125.0	4029.2	-0.395
TCTAA	638.0	18845.7	-0.389
ACTCG	101.0	2904.9	-0.388
ACCGG	57.0	2298.3	-0.386
TCCCG	127.0	3640.3	-0.383
ATCTG	696.0	20734.3	-0.379
GCCAG	572.0	16847.1	-0.379
CTGAA	903.0	25377.5	-0.376
ACGTC	67.0	2373.8	-0.372
AGTTC	627.0	17703.2	-0.370
TGCTG	1058.0	31010.4	-0.366
CCAAA	756.0	21313.0	-0.365
CACCT	470.0	13883.8	-0.361
TTTCC	1117.0	31400.2	-0.360
AGAAT	1006.0	29784.3	-0.357
GGTAT	455.0	13980.9	-0.356
TATGA	755.0	23591.4	-0.354
TATCA	618.0	17458.8	-0.352
GGATA	430.0	13189.7	-0.340
GGCTG	674.0	21126.8	-0.337
TATTA	1028.0	31726.6	-0.337
GTTTG	1178.0	34304.9	-0.337
CTTTA	1014.0	30122.4	-0.333
CAGAC	527.0	14947.2	-0.331
GAAAT	1192.0	33581.8	-0.330
GGAGC	460.0	13200.7	-0.326
TCGAA	115.0	3324.7	-0.324
CGGCT	117.0	3384.5	-0.324
CTTTC	966.0	28716.8	-0.323
GACTA	358.0	10194.7	-0.321
TTGGG	760.0	21498.5	-0.319
GGAAC	457.0	13418.7	-0.319
GACAA	562.0	15931.1	-0.316
GTCAT	526.0	14938.6	-0.314
TCTCC	615.0	17580.9	-0.314
CGGGA	131.0	4149.5	-0.309
TACTT	821.0	23912.0	-0.308
CCTGG	706.0	22437.8	-0.306
GAGCC	444.0	12632.1	-0.306
ACTAC	310.0	9062.9	-0.305
ACCAG	538.0	15285.1	-0.304
CCCTG	685.0	19436.7	-0.302
ATATG	1100.0	31970.2	-0.301
TATCT	735.0	22063.5	-0.300
AACTT	899.0	25414.3	-0.298
GGCGA	80.0	2607.0	-0.297
GGGTT	595.0	16914.7	-0.290
GCACA	663.0	18830.7	-0.287
ACTCT	605.0	17193.3	-0.285
GGTTA	406.0	11603.4	-0.284
CACTT	687.0	19536.0	-0.280
CTAAA	775.0	22002.6	-0.278
GAACC	349.0	9999.0	-0.276
ATCCA	492.0	15755.9	-0.275
TCCTC	595.0	16943.2	-0.273
TCTAG	520.0	14837.3	-0.273
AGTAA	727.0	22080.3	-0.270
CTATA	556.0	15989.1	-0.268
TTGCT	1086.0	30897.6	-0.268
TTATG	947.0	27184.0	-0.267
AGACG	109.0	3358.3	-0.266
CTATC	356.0	10235.8	-0.264
CTTAC	434.0	12440.9	-0.261
AGCAG	743.0	23246.4	-0.259
GGTAC	235.0	7623.7	-0.259
ACAAG	633.0	18023.5	-0.259
TGGTC	442.0	12673.7	-0.257
GTGTG	2243.0	80353.7	-0.252
AAGGT	562.0	18103.5	-0.251
GTCTT	760.0	21631.2	-0.251
CCTAA	440.0	12925.7	-0.251
CCAAC	336.0	9690.0	-0.249
GGCAC	348.0	10007.0	-0.247
GCACC	304.0	8788.6	-0.245
CGGTC	62.0	1893.8	-0.244
GATTT	1094.0	31548.3	-0.242
GTGAG	701.0	20827.9	-0.240
ATAGG	443.0	12732.9	-0.240
TCTAT	667.0	21497.9	-0.239
CAAGG	554.0	15966.6	-0.238
TGCGA	86.0	2559.1	-0.236
AATCC	461.0	13228.4	-0.235
TAAGG	479.0	15211.5	-0.233
CTTAT	663.0	18950.4	-0.233
ATTAG	595.0	17019.4	-0.233
CTACT	445.0	13005.9	-0.230
CGTCA	86.0	2563.0	-0.230
GCGCC	105.0	3129.9	-0.229
TTTAG	974.0	28924.1	-0.229
AGGGC	424.0	13799.9	-0.228
GTCCG	62.0	2054.7	-0.228
AGGAC	476.0	14493.5	-0.227
GAACT	639.0	19458.4	-0.226
GAAGA	1089.0	30935.0	-0.225
TTCTG	1259.0	35699.7	-0.225
CAGGC	485.0	16168.3	-0.224
CATTC	544.0	17138.6	-0.223
GGCCG	105.0	3134.7	-0.223
GTTCT	764.0	21810.5	-0.220
CAGCA	800.0	22814.6	-0.220
GAATC	368.0	11551.5	-0.215
TACTA	482.0	13855.4	-0.214
TACTC	359.0	10380.5	-0.210
CTGAT	614.0	18007.7	-0.208
TTGTC	627.0	19051.9	-0.206
TTAGA	834.0	23831.3	-0.205
GTCAA	391.0	11793.5	-0.203
CCACA	557.0	17737.7	-0.198
CTTTG	1136.0	32904.9	-0.192
TAACA	681.0	19550.6	-0.192
TCTTG	846.0	24199.9	-0.191
ATAAT	1054.0	31678.9	-0.188
GGATC	306.0	8941.9	-0.186
CTCCT	660.0	19348.3	-0.184
CAACT	461.0	13328.7	-0.182
GATAA	605.0	18074.9	-0.182
CATTA	654.0	19744.6	-0.182
TTCCA	877.0	25220.1	-0.181
CAAGA	675.0	20029.7	-0.181
GCCGC	101.0	3053.3	-0.181
ATCAT	677.0	19998.3	-0.179
AACCC	423.0	12262.8	-0.179
ACTGG	576.0	16621.5	-0.179
GAATA	718.0	21118.6	-0.178
GATCA	398.0	11555.5	-0.178
TTTCG	142.0	4229.4	-0.177
AAAGG	1005.0	28709.8	-0.177
CAGGG	598.0	19239.9	-0.177
GCGAC	57.0	1769.6	-0.176
TCAAC	361.0	10505.2	-0.176
CTTCA	720.0	21381.2	-0.174
AGTCT	621.0	17907.7	-0.172
GGCTC	369.0	11636.0	-0.171
CTCTG	1007.0	29147.3	-0.170
TTCTA	815.0	25541.6	-0.170
AATTA	1037.0	32573.9	-0.170
ACATA	897.0	27847.9	-0.169
ACTCA	561.0	19337.2	-0.168
TCCGG	96.0	2917.1	-0.168
AAGAT	951.0	27252.9	-0.167
CACAG	768.0	23121.4	-0.166
GAGTC	377.0	10970.2	-0.166
CAGGA	749.0	22633.9	-0.165
TGAGC	581.0	17561.6	-0.163
ATAAG	661.0	19041.3	-0.161
GAGTA	453.0	13704.9	-0.161
GTTGT	806.0	23808.6	-0.160
GAGGT	511.0	14804.6	-0.157
AGGTT	543.0	17931.8	-0.157
GATAT	589.0	18406.0	-0.154
CTGGA	686.0	23420.1	-0.154
CATCA	536.0	16781.8	-0.153
TAATA	1006.0	29179.8	-0.152
GAGTT	732.0	22154.9	-0.152
CGAGC	90.0	2753.7	-0.152
AGATG	903.0	25956.8	-0.151
TCAGC	510.0	14992.9	-0.150
TGAGG	681.0	20544.8	-0.149
CGGCG	55.0	1835.9	-0.149
TATCC	371.0	11186.4	-0.148
ATCCT	552.0	16297.8	-0.147
ACCCA	507.0	14732.3	-0.147
TCAAG	566.0	16417.6	-0.143
GCGCG	48.0	2874.2	-0.143
CCCAT	482.0	14017.9	-0.141
ATTGA	778.0	22633.1	-0.141
AAGTC	521.0	15155.9	-0.138
GCTCA	482.0	14733.3	-0.135
TTCAA	859.0	25344.5	-0.135
TTACT	775.0	22601.0	-0.134
GCAAA	757.0	22319.4	-0.132
TCTTC	809.0	24986.0	-0.132
GCTAT	482.0	14049.1	-0.130
CAGTC	393.0	12534.6	-0.129
GAATT	874.0	26437.1	-0.128
GTCAC	361.0	10609.5	-0.128
CCGGG	146.0	4421.0	-0.126
AGCAA	729.0	23747.8	-0.125
ATCTA	496.0	16262.7	-0.124
AACCA	657.0	19072.7	-0.124
GCTAC	317.0	9386.8	-0.121
ATTCT	877.0	27748.0	-0.120
ATTTC	1018.0	31270.4	-0.119
AATCT	662.0	20725.9	-0.119
AGGCT	596.0	18877.7	-0.119
CTCTA	495.0	14482.0	-0.118
TTATC	571.0	16809.7	-0.117
GGTGT	611.0	17765.6	-0.116
TTAGT	721.0	21254.0	-0.115
AGCTG	777.0	22497.0	-0.113
CTCCA	589.0	17207.2	-0.113
TTCAC	510.0	15609.2	-0.113
CTAGA	515.0	15068.9	-0.112
AACAT	873.0	27000.4	-0.112
ACAAT	667.0	19382.0	-0.110
CCTCG	108.0	3772.1	-0.108
CATAA	691.0	21083.0	-0.106
CCTAG	390.0	11506.9	-0.105
ACTTA	637.0	18569.1	-0.104
CTATG	493.0	17004.7	-0.101
TCGTT	128.0	3945.3	-0.101
TCCAC	426.0	12563.0	-0.100
CCAGC	551.0	16498.9	-0.097
AGCCA	721.0	20987.1	-0.097
ACATT	1039.0	30019.7	-0.096
CGAAC	59.0	2152.7	-0.094
ATATC	497.0	15288.9	-0.092
AAGAC	634.0	18515.2	-0.092
TCTAC	404.0	12492.8	-0.092
CTTCT	919.0	28531.3	-0.091
TCAGA	847.0	24609.9	-0.091
GCAGA	675.0	21544.2	-0.090
CAGCG	116.0	3882.8	-0.089
TCTGA	837.0	25503.3	-0.089
GGATT	623.0	18509.0	-0.089
GCTTC	518.0	15486.0	-0.087
GTTTC	712.0	23156.5	-0.086
CAACG	71.0	2340.7	-0.086
TCGAT	77.0	2477.4	-0.085
CGCGG	56.0	1835.0	-0.084
TTGAT	898.0	26165.9	-0.083
TTGAG	749.0	24851.4	-0.081
GCTGG	668.0	21332.5	-0.081
CAAAC	634.0	19216.5	-0.080
GCGGC	92.0	3200.4	-0.079
ATTCA	803.0	23537.6	-0.077
TAGGG	380.0	11994.8	-0.075
CAATT	511.0	18710.1	-0.075
CGCCA	95.0	3336.9	-0.071
GATCT	477.0	14132.9	-0.070
GGGAC	351.0	10691.4	-0.069
AGGGT	459.0	15911.1	-0.069
TTCTC	867.0	26555.2	-0.068
CACAT	869.0	25374.3	-0.068
GCAAT	438.0	13392.8	-0.067
CACCA	561.0	16574.6	-0.067
GAACA	625.0	19454.3	-0.066
GATTC	403.0	12016.8	-0.064
GCTCC	362.0	10915.8	-0.062
AACAG	705.0	21323.3	-0.060
CAAAG	823.0	24639.3	-0.060
GTGTC	534.0	15829.4	-0.060
AGTCA	586.0	17334.9	-0.059
AACTC	521.0	17448.6	-0.059
GGTCT	442.0	13194.8	-0.058
TCATT	1036.0	30230.0	-0.058
CTACG	48.0	2020.1	-0.056
CCAGG	672.0	19797.4	-0.055
AGACC	410.0	12291.7	-0.055
ATTCC	522.0	15521.5	-0.055
ATTAC	492.0	14648.1	-0.054
CCGAG	119.0	4088.2	-0.054
GCAGC	504.0	14990.4	-0.053
CGCAG	126.0	3996.4	-0.052
AGAAC	644.0	19050.5	-0.052
ATCCC	346.0	11678.7	-0.050
GCCCA	395.0	12180.0	-0.048
CAGAT	644.0	20325.0	-0.047
GGACT	406.0	12443.2	-0.045
AGTCC	364.0	11037.9	-0.045
TCATA	633.0	19729.0	-0.044
TACAA	669.0	19990.0	-0.044
CAGCT	626.0	19462.9	-0.043
ACAGG	572.0	18941.9	-0.041
AGCTC	471.0	14132.2	-0.041
ACTTC	505.0	15555.4	-0.041
AGCCC	415.0	12905.0	-0.041
CAACC	312.0	9682.7	-0.039
CCATT	672.0	20684.7	-0.038
ATCTC	484.0	15310.8	-0.038
GACCA	398.0	12037.9	-0.037
CAAAT	920.0	27080.4	-0.036
CTCGG	124.0	3993.8	-0.036
TGGTT	938.0	27678.7	-0.036
GGGTC	296.0	9069.4	-0.035
TCACA	637.0	20062.9	-0.035
CTCAT	572.0	18013.2	-0.033
GGGCC	283.0	8732.9	-0.033
GAGCT	544.0	17106.1	-0.033
TTAGG	540.0	16280.7	-0.032
GACTC	333.0	10197.9	-0.031
TTCAG	849.0	25115.0	-0.030
TCAAA	889.0	27809.3	-0.030
AATCA	666.0	19865.3	-0.028
CCAAT	386.0	11872.6	-0.027
GGTTT	907.0	28824.8	-0.027
ATCAG	533.0	16056.5	-0.026
TCAAT	533.0	16688.1	-0.025
CCCAA	466.0	14476.1	-0.024
TCCAA	530.0	15989.7	-0.023
CAGAA	1018.0	31249.1	-0.023
AAATC	765.0	22956.2	-0.022
GGACC	256.0	8510.1	-0.021
TAGGT	432.0	14219.9	-0.021
TCGGG	100.0	3353.6	-0.021
CTGAG	801.0	25305.5	-0.021
CTCGA	96.0	3229.6	-0.020
TCCAG	666.0	19986.1	-0.019
GCCAC	372.0	11721.7	-0.019
AGGTC	361.0	11138.8	-0.018
CACAA	624.0	19320.5	-0.018
TTGGT	839.0	25060.6	-0.017
GCCAT	496.0	15750.2	-0.017
TCTGG	680.0	21805.4	-0.014
TCCCA	588.0	18254.2	-0.014
AATTC	706.0	21284.2	-0.014
TCTCA	694.0	21656.0	-0.013
TGAGT	848.0	26316.1	-0.013
GGGCT	474.0	14523.5	-0.013
CCATC	412.0	13729.9	-0.010
CCCAG	628.0	19083.8	-0.010
GTGCG	131.0	4598.6	-0.009
CTGGG	731.0	23453.7	-0.008
GATCC	260.0	8848.8	-0.008
ACAAC	439.0	13688.7	-0.007
CAATC	284.0	9043.3	-0.007
CAACA	567.0	17429.3	-0.007
GCAAC	276.0	8900.9	-0.006
CTCAG	731.0	22272.6	-0.006
CCGGA	86.0	3071.3	-0.005
GGTCC	228.0	8227.3	-0.005
CCAGA	627.0	19625.8	-0.004
CTCAA	527.0	16567.4	-0.004
CTAGG	362.0	11860.3	-0.003
AGATC	418.0	13435.2	-0.002
ATCAA	563.0	17715.1	-0.002
CCGCG	36.0	1712.7	-0.001
ACATC	415.0	13543.8	-0.000
TCAGG	526.0	17689.7	-0.000
