OligoSequence	Target Occurences	Background Occurences	Enrichment(ln p, up to 2 mismatches)
AAGTG	1492.0	25863.3	-78.493
TTTTT	15116.0	276085.5	-49.841
GATTA	1104.0	20151.6	-47.521
GCCTC	1426.0	27453.9	-42.088
CCCAA	955.0	17561.4	-40.567
TGATC	911.0	16669.2	-40.277
GTGCT	966.0	17882.0	-39.696
GGGAT	973.0	18243.5	-36.965
TTGGA	1215.0	23561.4	-35.493
GGATT	1227.0	23997.8	-33.630
CCAAA	1117.0	21639.3	-33.623
CTTTT	3407.0	72201.4	-32.157
TTTTG	3871.0	82747.3	-30.738
ACCGC	230.0	3494.0	-27.102
TCGTA	168.0	2347.7	-26.036
AAAGT	1473.0	30475.3	-24.807
TTTGG	1825.0	38360.2	-24.796
GCTTA	665.0	12650.3	-24.795
CTTAA	1022.0	20451.7	-24.777
TTGAC	752.0	14573.8	-24.525
TGCTG	1356.0	28129.9	-22.836
GTGAT	1071.0	21767.5	-22.785
GGCCT	857.0	17052.1	-22.498
CAAAG	1100.0	22461.3	-22.391
AGTCG	155.0	2268.3	-21.352
GGCGT	331.0	5808.6	-21.231
TGACC	675.0	13181.0	-21.196
TTAAG	1119.0	23047.4	-21.187
TCGGA	93.0	2537.6	-20.998
CCGAA	107.0	2752.6	-20.961
AGTGA	1152.0	23856.5	-20.762
TTGAA	1608.0	34204.0	-20.406
CTGAA	1103.0	22822.8	-20.278
TAAGT	959.0	19569.6	-20.266
TGAAG	1156.0	23987.7	-20.256
AATTG	1067.0	22023.6	-19.985
AACGA	178.0	2794.7	-19.295
GGCTT	873.0	17787.3	-19.209
CCACC	996.0	20540.5	-19.186
GCCAC	779.0	15799.2	-18.126
CGGCC	343.0	6266.7	-18.018
GCGAT	276.0	4869.4	-17.830
TTCGT	256.0	4497.0	-16.857
TGACT	905.0	18803.5	-16.662
GCGTA	81.0	1755.4	-16.571
TAACG	153.0	2419.6	-16.373
AAGCG	248.0	4755.4	-15.860
AGTGT	944.0	19805.7	-15.858
AAGGT	777.0	16052.5	-15.732
AGCTT	840.0	20600.5	-15.730
CAAAC	533.0	13994.6	-15.730
AACCT	696.0	17432.9	-15.730
TGCCG	151.0	3602.4	-15.730
GGGCT	621.0	14564.7	-15.730
CCGCC	419.0	8647.8	-15.730
CGCCT	380.0	8323.7	-15.730
TTTTC	2671.0	68881.5	-15.730
GTAGA	626.0	16121.0	-15.730
GATTG	591.0	14732.3	-15.730
GTTGA	696.0	16755.7	-15.730
TGATT	1284.0	32283.4	-15.730
TTAGG	702.0	16691.3	-15.730
TAGGG	401.0	10808.3	-15.730
TTAGC	573.0	14868.1	-15.730
AGCTG	951.0	22457.3	-15.730
TAACT	694.0	17099.4	-15.730
TGTTT	2168.0	64726.6	-15.730
TTTGT	2357.0	66873.9	-15.730
AAGTC	562.0	13959.8	-15.730
AAGGG	607.0	15277.2	-15.730
TAATT	1685.0	41077.6	-15.730
AGTGG	833.0	21775.9	-15.730
GATTT	1493.0	35578.8	-15.730
ATTTG	1331.0	38195.7	-15.730
TTGCG	126.0	3284.3	-15.730
GCGTT	135.0	3471.2	-15.730
TGCAG	992.0	25530.9	-15.730
GTTTT	2550.0	64846.3	-15.730
CGAAG	123.0	3051.3	-15.730
AAATT	1779.0	44271.7	-15.730
CTAAC	318.0	8350.3	-15.730
TAACC	379.0	9233.3	-15.730
CGGAC	87.0	1997.4	-15.730
CATTT	1899.0	48308.2	-15.730
ATTTA	1452.0	45371.6	-15.730
CAACC	421.0	11500.5	-15.730
ACCTA	384.0	10020.9	-15.730
TAGCC	399.0	10385.3	-15.730
CAGTG	908.0	24874.2	-15.730
ATTAT	1175.0	32132.5	-15.730
TTATA	1152.0	30088.5	-15.730
TAAAA	1714.0	46719.2	-15.730
AAAAA	2622.0	77397.0	-15.730
AAAAT	1919.0	52920.1	-15.730
GCCCT	479.0	12574.7	-15.730
CCCTA	370.0	8987.2	-15.730
TTCTT	1959.0	61726.7	-15.730
TTACC	521.0	12599.3	-15.730
CCACA	611.0	15386.2	-15.730
CCTAC	338.0	8162.3	-15.730
TTATT	1961.0	64088.6	-15.730
TCCGG	134.0	3329.0	-15.730
AATTT	2366.0	58657.0	-15.730
TTTAT	2140.0	66365.3	-15.730
TATTT	2637.0	77605.3	-15.730
TTGCC	820.0	20713.6	-15.730
CTTTA	1042.0	29835.4	-15.730
TAGGT	579.0	14453.0	-15.730
ATTTT	4416.0	101926.2	-15.730
TTTTA	3772.0	87468.3	-15.730
TTTAG	1232.0	34203.2	-15.730
TGACA	659.0	16811.0	-15.730
CTTTG	1259.0	34625.5	-15.730
CAACG	97.0	2221.7	-15.730
AACGT	165.0	4038.5	-15.730
ACGTT	188.0	4689.0	-15.730
TTCTG	1369.0	35648.4	-15.730
TGGGC	597.0	16488.2	-15.730
GGCAT	638.0	14341.5	-15.730
CAGCC	900.0	22168.5	-15.730
AGCCG	117.0	4400.2	-15.730
GCCGT	125.0	3147.8	-15.730
CCGTA	74.0	1993.8	-15.730
TGGTG	939.0	24760.5	-15.730
GCTTG	554.0	15117.7	-15.730
TTTCT	2444.0	73660.2	-15.730
ATAGC	402.0	10231.5	-15.730
GCCCC	450.0	10575.8	-15.730
TAGTC	381.0	9783.0	-15.730
ATGAC	482.0	11825.5	-15.730
GAGTT	675.0	20756.8	-15.730
AGTTT	1534.0	41555.8	-15.730
TGCGG	160.0	4079.3	-15.730
CTGAC	598.0	13816.4	-15.730
GACCA	371.0	10340.8	-15.730
ACGGT	85.0	2886.5	-15.730
CGGTC	77.0	2198.3	-15.730
AGCGT	129.0	3465.9	-15.730
AAAGC	736.0	17786.5	-15.730
TTGTT	1708.0	55466.6	-15.730
CCCCA	594.0	15797.5	-15.730
TTGGG	959.0	23287.5	-15.730
CCGAC	78.0	1991.8	-15.730
TTTGA	2020.0	47422.7	-15.730
CGCCC	324.0	8094.6	-15.730
GACCT	581.0	13032.7	-15.730
CGTCC	106.0	2931.9	-15.730
AACCG	91.0	2315.6	-15.730
ACCGT	106.0	3306.5	-15.730
CCTGA	849.0	20800.6	-15.730
ACTGC	732.0	18044.7	-15.730
GACCC	323.0	7826.7	-15.730
AGCGA	202.0	4550.0	-15.730
CGCTT	185.0	4188.6	-15.730
TTTCA	1557.0	44570.0	-15.730
GGTGA	682.0	17164.7	-15.730
GTGAA	800.0	20142.4	-15.730
GATTC	581.0	14797.7	-15.730
TTCGG	137.0	3435.5	-15.730
CCGTT	132.0	3441.0	-15.730
AGTAC	405.0	9686.8	-15.730
ATGTT	1274.0	31601.2	-15.730
GGTTA	432.0	11377.3	-15.730
TTGAG	1127.0	30271.2	-15.730
GGAGT	766.0	22670.7	-15.730
GATCG	92.0	2460.7	-15.730
GCATT	770.0	19261.5	-15.730
GTACG	72.0	1708.4	-15.730
TACGT	120.0	3727.8	-15.730
TTAGA	880.0	21570.3	-15.730
CTAAA	721.0	18820.2	-15.730
GCCTA	372.0	9622.2	-15.730
GCTGC	503.0	14789.2	-15.730
CGAGC	104.0	2762.1	-15.730
CTGGA	884.0	25665.6	-15.730
TGGAC	462.0	10943.5	-15.730
AAGCT	672.0	17920.8	-15.730
TCTTT	2126.0	64431.4	-15.730
CAAGT	753.0	17546.8	-15.730
AAGTT	1067.0	26154.0	-15.730
AACTG	763.0	17777.0	-15.730
TCGAC	95.0	1600.1	-15.730
CGACG	21.0	966.4	-15.730
CGACT	97.0	2203.3	-15.730
ATTTC	1184.0	34695.6	-15.730
CGCGT	58.0	1496.8	-15.730
TTACG	146.0	3134.6	-15.730
CGGTT	144.0	3318.9	-15.730
CCTAA	535.0	12454.0	-15.730
TGGTA	659.0	16591.9	-15.730
GGTAT	499.0	12015.9	-15.730
ATATT	1420.0	38330.7	-15.730
GTGGT	677.0	19346.5	-15.730
ACGCG	35.0	1327.6	-15.730
CGGGT	189.0	4689.8	-15.730
GCCAA	468.0	12208.6	-15.730
GTGCA	659.0	18424.6	-15.730
AGGTA	583.0	14332.2	-15.730
TGACG	133.0	2984.2	-15.730
CCAAG	557.0	15741.9	-15.730
GATAA	642.0	15975.7	-15.730
ATACG	95.0	2504.7	-15.730
CGATC	180.0	3823.3	-15.730
CGGAT	105.0	2455.8	-15.730
TGAAC	693.0	15918.0	-15.730
TAAGC	480.0	10746.5	-15.730
CATAG	392.0	11714.0	-15.730
GATCA	487.0	11767.2	-15.730
GGATC	321.0	8759.1	-15.730
CTAGG	413.0	11366.9	-15.730
CGTGC	182.0	4393.2	-15.730
GTAAC	322.0	8856.1	-15.730
CCCGA	143.0	4376.0	-15.730
ACGGC	86.0	2317.8	-15.730
GACCG	93.0	2261.1	-15.730
TACGG	99.0	2028.5	-15.730
GCCGC	166.0	4147.1	-15.730
AACGG	107.0	2618.7	-15.730
CGTAA	97.0	2588.7	-15.730
ACCGG	88.0	2250.4	-15.730
CCGAT	74.0	1850.9	-15.730
ACGTG	167.0	5181.3	-15.730
CGACC	124.0	2082.2	-15.730
ACGTA	96.0	3108.7	-15.730
CGAAT	106.0	2672.1	-15.730
GACGT	80.0	3006.7	-15.730
TACCG	113.0	1902.3	-15.730
GCGTC	112.0	2731.5	-15.730
GCGCT	147.0	3582.7	-15.730
CGTCG	56.0	1076.8	-15.730
CGTAC	60.0	1437.9	-15.730
TCCGA	115.0	2325.2	-15.730
GTCGG	105.0	2322.7	-15.730
TAGCG	76.0	2074.8	-15.730
GCGTG	361.0	6832.3	-15.458
AGCCA	952.0	20054.9	-15.371
CTCCC	1157.0	24843.4	-14.705
TTTAA	2689.0	60307.0	-14.620
AGTGC	920.0	19443.9	-14.593
CCTCC	1372.0	29893.9	-14.178
ATTAC	915.0	19396.6	-14.084
AGGCG	391.0	7603.6	-14.073
GACTT	838.0	17663.4	-13.989
CGATT	235.0	4260.1	-13.697
ACTAC	484.0	9700.3	-13.489
GCTTT	1414.0	31040.1	-13.305
TTACA	1256.0	27387.2	-13.153
GTTGG	799.0	16894.4	-13.033
ACGAC	106.0	1636.1	-13.025
TACAG	1035.0	22333.5	-12.937
TCAAG	888.0	18949.6	-12.859
GGACT	617.0	12840.0	-12.226
TTGGC	960.0	20715.4	-12.216
GGTCG	136.0	2289.6	-11.881
GATCC	496.0	10160.7	-11.848
GTCGA	104.0	1643.3	-11.840
GACTA	475.0	9741.5	-11.399
TTGGT	1160.0	25517.8	-11.279
TTTCG	280.0	5417.8	-10.945
CTTGG	996.0	21776.9	-10.903
GGAAT	824.0	17815.8	-10.800
CCCTT	839.0	18161.1	-10.670
GATGA	802.0	17308.4	-10.651
CCTCA	984.0	21562.1	-10.533
CGCAT	133.0	2294.1	-10.530
TCGAA	179.0	3281.3	-10.283
CGCGC	194.0	3612.6	-10.087
TGGAA	1163.0	25830.9	-10.044
TGAGC	857.0	18686.3	-10.031
TAGGC	456.0	9455.6	-10.029
CTTAG	661.0	14168.9	-9.982
TAGAC	429.0	8855.9	-9.844
TCTGA	1008.0	22274.9	-9.745
TTAAC	769.0	16711.8	-9.640
GTGAC	543.0	11505.7	-9.540
GCATA	505.0	10658.9	-9.459
CTTGA	984.0	21782.9	-9.371
CGTAG	133.0	2360.7	-9.348
CAGTC	545.0	11612.6	-9.157
ATCTG	818.0	17960.8	-9.063
CACCT	805.0	17696.2	-8.876
CGAAC	137.0	2478.2	-8.844
GTCGT	132.0	2371.3	-8.786
CGTGA	322.0	6576.2	-8.701
GGGTT	915.0	20309.6	-8.644
AGTTG	805.0	17744.3	-8.610
TGGCC	818.0	18090.4	-8.353
CTTAC	539.0	11596.3	-8.319
TGAAA	1542.0	35225.9	-8.177
CTGAT	818.0	18123.4	-8.177
ATCGG	106.0	1861.2	-8.169
GTAGC	549.0	11836.3	-8.164
CTAAG	552.0	11935.8	-8.052
TGGTC	679.0	14902.0	-8.040
CAGTT	1006.0	22594.5	-8.031
ACGCA	139.0	2580.0	-7.951
AGGTG	908.0	20312.1	-7.861
TCGGG	194.0	3786.0	-7.795
TTCGA	168.0	3206.2	-7.789
ACTTT	1641.0	37721.2	-7.720
CGCAA	134.0	2488.1	-7.645
TTAAA	2095.0	48574.2	-7.604
ATACC	428.0	9136.9	-7.587
TAAAG	1041.0	23501.9	-7.559
TACGA	109.0	1971.5	-7.393
CCCCC	496.0	10733.2	-7.389
CGGTA	103.0	1840.7	-7.383
TCGGC	277.0	5682.4	-7.332
CCTTA	622.0	13729.4	-7.110
ACCTG	745.0	16609.3	-7.108
CTCAA	792.0	17741.6	-7.082
GATAC	394.0	8397.7	-7.072
TGGGA	1304.0	29895.1	-7.009
TATAG	697.0	15508.7	-6.921
GGATA	539.0	11829.1	-6.818
TAAGA	850.0	19154.9	-6.816
AGTAT	785.0	17622.9	-6.786
GTGTT	1065.0	24299.8	-6.673
TAAAC	720.0	16113.0	-6.654
ACGAA	147.0	2838.9	-6.592
TGATG	985.0	22434.3	-6.516
CCCCT	626.0	13927.3	-6.484
AAGCA	872.0	19750.8	-6.481
ACCTT	783.0	17649.6	-6.376
GCCTT	848.0	19223.6	-6.235
AACCA	645.0	14435.1	-6.214
CAAGG	609.0	13596.6	-6.138
ACCTC	810.0	18376.0	-6.091
CGGCG	147.0	2884.6	-6.033
CCTTG	851.0	19365.0	-6.026
GTGTA	645.0	14478.2	-5.999
AAGAT	934.0	21361.3	-5.991
AAGGC	582.0	12979.8	-5.974
TAAGG	606.0	13550.8	-5.935
CAAGC	580.0	12932.8	-5.923
GTTAA	738.0	16702.4	-5.812
GGTCT	730.0	16527.6	-5.801
ATACT	701.0	15853.4	-5.788
ACAAG	603.0	13530.0	-5.753
AGCAG	798.0	18154.1	-5.736
TGCTT	1320.0	30688.3	-5.651
GACGA	122.0	2364.4	-5.610
GTCCT	579.0	12994.0	-5.609
ATCCG	138.0	2742.2	-5.510
AAAAC	1118.0	25872.0	-5.509
GCGCG	195.0	4024.9	-5.506
CCTCG	280.0	5973.8	-5.505
TCCCA	1127.0	26125.3	-5.444
AAGTA	900.0	20687.3	-5.430
TCCGT	181.0	3726.6	-5.366
CTGCC	983.0	22678.1	-5.333
TATCG	101.0	1932.2	-5.293
GCAGT	853.0	19575.6	-5.290
CTGGT	812.0	18596.9	-5.287
AAACT	1085.0	25153.7	-5.236
AAGCC	561.0	12626.0	-5.196
TCCTA	621.0	14097.2	-5.076
ACAGG	930.0	21478.6	-5.060
CGACA	107.0	2088.5	-5.043
CTCGG	329.0	7187.1	-5.032
GACAA	541.0	12186.5	-5.018
CAGTA	645.0	14702.8	-4.944
GTTAC	451.0	10087.2	-4.933
TGCGA	152.0	3109.7	-4.847
ATTGA	927.0	21476.1	-4.843
GCTGA	769.0	17679.1	-4.837
TCTTA	942.0	21863.0	-4.823
AAACC	661.0	15112.7	-4.803
GAAGT	826.0	19060.5	-4.785
GTAAG	557.0	12627.5	-4.784
GAGTA	586.0	13336.0	-4.772
CATAA	687.0	15742.5	-4.734
CTGGC	789.0	18192.0	-4.727
TAGCT	816.0	18845.0	-4.677
AACTT	1053.0	24571.8	-4.652
GCTGG	1344.0	31611.8	-4.625
TTAAT	1549.0	36614.4	-4.574
TGCCC	774.0	17873.5	-4.557
GAACT	706.0	16261.9	-4.539
CTACC	385.0	8580.4	-4.523
GTACT	459.0	10360.7	-4.494
GATCT	714.0	16488.9	-4.349
AAAGG	946.0	22103.3	-4.335
CAGGT	812.0	18849.5	-4.324
GTAGG	448.0	10123.3	-4.321
ACGAT	143.0	2981.1	-4.241
ACAGT	781.0	18150.1	-4.205
TGTAG	789.0	18333.2	-4.203
TACCT	627.0	14443.9	-4.202
GACTC	417.0	9418.6	-4.184
TAGTG	629.0	14490.4	-4.132
AACGC	107.0	2167.3	-4.110
TAATG	866.0	20218.6	-4.089
ATAAG	666.0	15408.7	-4.074
TTACT	1020.0	23968.1	-4.074
TTCCG	184.0	3952.7	-4.022
ACCAC	609.0	14060.2	-3.999
GTCCG	109.0	2231.9	-3.919
CCTTT	1464.0	34801.1	-3.911
GAATT	1078.0	25418.6	-3.904
GCTAA	592.0	13683.6	-3.900
TGTTA	1025.0	24162.7	-3.892
CTCAG	1039.0	24498.1	-3.872
GTTCA	775.0	18137.3	-3.728
TACTG	689.0	16067.0	-3.711
ATTGC	704.0	16425.6	-3.707
TACGC	82.0	1647.6	-3.685
GGTTT	1305.0	31048.6	-3.669
GAGCT	610.0	14180.2	-3.650
ATTCG	133.0	2808.5	-3.628
CCGGC	259.0	5768.6	-3.603
TACTT	1042.0	24664.4	-3.595
TCTGG	885.0	20856.3	-3.567
AGCCT	1008.0	23852.2	-3.561
CGAAA	142.0	3035.8	-3.546
TCAGT	850.0	20018.2	-3.534
GTTCG	121.0	2537.8	-3.482
TCGTG	201.0	4423.9	-3.471
GGGGG	530.0	12288.8	-3.448
TTCAG	1081.0	25693.4	-3.433
ACATT	1157.0	27538.3	-3.408
TGTCC	579.0	13501.7	-3.385
CGATA	84.0	1697.1	-3.379
TACCA	539.0	12537.5	-3.362
ATAGG	518.0	12032.9	-3.346
GTAAT	767.0	18082.5	-3.315
CCTGC	830.0	19597.3	-3.301
ATGTA	878.0	20791.1	-3.296
ACTGA	749.0	17638.8	-3.275
ACTAA	589.0	13763.6	-3.271
GGTGC	500.0	11604.7	-3.264
TCAGC	815.0	19269.0	-3.259
AGACT	687.0	16142.7	-3.254
GATAG	465.0	10776.3	-3.230
CCGTG	222.0	4946.2	-3.184
GACTG	565.0	13212.6	-3.183
TCGCA	108.0	2287.0	-3.157
TGTGA	1088.0	25974.7	-3.149
CAATC	419.0	9696.6	-3.146
GGTGT	708.0	16687.8	-3.135
ACCCC	420.0	9701.4	-3.122
GGCCC	423.0	9796.6	-3.072
TTGTG	1175.0	28157.9	-3.005
CGTAT	130.0	2811.3	-2.996
ACGAG	133.0	2886.0	-2.993
GGTAA	534.0	12496.0	-2.992
TTGTC	832.0	19769.9	-2.990
TGGAT	854.0	20303.4	-2.984
CTAGT	474.0	11064.8	-2.971
AGTAG	833.0	19815.4	-2.947
ATAAC	512.0	12006.4	-2.917
TCCTG	1288.0	30973.9	-2.874
GTGGA	687.0	16270.2	-2.853
GCATG	627.0	14826.4	-2.830
ATATA	1164.0	27961.5	-2.824
CTACG	96.0	2038.7	-2.810
CGTGG	230.0	5216.1	-2.805
GGGGT	627.0	14840.1	-2.786
CACCG	209.0	4715.1	-2.749
ACTTG	751.0	17889.8	-2.720
GGTAC	287.0	6610.0	-2.708
TAGGA	655.0	15548.1	-2.696
GGTTC	553.0	13093.2	-2.612
AGATT	1026.0	24671.0	-2.592
CATAC	383.0	8961.4	-2.589
TATAT	1339.0	32396.8	-2.569
GCAAT	593.0	14064.8	-2.563
GCTGT	763.0	18252.2	-2.487
GTGCG	190.0	4309.1	-2.463
CTGGG	1308.0	31701.6	-2.436
TGGCG	264.0	6093.9	-2.428
GAGCC	635.0	15165.2	-2.350
TCGAT	127.0	2829.3	-2.333
ACTAG	382.0	9006.3	-2.315
GTTAG	501.0	11914.7	-2.278
GTCTG	652.0	15609.2	-2.273
TGGCA	766.0	18432.1	-2.268
ATTGG	669.0	16029.2	-2.268
ATGCA	656.0	15733.6	-2.261
GGTTG	615.0	14734.2	-2.237
ACGGA	186.0	4249.1	-2.237
AAACG	188.0	4301.9	-2.234
CAACT	533.0	12743.7	-2.189
CGGAA	141.0	3200.9	-2.186
AACTA	573.0	13733.7	-2.170
AGTAA	787.0	19000.3	-2.168
GAACG	120.0	2683.0	-2.153
ATGCG	114.0	2563.9	-2.134
TGCGT	175.0	4028.5	-2.066
CGAGT	166.0	3833.1	-2.022
AGCTA	581.0	13973.7	-1.996
ACTTA	694.0	16774.6	-1.991
AACTC	630.0	15190.5	-1.974
AATGT	1103.0	26910.7	-1.966
ATCGT	131.0	2987.1	-1.965
CGCTA	80.0	1781.6	-1.945
CTGCG	207.0	4822.1	-1.945
TGTAA	1046.0	25505.7	-1.923
GCACG	157.0	3625.8	-1.916
CGCCG	109.0	2475.8	-1.901
GAATA	755.0	18315.1	-1.897
GAGTG	812.0	19720.3	-1.895
CCGCA	140.0	3227.6	-1.888
GGGTA	393.0	9413.7	-1.872
CCCGT	155.0	3584.2	-1.870
GTGAG	830.0	20178.2	-1.860
GCGCA	149.0	3435.6	-1.855
CATCG	104.0	2366.9	-1.808
CACTA	401.0	9636.8	-1.781
ACAAC	421.0	10113.8	-1.772
GATGC	421.0	10122.8	-1.746
GCCCA	741.0	18061.2	-1.715
CTCGA	169.0	3954.4	-1.683
AACAG	721.0	17588.8	-1.675
GCCAT	573.0	13930.8	-1.669
ACCAA	525.0	12740.4	-1.660
GCTTC	593.0	14413.1	-1.642
GAAGA	896.0	21969.3	-1.622
CAGAC	463.0	11210.6	-1.618
GTATA	598.0	14574.3	-1.612
GGAAA	1046.0	25689.7	-1.608
ATCCT	703.0	17170.4	-1.591
CGTGT	218.0	5195.7	-1.584
CGGGC	207.0	4911.0	-1.572
TACTA	536.0	13045.5	-1.554
GTAAA	816.0	20004.1	-1.528
AAATG	1402.0	34621.8	-1.518
CGTCA	111.0	2595.3	-1.501
CGATG	117.0	2746.3	-1.498
CGTTC	124.0	2898.9	-1.497
CGCAG	170.0	4029.1	-1.468
TTTAC	1054.0	25985.5	-1.464
AGCAT	672.0	16474.7	-1.463
AATGA	1044.0	25755.2	-1.452
AGTCC	429.0	10433.4	-1.441
CCAAT	462.0	11264.3	-1.416
GTAGT	550.0	13462.2	-1.405
ACATG	684.0	16816.6	-1.389
GCTAC	293.0	7966.3	-1.364
GAGCA	546.0	13395.7	-1.364
GGAGA	809.0	19940.6	-1.362
CCAAC	356.0	9609.7	-1.357
CCACT	662.0	16291.5	-1.349
AATCG	104.0	2716.2	-1.343
TAGAG	724.0	17828.9	-1.336
ACTCG	93.0	2733.8	-1.326
CCCAC	570.0	14006.9	-1.314
GTCTT	986.0	24403.9	-1.308
CCGTC	141.0	3373.2	-1.306
CACAA	587.0	14427.1	-1.302
GCGGT	149.0	3554.4	-1.301
AGCGC	125.0	3264.7	-1.299
TCGAG	119.0	3277.6	-1.291
ACCGA	82.0	2148.8	-1.270
CGTTG	134.0	3500.8	-1.269
CGTTT	269.0	7203.1	-1.254
AATGC	601.0	15417.4	-1.254
CACCC	565.0	13919.7	-1.254
ACTCT	700.0	17299.0	-1.239
CTCCG	196.0	5535.4	-1.235
TATGC	441.0	10841.2	-1.217
TGCGC	149.0	3762.0	-1.215
TACTC	422.0	10365.1	-1.204
CACTT	776.0	21312.4	-1.200
TCGGT	117.0	2810.0	-1.197
GAAAA	1439.0	35805.2	-1.195
GAAAT	1132.0	28114.0	-1.194
CTGAG	863.0	23644.3	-1.192
TGAAT	1074.0	28020.3	-1.190
TGTCG	132.0	4128.8	-1.187
GAAGC	550.0	13575.7	-1.180
TTGAT	1139.0	28303.8	-1.177
TCAGA	790.0	19585.5	-1.171
GAACC	363.0	9206.8	-1.170
TCCGC	197.0	5067.4	-1.164
ATGCT	725.0	17964.2	-1.160
GACAT	530.0	13090.3	-1.156
TGTTG	1252.0	32061.8	-1.151
CAGCT	835.0	20714.0	-1.150
ATCTT	1061.0	26635.0	-1.145
TTGTA	1126.0	30532.2	-1.145
ATTGT	981.0	25299.0	-1.145
ACCCT	414.0	12090.9	-1.143
TAACA	694.0	17206.6	-1.139
TCAGG	678.0	18311.7	-1.139
GCCCG	267.0	6532.6	-1.131
ACTGG	544.0	14893.6	-1.119
ACCCA	618.0	15311.1	-1.106
TGCTA	544.0	15063.4	-1.105
GCCTG	724.0	22687.1	-1.103
TCAAC	414.0	10219.6	-1.092
CCCAT	546.0	14028.0	-1.081
AGGAT	733.0	18411.7	-1.078
TGCTC	526.0	15701.6	-1.068
TAGCA	515.0	13444.7	-1.052
GCTCA	686.0	18205.8	-1.051
GTCGC	140.0	3415.1	-1.045
TGCCT	1121.0	29768.6	-1.044
TCGTC	101.0	2438.9	-1.041
AGAGT	725.0	18796.3	-1.041
AGATG	883.0	22907.7	-1.035
CAGGC	1036.0	25972.2	-1.018
TGATA	728.0	18757.2	-1.015
CTGCT	818.0	21679.7	-1.014
AGGTT	802.0	20598.7	-1.013
ACCCG	157.0	3843.1	-1.006
AGGCA	792.0	20087.7	-1.005
GGTCC	284.0	7351.5	-1.005
GCCGG	195.0	4789.3	-1.003
TCGCC	190.0	4658.4	-1.000
TAATC	510.0	14566.7	-0.993
ATCGA	77.0	2194.1	-0.992
AAGAG	829.0	20703.0	-0.988
GTATT	1039.0	25972.4	-0.983
ATTCC	644.0	16061.1	-0.970
CCGCT	149.0	3646.2	-0.965
GCGGG	239.0	6385.8	-0.961
TACCC	326.0	8391.9	-0.953
CCCGC	248.0	6163.1	-0.947
ACGCC	175.0	4699.6	-0.947
TGGTT	1042.0	26072.1	-0.947
TGAGA	957.0	30600.8	-0.945
TTGCA	920.0	23316.0	-0.931
GATGT	637.0	16136.0	-0.929
CTTCG	142.0	3616.4	-0.925
CCGGA	130.0	3191.0	-0.923
GAATG	673.0	18921.9	-0.923
ATCAG	541.0	13854.8	-0.916
TCCCG	246.0	6717.8	-0.914
ATGAT	877.0	21960.5	-0.911
GAGCG	153.0	3771.8	-0.902
CCGCG	135.0	3327.6	-0.900
TTTGC	1233.0	31804.4	-0.898
TATTA	972.0	28883.6	-0.898
ATTCT	1192.0	32160.8	-0.898
TAAAT	1341.0	36668.7	-0.898
CGGCT	236.0	6312.8	-0.847
TATTG	877.0	23950.1	-0.835
CGTTA	105.0	2654.1	-0.830
TCTTG	1181.0	29684.3	-0.829
GCAAA	649.0	17085.9	-0.828
GTACC	278.0	6933.9	-0.823
TATGG	505.0	13658.6	-0.823
ATGGT	669.0	18919.9	-0.822
AATCT	826.0	20750.3	-0.809
GTACA	391.0	11290.9	-0.808
GGCGA	138.0	3437.7	-0.803
CTCGT	126.0	3992.0	-0.795
ATAGT	671.0	17040.2	-0.781
TCAAA	891.0	24270.6	-0.775
CCATA	410.0	10651.0	-0.764
ACTCC	559.0	14095.2	-0.764
AATGG	674.0	19490.3	-0.746
AGTCT	817.0	21239.3	-0.741
GGACC	208.0	7309.6	-0.726
CATTG	733.0	18472.2	-0.723
CCTGG	1019.0	26807.6	-0.722
GGACA	467.0	11779.0	-0.720
CAATT	775.0	19937.3	-0.719
GGCCA	492.0	14860.6	-0.716
TCCAG	788.0	19872.6	-0.715
CGGGG	271.0	6822.6	-0.715
AGGTC	417.0	10516.2	-0.712
AGGGT	587.0	14797.1	-0.711
GTATC	351.0	8849.1	-0.707
ATGGA	772.0	19596.9	-0.707
GCATC	322.0	8988.0	-0.706
TCTAA	575.0	17636.4	-0.706
CTAGA	497.0	12560.8	-0.687
TATAC	497.0	12858.0	-0.686
GGGAA	658.0	19276.1	-0.673
CCTAT	443.0	11204.0	-0.673
GCGCC	202.0	5970.1	-0.664
GGCTA	459.0	11616.6	-0.662
CTACT	505.0	13952.8	-0.661
CCTAG	430.0	10869.3	-0.657
GCGGC	178.0	4500.1	-0.653
ATGTG	898.0	23163.4	-0.645
CTCCT	1123.0	28439.4	-0.642
ATTAA	1083.0	27425.1	-0.639
TAGAT	614.0	17706.8	-0.635
CTAAT	689.0	18478.2	-0.635
GCAGC	527.0	13350.4	-0.618
TATGA	549.0	17795.7	-0.615
CTTGT	761.0	22080.1	-0.612
GTTGC	578.0	14669.2	-0.612
GTTTA	855.0	24147.3	-0.608
TGGCT	969.0	26490.5	-0.605
ACTGT	784.0	20023.3	-0.600
AGGGA	737.0	18933.9	-0.600
ACCAG	475.0	13278.6	-0.598
CACGT	165.0	4505.7	-0.589
GTGCC	489.0	12894.2	-0.588
AACAT	869.0	22073.0	-0.586
AGGCT	916.0	25109.4	-0.581
TTATG	832.0	22750.8	-0.578
ACTAT	530.0	13709.2	-0.576
CGCGA	49.0	1983.8	-0.575
TAGTA	677.0	17433.5	-0.575
GGCGG	284.0	7234.9	-0.572
AGAGC	516.0	13138.7	-0.554
TTCAA	1032.0	27023.8	-0.552
CCCTC	508.0	14135.6	-0.552
GAAAG	903.0	23027.5	-0.547
TGGGG	812.0	21594.7	-0.544
CCGGT	101.0	2586.3	-0.541
TCTCG	311.0	7953.2	-0.534
GTATG	493.0	12566.7	-0.534
TGGAG	1087.0	27999.3	-0.532
ATGAA	959.0	25968.7	-0.522
GGAGC	466.0	11907.1	-0.516
GATAT	592.0	16013.7	-0.516
CTCGC	147.0	4477.3	-0.513
TGAGT	842.0	21473.4	-0.512
AGTCA	513.0	14327.8	-0.505
CCATT	828.0	23151.2	-0.501
CCACG	206.0	5284.1	-0.491
TGTGG	915.0	23351.0	-0.488
TCGCG	29.0	1570.1	-0.486
CAGAT	662.0	17545.6	-0.484
CTGTT	1111.0	29326.0	-0.483
GCCGA	89.0	3652.6	-0.475
AAAAG	1193.0	33494.9	-0.468
GAACA	570.0	14715.3	-0.462
GCGAC	69.0	2116.7	-0.461
CTTAT	709.0	18786.8	-0.459
CGCGG	89.0	3144.2	-0.458
TGAGG	844.0	21575.5	-0.458
ATTAG	635.0	17200.2	-0.456
GTTTG	980.0	28975.6	-0.455
AGCGG	140.0	3649.4	-0.450
AAGGA	881.0	22676.2	-0.442
TGTGC	706.0	18104.1	-0.440
TGTAC	450.0	12580.1	-0.436
GAGGA	743.0	19034.2	-0.430
GCAAG	474.0	12194.0	-0.430
GGATG	578.0	14850.9	-0.427
GCGAA	76.0	2346.8	-0.426
AAGAC	540.0	14251.9	-0.422
AGATA	737.0	18920.7	-0.420
AGGAC	430.0	11064.8	-0.420
ACAGC	475.0	12419.2	-0.419
TGCAA	798.0	21777.5	-0.416
GGTGG	624.0	20029.1	-0.410
ACTCA	531.0	13677.1	-0.401
CTAGC	285.0	7853.0	-0.400
TGCCA	713.0	18869.5	-0.400
TTCGC	117.0	3220.4	-0.391
AAATA	1411.0	42734.8	-0.391
AGCAA	664.0	18068.1	-0.390
AATAC	614.0	15812.0	-0.388
GATGG	707.0	19339.6	-0.387
AGGGC	373.0	11216.6	-0.382
AGCCC	419.0	11979.6	-0.380
CGTCT	163.0	4274.4	-0.372
GAGAT	799.0	21487.0	-0.366
GGGGA	550.0	15638.4	-0.360
GGCTC	495.0	15936.8	-0.360
GAAGG	688.0	17743.1	-0.358
TCTCA	950.0	24463.8	-0.352
GGCTG	915.0	27063.4	-0.347
CAATG	478.0	13874.7	-0.346
TCACA	649.0	16761.2	-0.346
CGCAC	102.0	2702.2	-0.345
GGCAA	472.0	12229.3	-0.344
CATGT	824.0	21258.2	-0.340
TAGAA	881.0	22707.2	-0.340
TTAGT	874.0	24300.5	-0.338
ATGCC	469.0	13861.9	-0.338
CCAGT	618.0	15972.4	-0.337
AGGCC	467.0	12382.2	-0.332
GGCGC	224.0	6364.6	-0.329
TGGGT	763.0	20887.3	-0.327
GTCAA	359.0	10241.4	-0.324
TCGTT	176.0	4634.5	-0.323
AATCC	456.0	13995.1	-0.318
TCATG	584.0	18196.2	-0.317
AACCC	401.0	10811.4	-0.315
GCAGA	564.0	16093.2	-0.312
AATTC	793.0	20498.0	-0.309
AGTTA	673.0	17880.8	-0.308
GGCCG	199.0	5250.0	-0.307
AGGAG	719.0	22259.1	-0.307
CACGA	121.0	3209.9	-0.306
ACCAT	639.0	16594.7	-0.293
AGACC	366.0	10893.3	-0.292
CCAGC	643.0	20273.8	-0.290
TACAC	368.0	9618.8	-0.289
ACTTC	611.0	15920.8	-0.287
AGAAG	921.0	23845.5	-0.284
AGGAA	1041.0	26911.7	-0.277
CCCGG	319.0	8385.1	-0.268
CTTGC	590.0	16491.5	-0.267
ATGGG	552.0	16025.2	-0.264
CAAAT	863.0	23112.8	-0.261
GCAAC	359.0	11168.6	-0.261
GGTAG	417.0	11070.6	-0.258
GTGGC	591.0	17004.1	-0.257
CTTCA	766.0	19921.0	-0.253
TCCCC	526.0	14857.7	-0.252
ATATG	720.0	19866.3	-0.251
GCTAT	438.0	11759.2	-0.249
CATTA	650.0	17514.7	-0.248
AATAT	1156.0	31894.2	-0.245
CTCAC	676.0	18306.6	-0.241
TCTAG	517.0	13952.3	-0.239
GTGGG	650.0	17794.1	-0.238
AGAAC	542.0	14174.0	-0.237
GTCCC	364.0	9652.2	-0.235
TTGCT	1237.0	32064.4	-0.227
TCCAA	550.0	15668.7	-0.220
AATAG	678.0	18181.0	-0.220
CATGG	581.0	15209.7	-0.220
GTGTG	928.0	28973.0	-0.217
CAAAA	1091.0	29714.5	-0.212
AGATC	366.0	11625.9	-0.211
GTCAT	459.0	13626.3	-0.211
CATGC	505.0	13687.7	-0.207
TCACC	560.0	15571.3	-0.207
TCCTC	653.0	18766.4	-0.205
GCACT	411.0	12551.9	-0.204
GCTCG	83.0	2951.0	-0.203
AATTA	1086.0	29584.9	-0.201
CACAT	640.0	16795.6	-0.199
TCCCT	783.0	20458.8	-0.199
CTATC	310.0	8251.5	-0.198
AGAAT	915.0	25676.5	-0.189
GCTAG	340.0	9045.1	-0.186
CCTTC	680.0	18659.0	-0.184
TCCAC	516.0	13610.3	-0.183
CACGC	197.0	5322.5	-0.180
GAAAC	627.0	16667.4	-0.176
ATGGC	479.0	13207.5	-0.175
GCAGG	614.0	16172.0	-0.172
GTCAG	471.0	13096.4	-0.166
TTCAC	670.0	19930.5	-0.163
TATAA	850.0	24681.0	-0.162
TACAA	600.0	17537.4	-0.160
TGTTC	704.0	19835.6	-0.159
AGCTC	552.0	14604.5	-0.158
CTCTT	1058.0	28485.7	-0.158
AGTTC	614.0	16505.9	-0.157
ACGCT	105.0	2927.5	-0.152
ATAGA	638.0	16848.9	-0.151
GGAAC	373.0	10268.6	-0.149
ATCCC	331.0	11859.1	-0.149
GGGAC	413.0	11003.2	-0.148
TACAT	781.0	20564.3	-0.147
CTACA	485.0	12880.5	-0.145
CTATT	810.0	21827.3	-0.144
CTTCC	769.0	22019.9	-0.142
ATAAA	1183.0	35587.7	-0.142
TGCAT	782.0	20616.9	-0.141
CATAT	707.0	18765.4	-0.141
GCGGA	105.0	3645.3	-0.140
GTTGT	743.0	19688.6	-0.137
CGCCA	178.0	5095.6	-0.134
TCATA	607.0	16457.6	-0.133
TGCAC	483.0	12881.8	-0.133
AAATC	674.0	19143.7	-0.127
ATATC	486.0	12966.0	-0.123
TTCCC	824.0	21761.4	-0.123
GGGCG	177.0	6239.0	-0.123
GGTCA	347.0	10947.0	-0.121
GGAAG	760.0	21462.1	-0.121
TATCT	759.0	20076.0	-0.118
ACAAT	629.0	16696.6	-0.118
CTCAT	651.0	17326.6	-0.114
CAGGG	639.0	16989.3	-0.114
AAACA	1068.0	28130.6	-0.108
TAATA	947.0	25017.7	-0.107
ACACT	489.0	13705.1	-0.105
CGGCA	76.0	2792.4	-0.105
TCTGC	761.0	20190.4	-0.105
CATGA	610.0	17109.2	-0.104
ATAAT	997.0	27683.4	-0.102
CCTCT	769.0	21174.7	-0.101
CCCCG	189.0	5418.5	-0.100
GCACC	345.0	9340.0	-0.098
GGGCC	337.0	10205.3	-0.097
GAATC	412.0	11552.2	-0.096
CATCT	627.0	18671.8	-0.092
GAGGT	536.0	16398.9	-0.091
AAAGA	1087.0	32257.6	-0.090
AGGGG	501.0	13617.0	-0.089
GTCCA	342.0	9308.1	-0.089
AACAA	845.0	22437.4	-0.088
ACACC	368.0	10247.0	-0.086
CCTGT	653.0	20876.8	-0.086
CCAGA	610.0	16346.9	-0.085
GTTCT	703.0	19734.7	-0.085
CACAG	585.0	17281.5	-0.084
ATCGC	85.0	2462.8	-0.083
GAGAA	901.0	23913.5	-0.083
ACGTC	79.0	2346.6	-0.080
CTTCT	1003.0	28832.8	-0.078
TGTCA	701.0	20111.8	-0.076
ACATA	649.0	17392.5	-0.076
GTTAT	545.0	17378.3	-0.076
AACAC	411.0	12586.6	-0.074
ATGAG	683.0	18298.3	-0.073
TAGTT	886.0	24185.1	-0.072
CTGCA	823.0	23440.3	-0.069
AGACG	191.0	6023.2	-0.067
TATGT	951.0	25312.9	-0.066
TTCCA	890.0	25485.1	-0.063
TTATC	621.0	17709.5	-0.063
TTCTA	859.0	25723.3	-0.061
AGCAC	413.0	11971.9	-0.060
CAGCG	116.0	4313.3	-0.060
TCCTT	1148.0	31522.0	-0.058
ATACA	670.0	18523.7	-0.056
AAGAA	1106.0	33400.4	-0.052
ACGGG	139.0	4077.9	-0.052
GGGTG	537.0	15911.4	-0.051
CTTTC	930.0	31453.0	-0.048
CCGGG	246.0	7196.5	-0.048
GACAG	606.0	16761.2	-0.047
CACCA	694.0	19376.4	-0.047
TATTC	734.0	19806.3	-0.043
CTGTA	708.0	20079.0	-0.043
GCTCC	404.0	11168.6	-0.042
GCACA	457.0	12545.4	-0.040
CTATA	464.0	12737.9	-0.039
CAGAA	855.0	23338.9	-0.039
TTTCC	1388.0	37885.5	-0.039
GTTCC	394.0	11881.4	-0.038
CGGTG	127.0	4492.6	-0.036
AGAGG	674.0	18568.4	-0.035
CAATA	514.0	14085.0	-0.034
TCAAT	504.0	15585.8	-0.034
GTCTC	664.0	19557.9	-0.032
GCTCT	543.0	18232.8	-0.032
CTCCA	636.0	19092.0	-0.030
TATCA	544.0	14933.3	-0.029
GTCTA	328.0	9193.0	-0.029
GGCAC	370.0	10494.1	-0.026
CACGG	121.0	3606.9	-0.026
ATCCA	528.0	14536.8	-0.026
CCCAG	1009.0	29686.4	-0.025
ATCAC	445.0	12332.2	-0.025
CATCC	377.0	11289.9	-0.024
AATCA	629.0	17471.4	-0.023
CCATG	634.0	17414.3	-0.022
AGAAA	1367.0	39692.1	-0.021
TGTGT	1224.0	38703.6	-0.021
CAAGA	578.0	16360.4	-0.020
CGAGG	167.0	4905.6	-0.020
GGGGC	414.0	11574.2	-0.020
ATTCA	754.0	21669.9	-0.019
ATCAA	504.0	13994.9	-0.019
TTCCT	1302.0	36725.5	-0.019
AATAA	1177.0	34321.7	-0.018
ATCAT	589.0	17816.9	-0.017
GCGAG	123.0	3720.8	-0.017
GACGG	167.0	5322.2	-0.016
CCCTG	585.0	17785.2	-0.016
CGCTG	160.0	4768.0	-0.016
ATGTC	479.0	14105.6	-0.015
TATCC	364.0	10849.0	-0.014
TCACG	137.0	4390.9	-0.014
ACACG	105.0	3332.6	-0.013
GGGTC	315.0	9497.5	-0.012
TGTAT	1063.0	29504.2	-0.012
GTTTC	887.0	26592.2	-0.012
CAGGA	650.0	21335.0	-0.011
ACATC	330.0	10788.7	-0.010
AGACA	734.0	20292.5	-0.010
CATTC	613.0	17639.0	-0.010
TCATT	1140.0	31957.8	-0.009
GTCAC	384.0	10953.2	-0.009
TCACT	832.0	24757.6	-0.009
ATCTA	401.0	13042.2	-0.008
ACAAA	918.0	26267.7	-0.007
TTCTC	1144.0	31251.7	-0.007
CTGTG	939.0	25841.8	-0.006
CAGAG	733.0	21838.2	-0.006
CTGTC	578.0	17957.7	-0.006
GACAC	288.0	8889.5	-0.006
GTGTC	444.0	12677.8	-0.006
TTCAT	1077.0	31543.7	-0.005
ACAGA	753.0	21917.3	-0.005
AGAGA	980.0	27974.0	-0.005
CGGGA	152.0	5012.9	-0.005
CCAGG	913.0	27200.3	-0.005
GAGGG	546.0	15460.9	-0.005
GACGC	67.0	2408.9	-0.005
GAGAG	610.0	18129.4	-0.004
TCTTC	808.0	25344.4	-0.004
CATCA	415.0	13783.5	-0.003
CTCTG	943.0	28208.0	-0.003
ATCTC	652.0	18384.2	-0.003
CAGCA	613.0	18067.2	-0.003
TCTGT	1134.0	34047.1	-0.002
CAACA	505.0	14644.9	-0.002
GGACG	94.0	3120.8	-0.002
GAGTC	427.0	12937.6	-0.002
GAGAC	541.0	19116.3	-0.002
TGTCT	923.0	26752.0	-0.002
GGGAG	697.0	20995.8	-0.002
TCTCC	776.0	22814.5	-0.002
CCATC	425.0	12631.4	-0.002
TCGCT	159.0	5047.6	-0.001
GGGCA	455.0	13261.8	-0.001
GAGGC	492.0	16841.3	-0.001
GCCAG	515.0	16945.5	-0.001
CACTC	413.0	12860.2	-0.001
CACTG	793.0	23520.3	-0.001
CGCTC	135.0	4425.3	-0.001
GGCAG	602.0	17470.2	-0.001
CACAC	432.0	14710.8	-0.001
CTATG	403.0	12468.6	-0.001
GGAGG	632.0	22662.6	-0.000
TCTAC	360.0	11632.6	-0.000
ACACA	528.0	18515.6	-0.000
TCATC	440.0	13709.9	-0.000
TCCAT	545.0	19284.8	-0.000
CGAGA	108.0	4260.5	-0.000
CGGAG	178.0	6036.8	-0.000
TCTCT	968.0	31666.6	-0.000
CCGAG	169.0	5905.8	-0.000
CTCTA	434.0	13860.7	-0.000
CTCTC	547.0	17792.3	-0.000
TCTAT	573.0	18583.8	-0.000
