OligoSequence	Target Occurences	Background Occurences	Enrichment(ln p, up to 2 mismatches)
GCATG	1185.0	22080.4	-366.541
GAGAG	1500.0	47947.7	-131.760
TGCAT	916.0	27122.3	-122.984
AAAAA	3428.0	121341.8	-106.319
AGAGA	1627.0	58372.7	-91.519
AGCAT	680.0	22419.2	-72.545
CATGA	633.0	20877.3	-68.619
GAACG	206.0	4751.8	-62.988
AACGA	180.0	4455.1	-48.752
TCGCT	167.0	4273.9	-42.301
ACGAT	126.0	3110.0	-35.597
ATGCA	641.0	25117.4	-35.555
CATGT	676.0	26775.7	-35.115
GCACG	129.0	5734.6	-32.193
CATGC	479.0	18691.7	-29.260
CTCGC	163.0	4869.4	-28.691
CGCAT	112.0	3565.0	-27.368
GTGCA	496.0	19752.4	-27.147
AAGCG	148.0	4465.0	-26.071
ACGCA	147.0	4559.8	-24.009
CGTTC	121.0	3571.5	-22.913
GCTTG	429.0	17303.2	-22.773
AGTGC	387.0	15639.0	-20.958
CGATA	83.0	2185.5	-20.915
TCGTC	104.0	3024.9	-20.667
GGCCC	311.0	12248.9	-19.828
ATGAC	364.0	14875.4	-18.944
CACAC	698.0	31227.4	-17.769
TCTCG	140.0	4718.2	-17.760
ACACA	903.0	41559.6	-17.231
TTTTT	2014.0	96644.5	-16.914
CGCAA	96.0	2982.9	-16.615
GCGTT	119.0	3953.3	-16.293
CGAAA	134.0	4636.4	-15.990
CGGTA	86.0	2593.2	-15.944
AGCGT	132.0	4559.8	-15.785
CGATC	79.0	2353.5	-15.676
GAATG	506.0	22362.4	-15.358
GAAGC	437.0	19006.4	-15.279
GCCCG	186.0	7089.8	-14.883
CGCTT	123.0	4262.4	-14.864
CCGTA	57.0	2490.6	-14.750
ATACC	261.0	10629.2	-14.620
CCTAC	225.0	8955.4	-14.375
GATCG	42.0	3012.7	-13.984
GCGAA	98.0	3270.9	-13.937
GCGTG	163.0	8872.9	-13.644
CGTGC	131.0	6378.9	-13.433
TTGCA	455.0	20340.8	-13.338
TTCGT	130.0	4705.2	-13.242
ATGCG	90.0	3855.7	-13.019
TGGCG	173.0	6707.7	-12.912
GAGCG	131.0	7135.2	-12.789
AATGC	408.0	18160.5	-12.593
CCGTC	103.0	3595.2	-12.301
ACGAG	125.0	4610.3	-12.260
CGTAG	90.0	3065.8	-11.968
ATTCG	97.0	3393.0	-11.956
CCGAA	107.0	3831.5	-11.814
ACGCG	81.0	2711.6	-11.264
CCCGA	133.0	5067.3	-11.263
AGCGA	124.0	4914.4	-11.169
ATGGG	439.0	20083.6	-11.091
CCCGT	116.0	4304.9	-10.977
AACGG	107.0	3916.0	-10.972
TAGTG	346.0	15441.5	-10.890
GCATC	189.0	13361.0	-10.810
GTCGG	107.0	3943.0	-10.708
GCTCG	136.0	5290.9	-10.658
TACCT	313.0	13876.5	-10.470
CATGG	465.0	21531.4	-10.439
TGCTT	596.0	28243.5	-10.393
GGATG	446.0	20651.3	-10.192
CGTAC	54.0	2058.4	-10.186
GGTCG	96.0	3525.7	-10.058
TACCG	72.0	2468.2	-9.789
GCCTG	464.0	22165.6	-9.727
ATCTA	351.0	15990.8	-9.586
GGTAA	304.0	13642.1	-9.580
GACCC	244.0	10715.5	-9.412
CATCT	457.0	21415.8	-9.395
AACGC	98.0	3704.0	-9.288
GTGGA	449.0	21112.0	-9.030
GTTAA	360.0	16587.3	-8.966
CAGTG	515.0	24567.9	-8.890
CTCTC	452.0	21319.0	-8.788
GCGTA	65.0	2235.0	-8.769
TGACT	408.0	19168.1	-8.555
GGGGA	520.0	24958.1	-8.354
CTGTA	440.0	20870.0	-8.248
ATCCA	356.0	16584.2	-8.246
TAGCA	375.0	17573.1	-8.162
TCCAT	407.0	19217.3	-8.154
GTGAA	435.0	20709.1	-8.105
ATGAG	474.0	22711.0	-8.086
CTCGT	101.0	3947.3	-8.036
TAGCG	65.0	2707.2	-8.029
TGTAG	443.0	21166.8	-7.949
CTATC	222.0	9912.9	-7.935
ATCGG	52.0	2801.4	-7.904
GGCAT	231.0	16060.5	-7.856
ATACG	79.0	2994.8	-7.748
GCAGT	366.0	17243.7	-7.722
TAAGC	259.0	11787.2	-7.671
CCCCT	313.0	14529.2	-7.664
GATGA	421.0	20166.6	-7.459
ACCGA	55.0	3723.6	-7.452
TTTGT	788.0	45690.6	-7.361
TTGTT	619.0	40051.4	-7.361
TGTTT	860.0	49538.0	-7.361
TATTT	887.0	48686.1	-7.361
ATTTT	957.0	56630.5	-7.361
TTTAT	785.0	45748.4	-7.361
GTAGG	219.0	12698.2	-7.361
GGTGC	229.0	13680.1	-7.361
CTCAC	251.0	15260.1	-7.361
GGTAG	230.0	13888.3	-7.361
TCATG	332.0	20194.4	-7.361
ATGTA	506.0	31400.1	-7.361
TGTAT	608.0	35224.2	-7.361
AACAA	581.0	35790.3	-7.361
ACAAA	619.0	39401.3	-7.361
CAAAA	601.0	39222.4	-7.361
AAAAG	700.0	46501.4	-7.361
AAAGA	781.0	54119.8	-7.361
AAGAA	844.0	54911.2	-7.361
TTAAC	269.0	14577.4	-7.361
TTCTT	648.0	40289.2	-7.361
TCTTT	645.0	39702.7	-7.361
TTTCT	730.0	47695.3	-7.361
AATTT	559.0	38822.4	-7.361
CCCTT	273.0	16356.8	-7.361
TTATT	676.0	40462.7	-7.361
GCCTA	192.0	10115.7	-7.361
GGAGA	427.0	29590.7	-7.361
AGAGG	569.0	31982.8	-7.361
GAGGG	486.0	26088.3	-7.361
GCATT	295.0	18886.5	-7.361
CATCA	220.0	17575.5	-7.361
AAAAT	982.0	61400.7	-7.361
GACAG	358.0	22666.2	-7.361
TAAAA	952.0	57343.8	-7.361
GCAAG	259.0	17580.0	-7.361
CACGC	123.0	5870.0	-7.361
TTTTA	899.0	54049.2	-7.361
TGGAT	378.0	21942.3	-7.361
TAGCC	188.0	11739.9	-7.361
ACATG	421.0	25660.8	-7.361
ATGAT	389.0	22218.8	-7.361
CCTTC	295.0	18146.2	-7.361
TGGCT	456.0	25465.3	-7.361
CGTTA	62.0	2928.0	-7.361
AAATA	898.0	53081.1	-7.361
AGAGC	360.0	22103.8	-7.361
GATGC	226.0	14587.2	-7.361
ATTGC	237.0	13754.8	-7.361
TACAT	382.0	25535.8	-7.361
CTTGT	372.0	20289.4	-7.361
GTTGG	271.0	16540.5	-7.361
TTGGC	269.0	14997.9	-7.361
TTTTC	670.0	38138.4	-7.361
TGTCG	63.0	3766.7	-7.361
TGAAT	466.0	26182.2	-7.361
AATAA	753.0	44673.9	-7.361
ATAAA	744.0	49267.0	-7.361
ACCCA	299.0	16653.7	-7.361
CCTGT	370.0	21465.4	-7.361
TACAC	230.0	14889.0	-7.361
CCCTA	169.0	10107.4	-7.361
CTAAC	155.0	9669.2	-7.361
TAACG	74.0	3020.0	-7.361
ACGCT	56.0	3993.5	-7.361
ATGCC	277.0	15216.1	-7.361
AGAAA	971.0	63422.2	-7.361
AATGG	420.0	23051.4	-7.361
GAAAA	760.0	49813.7	-7.361
AAAAC	619.0	38657.1	-7.361
TAACC	180.0	10092.9	-7.361
TAGAG	342.0	19868.5	-7.361
GAGAC	277.0	18675.5	-7.361
AGTGA	399.0	23642.5	-7.361
GAAGG	414.0	26054.9	-7.361
ATCGA	66.0	3308.0	-7.361
CGAAC	49.0	2770.8	-7.361
GACGC	65.0	4245.7	-7.361
ACGCC	60.0	4614.7	-7.361
CCATG	314.0	19890.4	-7.361
GTTTT	723.0	40673.6	-7.361
GAGTG	339.0	21860.0	-7.361
AGGGA	440.0	27831.8	-7.361
CTGTC	320.0	19699.9	-7.361
CCTGA	322.0	19893.0	-7.361
AAACA	677.0	44125.4	-7.361
GGTGA	310.0	18463.9	-7.361
CTGCA	369.0	22667.7	-7.361
TGCAC	279.0	16296.6	-7.361
ACGTG	148.0	7541.1	-7.361
CCCAC	260.0	14838.9	-7.361
AGCTT	315.0	20472.0	-7.361
GCTTA	245.0	12643.5	-7.361
AGCGC	88.0	5689.2	-7.361
GCGCG	56.0	7696.6	-7.361
GGGTA	208.0	12315.7	-7.361
GGGAG	562.0	30564.3	-7.361
GTAGC	218.0	11462.4	-7.361
CATAC	244.0	14114.8	-7.361
GCAGG	392.0	23169.9	-7.361
GACCG	82.0	3947.0	-7.361
ACGAC	61.0	2878.3	-7.361
CGGTC	45.0	3170.0	-7.361
TCGGT	75.0	3902.9	-7.361
GTTCA	302.0	15893.9	-7.361
GATTG	233.0	13803.2	-7.361
GCGAT	52.0	2946.1	-7.361
ACGAA	77.0	4282.7	-7.361
CGAAT	68.0	3099.6	-7.361
CTTGC	279.0	16314.2	-7.361
TCGAT	64.0	2960.6	-7.361
CGTGG	157.0	8530.9	-7.361
ACCAT	266.0	16969.4	-7.361
GTCCA	181.0	11576.2	-7.361
TGCAG	448.0	25050.4	-7.361
GTATG	387.0	22020.3	-7.361
GGACG	50.0	5200.5	-7.361
ACGTT	86.0	4752.6	-7.361
CGTTT	98.0	6176.4	-7.361
TGCAA	315.0	19407.5	-7.361
TATCG	42.0	2095.5	-7.361
ATCGC	40.0	2731.8	-7.361
CATCG	67.0	3817.2	-7.361
GTACC	121.0	7941.5	-7.361
TGCGT	107.0	5995.9	-7.361
GGTTG	220.0	15487.9	-7.361
CGAGA	124.0	5913.0	-7.361
GTGAG	349.0	25472.5	-7.361
TCGTA	67.0	2610.0	-7.361
CGGTT	75.0	3854.1	-7.361
CCGAC	64.0	3097.8	-7.361
GCATA	275.0	14787.2	-7.361
AGCCT	351.0	20731.1	-7.361
GACGA	65.0	3682.3	-7.361
TACGA	40.0	2643.6	-7.361
TCGCA	53.0	3036.2	-7.361
CCCGC	105.0	7628.6	-7.361
AACCG	68.0	3741.4	-7.361
TCGCG	27.0	2366.2	-7.361
CGCGT	45.0	2880.7	-7.361
CGCAC	85.0	4661.3	-7.361
CACGT	111.0	6160.0	-7.361
CGTAA	56.0	2954.2	-7.361
CGCTC	104.0	5034.8	-7.361
CGTCG	35.0	1925.1	-7.361
GTCGA	33.0	2279.3	-7.361
AACGT	83.0	5091.6	-7.361
CGCGA	34.0	2358.1	-7.361
GCGAG	133.0	6508.9	-7.361
CGGAT	52.0	3343.6	-7.361
TTCGC	50.0	2837.4	-7.361
CTACC	208.0	9311.9	-7.236
GATCT	309.0	14468.6	-7.187
TACGC	58.0	2065.2	-7.038
CGAAG	114.0	4697.4	-7.014
TATCC	229.0	10462.5	-7.002
CCCTC	328.0	15526.2	-6.996
GATAG	332.0	15718.6	-6.992
GCGCA	135.0	5761.7	-6.952
GGCTT	385.0	18468.8	-6.907
CAGCA	527.0	25841.3	-6.900
CGTAT	77.0	2996.3	-6.861
TCGTG	122.0	5146.3	-6.816
ACCGT	89.0	3559.6	-6.733
TGTGC	507.0	24914.0	-6.668
CCGAT	67.0	2532.7	-6.653
CGTGA	132.0	5660.5	-6.596
TAGGC	222.0	10210.3	-6.572
GTACG	68.0	2592.4	-6.551
CACGA	100.0	4094.0	-6.537
AAACG	141.0	6103.7	-6.525
GTGCT	428.0	20818.6	-6.521
TGATC	262.0	12253.8	-6.499
GATGG	461.0	22568.6	-6.470
TCATC	303.0	14360.2	-6.447
TCGGC	104.0	4315.1	-6.435
AATCG	79.0	3151.0	-6.396
GTAGT	266.0	12474.3	-6.349
CGTCT	105.0	4386.0	-6.312
GGTGG	522.0	25856.3	-6.305
GCTTC	347.0	16729.1	-6.193
ACTAA	330.0	15861.3	-6.083
TGACC	279.0	13224.9	-6.070
ACGGG	109.0	4644.6	-5.994
TAGAT	426.0	20950.4	-5.961
GCTAA	273.0	12983.9	-5.836
CTAAT	301.0	14477.7	-5.833
CCATA	275.0	13138.9	-5.727
GGAAT	390.0	19139.6	-5.705
GAGGC	440.0	21753.1	-5.668
GGGCC	279.0	13343.0	-5.660
TGACG	99.0	4184.9	-5.591
GTGTA	453.0	22491.8	-5.572
TGCCT	488.0	24397.1	-5.439
TTATC	299.0	14516.8	-5.305
ACCTA	245.0	11696.6	-5.209
CCCCC	296.0	14360.3	-5.201
GGAGG	631.0	32095.3	-5.184
TTTTG	850.0	43814.9	-5.159
CGGGT	121.0	5381.1	-5.141
GATAC	209.0	9861.0	-5.138
CGGAA	114.0	5004.9	-5.137
GGTTA	244.0	11738.2	-5.065
TCCGT	100.0	4324.6	-5.063
ATGTT	550.0	27899.3	-5.044
ACGTA	88.0	3756.3	-5.004
AACCT	318.0	15592.3	-4.949
TAATC	258.0	12547.4	-4.820
ATTGG	325.0	16028.5	-4.811
TTGAC	266.0	12936.3	-4.762
GTGGG	521.0	26485.6	-4.714
TAACT	333.0	16520.5	-4.712
TGAAC	342.0	16982.2	-4.702
GGGTG	439.0	22164.1	-4.673
TATGC	298.0	14682.8	-4.621
GTTCG	79.0	3409.9	-4.567
ATGTC	320.0	15859.4	-4.565
CCGTT	83.0	3568.8	-4.551
GTAAC	208.0	9989.1	-4.460
TGAAG	543.0	27945.1	-4.209
TATAC	295.0	14720.9	-4.164
AGGGG	426.0	21700.7	-4.144
ACCGC	86.0	3797.5	-4.144
GCCCA	299.0	14925.9	-4.130
TAGCT	328.0	16487.1	-4.117
CCTGC	390.0	19780.4	-4.099
CTTCA	413.0	21060.4	-4.018
TTCAT	534.0	27518.5	-4.017
ATTAG	309.0	15494.2	-3.991
CTCTT	466.0	23917.7	-3.979
ATGGC	341.0	17214.2	-3.955
CGACC	70.0	3046.6	-3.925
CCGGT	87.0	3896.3	-3.896
GGGGG	481.0	24768.4	-3.879
GTTAG	259.0	12887.1	-3.815
GACTG	326.0	16482.6	-3.809
ACTAT	292.0	14675.1	-3.781
CCACT	294.0	14827.2	-3.722
ATAGC	264.0	13249.5	-3.687
TGCTC	360.0	18334.1	-3.685
AATTG	400.0	20527.4	-3.678
CTAGC	219.0	10847.4	-3.645
ACACG	122.0	5764.6	-3.618
TGGGT	455.0	23529.4	-3.614
CTTTT	735.0	38730.4	-3.561
AGGCT	401.0	20675.4	-3.518
TTAGC	257.0	12936.4	-3.517
CTAAG	293.0	14848.5	-3.513
TTAAG	396.0	20401.2	-3.511
GTCTA	227.0	11328.7	-3.496
AGGCC	312.0	15902.8	-3.480
CGCCC	152.0	7343.6	-3.461
GTTGC	233.0	11697.1	-3.333
TCAGC	322.0	16521.2	-3.272
ATAAC	270.0	13731.1	-3.271
CTGGC	388.0	20038.8	-3.271
ATCGT	71.0	3218.1	-3.252
CTTAA	375.0	19381.3	-3.209
TCTTA	395.0	20486.7	-3.209
TTTAA	903.0	48227.6	-3.158
GTAGA	337.0	17376.8	-3.153
GGGAT	329.0	16914.8	-3.143
CGCTA	54.0	2395.6	-3.142
ATCCG	69.0	3136.3	-3.129
TAAAC	354.0	18345.1	-3.101
GTTTA	400.0	20847.4	-3.059
GGCGT	116.0	5579.1	-3.025
ATCTG	399.0	20800.3	-3.016
TTTGC	432.0	22599.0	-2.964
TAGTA	281.0	14447.5	-2.953
AAGTT	451.0	23713.4	-2.909
TTGGA	436.0	22850.5	-2.903
AGACC	274.0	14089.8	-2.889
TCGAA	82.0	3841.5	-2.858
GTTCC	264.0	13594.1	-2.852
TGGGG	514.0	27188.7	-2.811
TTCGG	89.0	4245.1	-2.779
AAATT	745.0	39895.2	-2.748
ATAGA	472.0	24915.3	-2.744
ACCTT	315.0	16383.8	-2.739
TACTA	248.0	12758.6	-2.731
ATGAA	631.0	33631.5	-2.722
ACTTT	517.0	27410.8	-2.708
TACAG	384.0	20155.8	-2.676
CTGAC	285.0	14784.4	-2.652
TGTAC	291.0	15111.2	-2.649
GCCGG	148.0	7423.1	-2.647
GTTGA	295.0	15397.1	-2.603
ATATT	612.0	32757.4	-2.590
CGATG	82.0	3906.7	-2.585
TAATT	538.0	28661.8	-2.565
GAGGT	350.0	18373.9	-2.543
CTGGT	356.0	18714.5	-2.543
ACCAC	263.0	13725.0	-2.442
TTGTA	432.0	22934.2	-2.428
ACTGT	395.0	20944.4	-2.418
CGGGC	149.0	7573.3	-2.390
CCGCC	165.0	8418.0	-2.360
GTAAT	294.0	15470.6	-2.342
GTAAA	438.0	23365.5	-2.327
CTAGT	212.0	11002.2	-2.313
TACCC	172.0	8803.8	-2.299
CCTTT	483.0	25831.5	-2.280
TCACG	86.0	4208.7	-2.280
TGTAA	490.0	26287.6	-2.273
TCTAG	288.0	15182.2	-2.265
TCCTA	272.0	14268.9	-2.264
CGTCA	72.0	3495.9	-2.245
TCTGT	590.0	31854.3	-2.217
CTTAC	221.0	11547.2	-2.217
ACCCG	89.0	4398.4	-2.205
GGCGC	149.0	7645.2	-2.200
ATACT	296.0	15617.0	-2.197
GTACA	284.0	14963.4	-2.189
GAGCA	407.0	21746.0	-2.172
GCTCA	310.0	16432.0	-2.167
GGCGA	104.0	5213.1	-2.144
AATTC	364.0	19467.8	-2.107
CGACA	63.0	3038.3	-2.087
ATGCT	409.0	21949.0	-2.086
CCGTG	133.0	6803.8	-2.082
TACGT	80.0	3994.3	-2.048
AGTGG	406.0	21763.3	-2.046
AAGCA	513.0	27682.0	-2.046
TTCGA	80.0	4005.6	-2.008
CCAAA	416.0	22382.3	-1.985
GAAAC	398.0	21400.7	-1.957
TTAAA	898.0	49201.1	-1.938
TTAAT	551.0	29877.8	-1.932
TTACC	201.0	10571.0	-1.918
CGTGT	150.0	7825.1	-1.905
TGGAA	576.0	31347.8	-1.887
TTGCT	479.0	26009.8	-1.868
CTTCG	93.0	4734.5	-1.859
GATTA	262.0	13996.3	-1.829
GTCCG	72.0	3612.0	-1.817
CTATA	275.0	14736.1	-1.797
TCGGA	76.0	3848.5	-1.784
CGTCC	81.0	4074.3	-1.784
CTTGG	391.0	21203.1	-1.749
TCCCT	364.0	19723.2	-1.747
TCCGA	71.0	3578.6	-1.744
CGATT	62.0	3076.3	-1.737
CGTTG	76.0	3869.0	-1.718
CAATG	314.0	16926.5	-1.715
TACGG	55.0	2771.9	-1.631
CAAAT	468.0	25547.8	-1.624
AACTG	373.0	20311.4	-1.623
TGATG	431.0	23549.6	-1.620
CATAG	288.0	15595.4	-1.600
AGCGG	117.0	6124.7	-1.571
AAACC	387.0	21140.5	-1.564
CCTTA	246.0	13262.6	-1.550
ACTCT	309.0	16775.2	-1.549
TGTTC	368.0	20090.0	-1.548
GCGCT	111.0	5841.3	-1.544
TATCT	360.0	19619.3	-1.523
GTGTT	456.0	24991.4	-1.499
AAGCC	309.0	16823.8	-1.486
GGGAA	485.0	26683.8	-1.465
AGTAC	216.0	11668.1	-1.429
GACGT	79.0	4141.8	-1.425
AGCCG	120.0	6370.2	-1.421
TGGGA	512.0	28269.1	-1.419
TGTCT	515.0	28464.2	-1.381
AAAGT	532.0	29407.3	-1.377
CTGTT	431.0	23782.3	-1.370
AGATA	452.0	24900.7	-1.364
TAATG	378.0	20828.8	-1.352
GTGGT	301.0	20727.1	-1.347
CACTC	187.0	12837.4	-1.342
GACTA	191.0	10346.2	-1.319
CCTAT	199.0	11150.2	-1.319
CCAGC	382.0	21079.8	-1.313
AGGCG	102.0	7093.2	-1.311
ACCTG	324.0	17786.2	-1.310
ATTCA	387.0	21375.9	-1.302
TCTAT	337.0	18553.9	-1.302
CCTAA	229.0	13235.0	-1.297
AACTT	411.0	22682.7	-1.296
CACCC	236.0	13220.3	-1.292
GCTCT	345.0	18984.3	-1.286
CAATA	283.0	15571.4	-1.279
GTGAT	315.0	17357.9	-1.251
TTTCG	81.0	4269.3	-1.248
TCAGT	362.0	20010.7	-1.240
GAGAT	294.0	21458.0	-1.239
CTGAT	310.0	17107.0	-1.225
GACCT	251.0	13826.9	-1.218
CGCGC	80.0	6815.1	-1.202
TGCCC	225.0	15801.9	-1.202
GACAC	253.0	13916.6	-1.188
TAGAC	213.0	11711.4	-1.180
TCAAC	196.0	10755.2	-1.179
ACGGT	43.0	3634.5	-1.164
TGAGG	432.0	24000.6	-1.161
ATTGT	403.0	22399.0	-1.148
TGTTG	457.0	25440.8	-1.142
TGGTG	477.0	26578.2	-1.142
ACTGA	375.0	20824.2	-1.137
CCTCT	368.0	21517.3	-1.136
CTTTA	460.0	25607.6	-1.128
TTGAA	505.0	29758.3	-1.122
GAAAG	648.0	37647.9	-1.114
GAACC	188.0	11924.3	-1.113
AGGTT	319.0	17690.9	-1.112
CCATC	259.0	15209.0	-1.112
ACTCA	215.0	18462.7	-1.108
GGTTC	216.0	11896.2	-1.106
ATGGA	431.0	26071.9	-1.105
TCGTT	66.0	4246.1	-1.098
CGGTG	86.0	6379.5	-1.086
CTTGA	320.0	18955.2	-1.086
TATTC	281.0	16496.8	-1.081
GCCCC	246.0	13614.9	-1.075
AGAGT	350.0	22309.4	-1.071
ACCCC	202.0	11154.7	-1.070
CCAGT	293.0	16299.2	-1.064
AGGAT	351.0	19811.6	-1.059
ACACC	210.0	12857.6	-1.055
TTGGT	387.0	21631.9	-1.054
GACGG	49.0	4214.4	-1.052
ACAGA	561.0	31403.6	-1.052
CATAT	405.0	22663.0	-1.041
ACGGC	70.0	3778.0	-1.039
CTATT	282.0	16977.7	-1.038
CGGCC	96.0	6727.0	-1.036
CAGTA	275.0	15553.4	-1.034
GGAAC	271.0	15055.9	-1.023
ACTCG	46.0	3885.4	-1.023
GCTAG	190.0	11966.5	-1.023
CATCC	224.0	14470.8	-1.022
TTTAG	367.0	24014.2	-1.020
AGGTG	393.0	21965.4	-1.015
CAAGC	206.0	14064.9	-1.007
TGAAA	642.0	38056.1	-1.005
TGTGT	1348.0	86309.8	-1.005
TAAAT	692.0	39291.7	-1.005
GCGGT	84.0	4556.9	-1.005
TTAGT	327.0	18289.6	-0.998
ACCGG	69.0	3954.6	-0.995
AACTA	289.0	16481.2	-0.994
TCGAC	32.0	2038.7	-0.993
ATAGT	266.0	16555.4	-0.992
GGGCA	259.0	17773.7	-0.991
ATAGG	244.0	13626.2	-0.986
TCACT	261.0	17644.4	-0.972
TACCA	239.0	13311.0	-0.972
CAGAG	585.0	34017.3	-0.968
AAGAG	481.0	32910.2	-0.968
CTCTA	215.0	14487.7	-0.967
AATAC	301.0	16871.8	-0.967
TGGGC	272.0	18173.2	-0.965
GGGGT	297.0	16600.3	-0.965
TACTG	282.0	15788.6	-0.961
GCCAA	250.0	13980.4	-0.960
CGCCT	87.0	6192.7	-0.948
TTGCG	45.0	3425.1	-0.943
TATTG	298.0	18735.4	-0.940
GTATA	318.0	18356.7	-0.940
TGAGC	317.0	19961.8	-0.938
GCTTT	401.0	24746.2	-0.933
CATTA	270.0	17719.0	-0.916
TGAGA	457.0	29743.5	-0.914
ATGGT	358.0	20212.3	-0.912
GGCGG	136.0	11874.5	-0.910
CACTT	329.0	18463.4	-0.902
AGACA	410.0	28629.6	-0.901
CGGCA	86.0	4732.6	-0.896
GTCGT	58.0	3145.5	-0.886
GCACA	316.0	20044.4	-0.880
ACTAG	165.0	11190.3	-0.874
GCCGT	73.0	4290.9	-0.871
AAACT	483.0	27241.2	-0.869
CAACG	47.0	3283.3	-0.866
GGCTA	214.0	12674.8	-0.865
ACAAG	327.0	18437.1	-0.864
AACAC	318.0	17881.3	-0.863
GTGGC	239.0	17290.8	-0.853
GGCTC	266.0	14956.3	-0.852
AGTAG	282.0	15902.0	-0.851
AGTAT	299.0	17624.6	-0.845
ATACA	411.0	26385.7	-0.838
AAGTG	418.0	23655.1	-0.836
GCCCT	217.0	15492.3	-0.831
CCGGG	165.0	9253.1	-0.826
TCTAA	280.0	18112.0	-0.826
ATCTT	384.0	22647.9	-0.821
CGACT	30.0	3314.9	-0.821
ACCCT	249.0	14520.2	-0.809
TTTAC	315.0	19237.3	-0.796
CCCAT	227.0	14586.4	-0.796
CTTAT	284.0	16136.6	-0.795
GAATC	216.0	12174.1	-0.787
CATTG	340.0	19233.5	-0.787
GTGCC	233.0	13161.0	-0.786
CTTAG	283.0	16116.1	-0.780
CCGGC	102.0	6434.9	-0.779
GGGGC	301.0	17081.8	-0.777
AATCC	249.0	14101.4	-0.774
GAGAA	559.0	35524.6	-0.774
CTACT	221.0	12517.7	-0.771
ACTGG	311.0	17650.8	-0.765
CGGGG	172.0	9687.6	-0.763
AGCAC	308.0	17510.3	-0.760
TTCAC	257.0	14584.2	-0.760
CCCAG	425.0	24139.2	-0.758
AATGT	537.0	30564.4	-0.757
TTACG	40.0	2877.1	-0.757
ATGTG	636.0	36226.8	-0.740
CCGCA	70.0	4742.3	-0.738
GTATT	328.0	18663.0	-0.738
GTACT	201.0	11702.9	-0.734
TGCGG	105.0	5918.5	-0.733
TTGCC	200.0	14586.1	-0.732
TGATT	399.0	23330.3	-0.730
GGACC	167.0	11405.7	-0.730
GGGTT	279.0	17159.6	-0.726
AGGGT	250.0	17764.2	-0.723
AAGCT	342.0	20059.8	-0.721
AACCC	187.0	13940.2	-0.720
CTCCC	312.0	17781.3	-0.717
AATGA	503.0	31545.2	-0.716
TTGAT	364.0	21683.0	-0.703
AAGGT	327.0	18643.5	-0.700
ACGTC	32.0	3333.8	-0.699
TGTCC	271.0	16162.0	-0.695
CCGCT	43.0	5058.3	-0.695
CATTT	597.0	35896.2	-0.693
TTCCC	330.0	18794.7	-0.692
CCAAT	166.0	12001.1	-0.683
GAGGA	484.0	29617.0	-0.683
ACTGC	242.0	14655.3	-0.680
ACCAA	308.0	17560.9	-0.673
CCTCC	339.0	19392.1	-0.669
TGACA	358.0	20465.8	-0.667
AGATT	388.0	22146.6	-0.659
TGGCA	332.0	20628.1	-0.658
TAGTT	280.0	18562.6	-0.647
TCTGC	306.0	20957.7	-0.647
TAAGT	317.0	18156.1	-0.646
ACACT	269.0	17725.1	-0.644
ATCTC	277.0	15877.7	-0.643
GATGT	299.0	19142.3	-0.640
GGTGT	333.0	19090.8	-0.633
TGGTA	287.0	16936.4	-0.632
AGTGT	428.0	24497.4	-0.627
TACTT	327.0	19962.9	-0.623
GTCTG	334.0	19110.0	-0.619
CCACC	245.0	15583.5	-0.616
TAGTC	160.0	9889.5	-0.614
AACCA	362.0	20763.7	-0.614
GCTGG	355.0	25740.4	-0.612
TCTCT	542.0	31810.9	-0.608
GGAAG	515.0	31060.3	-0.603
GGCCA	292.0	16769.3	-0.594
GCAAT	223.0	12783.4	-0.593
CACTA	199.0	11406.4	-0.592
TTGGG	377.0	22147.4	-0.583
GTCCC	197.0	11939.2	-0.581
GACCA	212.0	13272.1	-0.580
ACCTC	218.0	12535.1	-0.579
ACTAC	141.0	9280.3	-0.578
GCGGA	79.0	5812.4	-0.578
AGGAC	297.0	17074.0	-0.574
CTGCG	127.0	7344.7	-0.574
CCTAG	224.0	12876.2	-0.571
TGGAG	467.0	28910.5	-0.570
TGGTC	222.0	13862.6	-0.565
TCTTG	381.0	22032.9	-0.565
ATAAG	311.0	17937.2	-0.557
TCTCA	375.0	21593.0	-0.551
AAGGC	272.0	18339.2	-0.549
TCATT	438.0	25258.3	-0.540
GTAAG	221.0	14820.9	-0.535
ACAAC	251.0	14533.0	-0.534
AGGTC	221.0	12798.7	-0.530
GTATC	163.0	9416.3	-0.526
AGTCC	173.0	12086.1	-0.522
TGGTT	411.0	23860.0	-0.516
TTAGG	267.0	15447.0	-0.513
GTCAG	280.0	16201.4	-0.513
CAAGT	277.0	16684.6	-0.511
CACCT	223.0	15124.5	-0.509
AGCTA	283.0	16433.9	-0.497
CGAGG	133.0	7748.6	-0.496
ATTCC	256.0	14861.1	-0.495
ATCAT	314.0	19023.6	-0.491
TTTGG	481.0	27832.9	-0.488
AGGGC	267.0	17479.4	-0.487
CATTC	274.0	15903.6	-0.484
TAAGG	261.0	15152.8	-0.483
TGCCG	60.0	4933.2	-0.483
CTCAT	263.0	16765.1	-0.479
TATGT	494.0	34821.7	-0.479
CTTTC	393.0	24991.6	-0.478
ACATA	405.0	26224.0	-0.478
TTCCG	78.0	4600.5	-0.467
CAGCG	115.0	6949.9	-0.463
TATAG	292.0	16976.1	-0.462
TAGGT	234.0	14002.7	-0.461
CGGCT	101.0	5900.3	-0.460
GGACA	305.0	17750.3	-0.459
GTCTT	333.0	19380.4	-0.457
CGGGA	103.0	7839.3	-0.457
CTGAA	424.0	25005.1	-0.455
TTAGA	370.0	21797.3	-0.455
CGAGC	88.0	5469.0	-0.452
ATTAC	209.0	13033.9	-0.452
CCTCG	101.0	5908.7	-0.451
TCGCC	47.0	4159.5	-0.449
GCACT	240.0	13991.9	-0.446
GGGTC	200.0	11666.9	-0.442
GATAA	297.0	17469.8	-0.440
TTCAA	392.0	22837.1	-0.439
TAGGG	180.0	13460.8	-0.434
TCCAG	381.0	22187.5	-0.432
GGATC	166.0	10561.3	-0.430
GGTCA	191.0	12971.9	-0.428
CCTTG	246.0	18764.6	-0.427
CCCAA	240.0	15775.2	-0.425
TTACT	296.0	18584.6	-0.421
GGCTG	376.0	24648.9	-0.417
TTGTG	486.0	28323.7	-0.412
TAACA	314.0	18333.0	-0.411
TGTGG	428.0	29460.1	-0.407
ACGGA	58.0	4487.9	-0.396
CGCCG	89.0	5286.2	-0.394
TTCCT	484.0	29467.0	-0.391
TTGTC	273.0	16511.7	-0.390
AAGGG	350.0	21297.9	-0.390
CTTCC	322.0	21676.1	-0.386
CATAA	286.0	19542.6	-0.386
TGTTA	369.0	21589.1	-0.384
GGATA	232.0	13625.1	-0.383
CCACA	312.0	19152.4	-0.380
ATTTG	474.0	29826.6	-0.379
TTTCA	492.0	30535.5	-0.369
AGCAG	476.0	27816.4	-0.366
TCGGG	96.0	5753.6	-0.365
GTGCG	105.0	6883.1	-0.365
TTTCC	454.0	26584.5	-0.360
TTCAG	408.0	23916.4	-0.359
CTAAA	360.0	21242.4	-0.357
GTCGC	44.0	3395.4	-0.353
CAGTT	341.0	20033.8	-0.350
GATCC	146.0	9991.7	-0.350
GGTTT	399.0	23415.4	-0.350
AGGCA	375.0	26170.3	-0.349
CAGCC	360.0	21132.5	-0.346
TCTTC	405.0	24007.5	-0.342
GTTTG	461.0	27084.9	-0.339
CAACA	320.0	18841.9	-0.338
ACTTG	312.0	18701.0	-0.336
ATCCC	170.0	12849.0	-0.334
TCCTT	410.0	24910.3	-0.323
TTTGA	547.0	32941.1	-0.323
CAGGC	253.0	19504.2	-0.323
AAAGC	411.0	24164.2	-0.322
CCATT	314.0	18527.0	-0.321
ACTTA	273.0	16769.1	-0.318
TTATG	312.0	21952.7	-0.318
CCCCG	117.0	7691.1	-0.316
GGAGC	327.0	19324.4	-0.316
TCAAT	252.0	15047.4	-0.316
TCACC	197.0	11808.3	-0.315
ATTTA	606.0	36767.9	-0.315
ATTGA	305.0	20102.1	-0.315
GTTTC	269.0	20009.1	-0.314
AATCT	292.0	19872.2	-0.312
TGCTA	271.0	16606.3	-0.311
GAAGA	601.0	35259.1	-0.310
GAAGT	340.0	20182.3	-0.309
GGGCG	170.0	10504.5	-0.308
GAGCC	275.0	17294.5	-0.306
AGCCA	409.0	24134.7	-0.306
TATTA	423.0	24897.0	-0.305
CGACG	31.0	1921.1	-0.303
GGGCT	283.0	18701.2	-0.301
GGCCT	254.0	16232.0	-0.301
GCCGA	71.0	4566.8	-0.301
TCTAC	205.0	12525.1	-0.298
TGCGA	58.0	3537.9	-0.292
ATTAA	475.0	29867.3	-0.291
AATTA	491.0	28919.9	-0.287
CAACC	182.0	10873.5	-0.286
GTTCT	349.0	20704.2	-0.286
CTTCT	432.0	26880.4	-0.283
TATGA	297.0	20858.2	-0.283
AGAAT	452.0	29094.7	-0.281
GTCAA	179.0	11731.6	-0.279
CACAT	419.0	24825.0	-0.277
CAAGG	308.0	18289.9	-0.274
GTTAC	141.0	9999.5	-0.273
CAGGT	290.0	18161.2	-0.272
ATATC	190.0	14107.5	-0.272
AGTTC	288.0	18076.3	-0.269
GATCA	193.0	12285.3	-0.266
CTTTG	459.0	28310.1	-0.264
TTACA	358.0	21816.9	-0.263
AATCA	336.0	19972.1	-0.262
TAAAG	447.0	28194.4	-0.261
GCTGT	377.0	22397.2	-0.260
GGTCT	239.0	14555.3	-0.260
TTCTA	315.0	22554.4	-0.254
CCCGG	142.0	8586.4	-0.254
GCCAG	338.0	21374.5	-0.253
AGTCG	46.0	3549.5	-0.251
ACATT	436.0	26046.6	-0.249
TTCTC	393.0	24413.6	-0.248
TGGAC	201.0	13650.5	-0.247
GCCTT	280.0	18350.2	-0.246
CTACG	47.0	3007.8	-0.245
TCTGA	422.0	25092.6	-0.243
AACAT	410.0	25153.5	-0.243
TAATA	421.0	26196.9	-0.243
GGTAC	115.0	8329.0	-0.241
AATAG	335.0	19962.5	-0.241
CACTG	342.0	21480.2	-0.241
GGTCC	164.0	10435.9	-0.234
ATCCT	255.0	16422.9	-0.232
CGCAG	112.0	6892.4	-0.231
AGAAG	622.0	36776.1	-0.230
CTACA	252.0	16371.7	-0.230
TAGAA	438.0	27433.8	-0.230
CCAAC	175.0	11183.6	-0.229
CTGCC	350.0	20875.3	-0.228
GGATT	260.0	17191.9	-0.227
GTTGT	258.0	19474.8	-0.224
ATAAT	457.0	28394.3	-0.221
AGGAG	483.0	30991.9	-0.219
AAATG	671.0	43123.6	-0.218
GGAGT	220.0	17585.4	-0.217
TGATA	294.0	19196.9	-0.217
TAGGA	293.0	17601.9	-0.217
TGCTG	479.0	30542.9	-0.213
GGTAT	204.0	12699.9	-0.211
GCAGC	329.0	19696.4	-0.211
AGCCC	256.0	15789.7	-0.210
GGCCG	106.0	7404.7	-0.210
CAAAC	319.0	20179.3	-0.209
CAATT	187.0	16307.7	-0.203
AAGAT	448.0	26712.5	-0.202
AGTTT	494.0	29483.4	-0.201
ATATA	627.0	39427.5	-0.200
TATAT	640.0	40671.8	-0.200
AGCAA	357.0	25055.8	-0.199
TCCCG	103.0	6414.2	-0.198
TAAGA	382.0	22916.7	-0.196
AAGTA	368.0	22102.0	-0.194
GCTGA	328.0	19917.8	-0.193
ATCAC	169.0	12323.5	-0.192
CACCG	77.0	4871.2	-0.188
GCGGG	174.0	10836.5	-0.187
CACAA	323.0	19496.3	-0.185
CTGCT	387.0	24965.5	-0.183
TTCCA	398.0	23870.1	-0.183
GCAAA	376.0	22598.8	-0.182
GGAAA	579.0	35621.2	-0.179
GTGAC	227.0	14468.7	-0.178
GCCTC	246.0	16898.0	-0.176
AGTTG	303.0	18306.8	-0.176
CACAG	392.0	25458.7	-0.176
GTGTG	1100.0	74159.7	-0.176
TGCGC	95.0	6089.7	-0.175
CTGTG	540.0	32304.7	-0.174
GATTC	194.0	12148.5	-0.173
CAAGA	323.0	21681.1	-0.173
GAACT	284.0	18910.7	-0.172
TCCCC	250.0	15224.0	-0.171
TGGCC	275.0	16700.5	-0.169
ATTCT	371.0	24347.0	-0.169
CTATG	254.0	15465.1	-0.162
TCCTG	344.0	24907.0	-0.162
GCGCC	110.0	6909.0	-0.161
CCCTG	368.0	22249.6	-0.159
ATTAT	450.0	27164.3	-0.157
ACAGT	318.0	20222.4	-0.157
GCTCC	176.0	14047.5	-0.155
TCCGG	82.0	5192.5	-0.154
TCATA	261.0	17752.3	-0.153
ACAGC	272.0	18553.0	-0.153
TCCTC	266.0	18430.3	-0.152
TATAA	445.0	27618.7	-0.152
GACTC	187.0	11548.5	-0.149
TCTCC	310.0	18849.5	-0.148
GAATA	314.0	19976.3	-0.147
CCGGA	88.0	5597.8	-0.144
CCAAG	294.0	17947.4	-0.141
ATCAG	268.0	16745.1	-0.141
CCAGA	350.0	22565.1	-0.140
CCTGG	426.0	25946.3	-0.139
GTCTC	251.0	15421.4	-0.137
CAGGA	416.0	26869.7	-0.136
AGTTA	301.0	18572.2	-0.136
GTTAT	217.0	15372.3	-0.136
CTGGA	307.0	25841.7	-0.131
GCCAT	261.0	16014.8	-0.130
GGGAC	199.0	14799.5	-0.130
CTGGG	417.0	28429.4	-0.127
GCAGA	374.0	25316.1	-0.123
TACTC	152.0	9927.5	-0.121
ACCAG	256.0	17013.0	-0.119
AGATG	450.0	28298.5	-0.119
CAAAG	406.0	25741.3	-0.119
CAGAA	539.0	32570.8	-0.116
GACAA	268.0	16499.3	-0.116
TCGAG	54.0	4928.4	-0.114
CAGAC	256.0	16777.7	-0.114
TATCA	252.0	15733.1	-0.113
AGACG	76.0	4968.1	-0.113
TCACA	308.0	20149.8	-0.111
CCGAG	92.0	7509.2	-0.110
TGAGT	390.0	26317.0	-0.110
GAGTA	185.0	13849.9	-0.109
AGTAA	311.0	20737.1	-0.108
AGAAC	328.0	21173.8	-0.108
AGACT	295.0	18883.0	-0.106
GACTT	244.0	17258.9	-0.105
TTATA	452.0	27473.0	-0.103
CAGGG	353.0	23915.7	-0.102
GAGCT	280.0	20635.5	-0.102
TGTGA	486.0	30244.0	-0.102
GAAAT	527.0	32886.9	-0.101
ACTTC	211.0	15490.1	-0.101
AGTCT	283.0	17826.9	-0.101
CAACT	204.0	13322.5	-0.100
CAGAT	308.0	20825.5	-0.100
TTGAG	343.0	23017.9	-0.099
TCCCA	279.0	20023.7	-0.097
CCCCA	269.0	17765.7	-0.097
TGTCA	307.0	19665.0	-0.096
GCTAT	203.0	12715.0	-0.096
CTCTG	436.0	29312.7	-0.095
TACAA	308.0	18987.9	-0.093
TCAAA	392.0	26261.6	-0.093
TCCAC	208.0	13433.7	-0.091
AGGTA	268.0	16724.7	-0.091
CACGG	69.0	5611.9	-0.090
ATTTC	424.0	25936.8	-0.088
TCAGA	406.0	24872.7	-0.086
CTAGG	198.0	13503.0	-0.085
TATGG	227.0	16444.5	-0.084
ATCAA	247.0	17522.9	-0.083
GGCAG	419.0	25691.4	-0.080
TCCAA	252.0	16197.6	-0.080
GAATT	335.0	22952.3	-0.079
GATTT	420.0	25778.1	-0.079
CTCCA	307.0	19018.2	-0.078
GAACA	307.0	20424.4	-0.075
GCGTC	54.0	3955.0	-0.075
AGCTG	410.0	25878.3	-0.074
AATAT	520.0	33382.4	-0.072
TTCTG	529.0	32370.0	-0.072
AAGTC	237.0	14937.0	-0.071
GGCAA	222.0	15381.7	-0.069
CGCCA	55.0	5294.8	-0.068
AAGAC	311.0	19440.0	-0.062
CTCCT	309.0	20970.2	-0.058
CAATC	136.0	9434.9	-0.057
AAAGG	481.0	30425.9	-0.057
ATATG	358.0	27349.6	-0.057
AAATC	353.0	22958.5	-0.056
TCAAG	242.0	16756.5	-0.054
AACTC	229.0	16490.0	-0.053
ACTCC	181.0	11676.8	-0.052
CTGAG	425.0	28798.7	-0.052
CACCA	280.0	17895.9	-0.051
CTAGA	239.0	15890.8	-0.050
AAGGA	513.0	31634.3	-0.050
AGGAA	580.0	37833.7	-0.048
CAGCT	296.0	22005.1	-0.048
ACAGG	292.0	20874.9	-0.046
ACAAT	288.0	18432.6	-0.046
GGCAC	175.0	12149.4	-0.044
CTCGG	102.0	6827.2	-0.043
GTCAT	220.0	14234.4	-0.043
GTCCT	241.0	15622.0	-0.038
TCTGG	377.0	23709.7	-0.036
CTCGA	56.0	4168.1	-0.034
AGTCA	278.0	17704.1	-0.034
CCTCA	254.0	16580.7	-0.031
AACAG	308.0	22770.6	-0.030
AGATC	184.0	14619.1	-0.029
CAGTC	205.0	13620.1	-0.027
GATAT	223.0	16891.8	-0.027
CTCAA	260.0	16753.0	-0.025
GCACC	164.0	10871.0	-0.024
AGCTC	242.0	16437.2	-0.023
CTCAG	382.0	24284.6	-0.022
CGAGT	60.0	4419.5	-0.022
GACAT	258.0	16756.3	-0.021
TCAGG	251.0	19684.2	-0.021
TGCCA	287.0	18727.0	-0.020
GCAAC	131.0	9846.9	-0.019
GTGTC	246.0	16030.9	-0.018
CGGAG	94.0	8138.3	-0.018
GCTAC	155.0	10429.1	-0.017
CGGAC	41.0	3240.6	-0.017
TCCGC	46.0	4442.6	-0.016
ACATC	217.0	14365.8	-0.013
CCACG	67.0	6033.2	-0.011
GGACT	214.0	14344.7	-0.010
GTCAC	170.0	11646.7	-0.008
GAGTT	319.0	22155.2	-0.005
CCAGG	374.0	24761.8	-0.003
GCGAC	38.0	3307.0	-0.002
CGCTG	94.0	7477.4	-0.002
CTCCG	78.0	6187.7	-0.002
GCTGC	292.0	20453.1	-0.002
GCCAC	192.0	13565.9	-0.001
GAGTC	177.0	12771.5	-0.001
CGGCG	64.0	5963.9	-0.001
GCGGC	72.0	8793.6	-0.001
GCCGC	90.0	7707.0	-0.000
CGCGG	54.0	6062.1	-0.000
CCGCG	48.0	5331.5	-0.000
