OligoSequence	Target Occurences	Background Occurences	Enrichment(ln p, up to 2 mismatches)
GTAGC	5055.0	17180.5	-589.045
TAGCT	5842.0	21657.6	-490.870
TACAG	6917.0	27489.0	-420.224
GCCTC	12789.0	55992.3	-363.866
GATTA	5125.0	20272.8	-346.214
ACAGG	7445.0	31229.3	-344.878
GAGTA	3849.0	14403.0	-343.795
ATTAC	4851.0	19704.2	-296.069
CAAGT	4283.0	17385.0	-269.476
CTGGG	9740.0	44300.8	-257.833
CCACC	8078.0	36755.8	-231.567
ACCAC	4773.0	20466.4	-225.773
TGGGA	7630.0	34678.6	-225.286
CCTCC	11936.0	56171.8	-225.245
GCTGG	10897.0	51021.5	-224.875
GCCAC	5573.0	24461.2	-223.457
AGTAG	6099.0	27084.8	-223.378
ACTAC	2689.0	10442.8	-220.542
GACTA	2519.0	9649.8	-220.158
AGCTG	6240.0	27966.8	-215.107
TCAAG	4981.0	22220.1	-187.697
GGGAT	4898.0	22071.4	-174.720
AAGTA	2838.0	11780.1	-173.164
AGCCT	7110.0	33463.9	-170.993
GGATT	5357.0	24489.9	-170.728
CAGGC	9335.0	44955.6	-169.452
TTACA	5274.0	24341.7	-158.933
GGACT	3115.0	13537.4	-148.978
TCCTG	8953.0	43746.3	-147.516
GCAGT	4781.0	22076.8	-147.140
TTTTT	75676.0	278387.5	-145.921
CAGCC	7262.0	35242.9	-137.897
TCAGC	6142.0	29487.8	-134.013
CACCA	6611.0	32199.2	-126.031
ATGCC	3235.0	14587.5	-125.098
TTTTG	13414.0	68099.5	-124.596
CTACA	2866.0	12719.5	-123.821
CATGC	3632.0	16727.5	-120.416
GCCCA	5408.0	26046.9	-119.806
CTCAG	7511.0	37344.5	-114.907
AGTGC	5448.0	26604.6	-107.825
GGGAC	2907.0	13259.6	-106.640
GGCAT	3157.0	14591.3	-104.923
TGCAG	5874.0	29049.5	-102.305
CTCCT	8742.0	44661.2	-96.965
CGAGT	1446.0	5986.1	-96.863
AAGTG	4814.0	23580.5	-95.975
GGAGT	5621.0	27917.0	-95.563
CAAGC	3745.0	17928.0	-94.434
GCGAT	1870.0	8251.5	-88.385
TTGAG	4966.0	24696.0	-86.329
AGGCG	2382.0	10962.5	-85.109
TACCG	190.0	1503.7	-82.729
TCTTG	5673.0	28661.5	-82.414
GTGCC	3266.0	15730.0	-80.970
GTGCA	4653.0	23183.2	-80.944
GCGAC	323.0	1930.6	-80.854
TTTGA	5999.0	30549.2	-79.386
AGTGG	4480.0	22479.4	-73.750
CCTGG	6641.0	34386.6	-71.299
AGGCA	4269.0	21424.1	-71.046
AAGCG	1418.0	6226.3	-70.840
ACTGC	4580.0	23127.5	-70.817
GCGTC	426.0	2821.3	-69.309
GTGAT	4248.0	21417.0	-67.940
TCCCG	2528.0	12133.6	-67.046
GATTC	2924.0	14374.4	-62.829
AGTCG	277.0	1904.5	-62.350
GAGTG	4330.0	22078.3	-61.687
TGCCT	7449.0	39344.4	-60.937
GCATG	3053.0	15164.6	-59.509
GCGTA	256.0	1408.2	-57.209
CCTCA	6346.0	33482.9	-55.899
AGTCT	4049.0	20756.7	-55.685
TGCCC	4694.0	24367.1	-54.443
TGAGA	4850.0	25237.2	-54.424
GTCGC	829.0	4910.1	-53.503
GGCTA	2788.0	13910.9	-53.288
GCTCA	5141.0	26929.2	-52.521
CACTG	5503.0	28968.9	-52.146
CCCGA	1492.0	6953.3	-52.083
TGGAG	5909.0	31313.7	-50.471
GTTGC	2832.0	14258.0	-49.783
TGAGT	3359.0	17167.5	-49.518
GGTTC	3342.0	17104.8	-48.545
CCCGG	2786.0	14098.3	-46.755
GGCAC	2687.0	13569.0	-46.346
CTCCC	7912.0	42778.5	-46.267
GGCTC	4415.0	23192.6	-45.556
CCCAA	4078.0	21319.2	-45.359
GCGTG	1855.0	9082.0	-44.106
GGCGT	1657.0	8024.8	-43.542
TGCCA	3820.0	19957.2	-43.469
CGATT	1181.0	5493.8	-42.784
CAGGT	4456.0	23546.6	-42.688
AGGTG	4014.0	21098.7	-42.025
CACGC	1846.0	9560.5	-41.594
ACGAC	281.0	1368.1	-41.537
CCGCC	3025.0	17296.2	-41.475
GTCTT	3951.0	20770.3	-41.470
GTTCA	3720.0	19489.9	-41.284
AGTAC	1185.0	6370.8	-41.243
ATTCT	4991.0	26636.1	-40.954
ATCTT	3427.0	17898.2	-40.029
CAGTG	4977.0	26606.6	-39.997
TGCGA	695.0	3219.2	-37.949
GAGTC	2893.0	15005.4	-37.707
AGCGA	1312.0	6317.5	-37.004
ACACG	354.0	3196.6	-36.682
CTCAA	3566.0	18845.9	-36.114
CCGAG	1678.0	8357.8	-35.134
TCACT	5583.0	30316.3	-34.894
CTGGC	4329.0	23218.4	-34.693
CGTGC	998.0	5347.5	-34.561
AGCCG	575.0	4518.8	-34.511
GCCGC	908.0	6230.2	-33.455
GAATA	1246.0	7977.0	-33.320
GCCTA	1510.0	8045.4	-33.171
ACCAT	3460.0	18399.9	-32.590
ACCGG	368.0	2085.3	-31.862
CGATC	1367.0	6758.0	-31.357
ACGCC	1674.0	8456.4	-31.032
GCACG	1042.0	5019.1	-30.095
CCTGA	3845.0	23814.2	-29.843
CTGAG	4008.0	23765.3	-29.843
GCGGG	928.0	6969.2	-29.843
CGGGC	992.0	6160.6	-29.843
GCTGC	1880.0	16143.2	-29.843
GCAGG	2005.0	16188.1	-29.843
ATGCA	1722.0	10898.8	-29.843
GCACT	1332.0	11182.6	-29.843
CTACC	1312.0	7814.0	-29.843
CCACA	2901.0	17010.0	-29.843
CACCC	3240.0	20174.3	-29.843
CCGGC	1755.0	9861.2	-29.843
CTTTT	8923.0	50369.9	-29.843
TTTTA	9167.0	54663.8	-29.843
TAAAG	1700.0	10626.1	-29.843
GGTGG	2568.0	17679.9	-29.843
GTGGG	2167.0	15000.0	-29.843
GGGGT	2727.0	16728.5	-29.843
CCTAG	1451.0	9314.2	-29.843
CTAGG	1507.0	9467.9	-29.843
CTGGT	3048.0	19705.5	-29.843
GTGTC	1498.0	10659.9	-29.843
AAGCT	1769.0	12751.0	-29.843
CACCG	1229.0	6953.5	-29.843
TGCTG	4330.0	27858.5	-29.843
ACAGT	2062.0	12579.9	-29.843
GTACA	1286.0	7284.2	-29.843
AGTAA	1421.0	8574.0	-29.843
TACTG	1566.0	9955.8	-29.843
TGTGA	2902.0	18232.5	-29.843
AATTA	1993.0	13252.2	-29.843
TGCAA	3644.0	22426.2	-29.843
ACAAC	930.0	6441.1	-29.843
TCTGG	2953.0	18157.6	-29.843
GCAGC	2551.0	14943.2	-29.843
CGTAG	301.0	1677.5	-29.843
AGCAG	2241.0	15219.1	-29.843
GGAGC	1453.0	11192.4	-29.843
GTTTT	7937.0	44418.3	-29.843
GCTTG	1598.0	11819.8	-29.843
GCTGA	2282.0	15219.1	-29.843
TGACA	1327.0	10375.6	-29.843
ACATG	1426.0	11538.2	-29.843
TCCTC	3150.0	20588.4	-29.843
GCCTG	3929.0	27215.3	-29.843
TGTTT	7679.0	43738.4	-29.843
TTAGA	1564.0	10893.2	-29.843
TAGAG	2749.0	19276.8	-29.843
AGAGT	2562.0	15382.7	-29.843
GGCCT	3490.0	21906.2	-29.843
TTGGA	2298.0	14328.4	-29.843
GGATC	1085.0	7393.3	-29.843
GGCTT	2087.0	14603.6	-29.843
TCATG	2157.0	13630.0	-29.843
TTTCT	6831.0	51347.8	-29.843
TTCTT	6605.0	43247.6	-29.843
TCCAG	2484.0	18966.3	-29.843
AGTGT	2245.0	13515.7	-29.843
GTGTT	2811.0	17190.4	-29.843
TTGTT	6934.0	38522.6	-29.843
GCCCC	1719.0	13332.3	-29.843
CCCCG	995.0	6859.3	-29.843
CTCCA	2839.0	21103.6	-29.843
CCAGG	6396.0	40428.0	-29.843
CCAGC	3694.0	25865.5	-29.843
CAGCT	4037.0	25222.2	-29.843
GCTGT	2338.0	15191.9	-29.843
GCTTA	1259.0	7542.3	-29.843
TTAGC	1419.0	11178.2	-29.843
TCTTT	7245.0	45527.2	-29.843
TTTAT	6159.0	37766.8	-29.843
AGTTG	1845.0	10725.5	-29.843
TGGGT	2917.0	17868.6	-29.843
GCCGG	712.0	6032.9	-29.843
CCGGG	1685.0	10176.2	-29.843
CAGCG	663.0	4484.9	-29.843
AGCGT	449.0	2686.8	-29.843
CGTCC	630.0	3239.7	-29.843
AGCAT	1633.0	10605.1	-29.843
ACCTG	2691.0	16120.9	-29.843
CAGGG	2851.0	18786.4	-29.843
AGGGA	1825.0	13560.7	-29.843
AGTAT	1344.0	8431.1	-29.843
ACAGC	1495.0	10946.9	-29.843
GAGAT	2934.0	18714.3	-29.843
TGTAG	2102.0	12878.9	-29.843
TAGCC	1318.0	9751.6	-29.843
TGGCG	1243.0	7826.0	-29.843
GGCGC	1723.0	10163.5	-29.843
GCGCA	797.0	4182.9	-29.843
GTCAC	1980.0	11911.4	-29.843
CAACC	2544.0	14962.5	-29.843
AACCT	2856.0	17589.7	-29.843
ACCTC	5104.0	30076.2	-29.843
CTCCG	1538.0	9010.5	-29.843
TGCCG	590.0	3988.1	-29.843
ATTAT	2745.0	16423.0	-29.843
ATGCG	435.0	2513.2	-29.843
TGCGC	812.0	5007.1	-29.843
TTTTC	6655.0	45371.5	-29.843
AACTG	1634.0	10279.3	-29.843
ACTGG	1818.0	11907.9	-29.843
TAGCG	236.0	1579.9	-29.843
GCGCG	909.0	5953.2	-29.843
CGCGA	438.0	2693.7	-29.843
CTCGG	1852.0	11962.8	-29.843
TCGGC	1642.0	10182.8	-29.843
CAACT	1378.0	8764.1	-29.843
TCGAG	505.0	3034.5	-29.843
CGAGC	491.0	3016.3	-29.843
CGGCC	1632.0	9931.2	-29.843
CACGG	532.0	3752.4	-29.843
ATTTT	12635.0	72933.5	-29.843
TTATT	6074.0	37249.4	-29.843
CGGGG	1293.0	8988.3	-29.843
GGGTA	874.0	6084.3	-29.843
CTGCG	710.0	5682.8	-29.843
GATCA	1257.0	8614.5	-29.843
GGTAT	1053.0	7193.4	-29.843
GTATT	3014.0	20697.2	-29.843
TATTT	8208.0	51675.8	-29.843
TCGTG	563.0	4634.4	-29.843
GTCGT	253.0	1677.7	-29.843
TGGAA	2381.0	15137.8	-29.843
CGCGC	882.0	5535.5	-29.843
CACAA	1646.0	10494.9	-29.843
ATCAC	1539.0	10143.7	-29.843
TCACG	760.0	5097.3	-29.843
ATAAC	904.0	5199.2	-29.843
AGCGG	508.0	3601.5	-29.843
TTTGT	8919.0	52885.6	-29.843
GCTAC	1070.0	6581.1	-29.843
CCCAC	2738.0	17622.6	-29.843
CCAAC	984.0	8448.2	-29.843
GCCAA	1232.0	9826.7	-29.843
GTAGA	2179.0	16478.5	-29.843
CTCAT	1787.0	14233.8	-29.843
CCTCG	1328.0	9068.5	-29.843
TACAA	1517.0	9847.5	-29.843
CCCCA	2024.0	17095.8	-29.843
ACTCC	2416.0	17200.9	-29.843
CGACC	506.0	2503.9	-29.843
TCAGG	2782.0	18700.6	-29.843
CACAG	2443.0	16533.2	-29.843
AGCTT	2189.0	14059.6	-29.843
GACCA	1309.0	8753.9	-29.843
TTCAG	2456.0	17927.4	-29.843
TATTG	1629.0	12049.2	-29.843
AGACT	1755.0	11017.8	-29.843
CTAAA	1403.0	9431.9	-29.843
TTGGG	2581.0	17471.2	-29.843
GACAC	842.0	7196.6	-29.843
CAGAC	1442.0	10065.6	-29.843
GTACC	866.0	5096.8	-29.843
TCCGG	526.0	3725.2	-29.843
CGGAT	262.0	2074.0	-29.843
GGAAT	1660.0	10416.3	-29.843
TGAAG	1823.0	13178.9	-29.843
TCACA	1757.0	13778.3	-29.843
TCACC	3054.0	21691.4	-29.843
GACTG	1649.0	10196.5	-29.843
TAGGT	1277.0	8496.8	-29.843
GATAA	974.0	6872.3	-29.843
CTAAG	934.0	6996.1	-29.843
TAAGC	927.0	6403.0	-29.843
CCTAA	1202.0	7941.6	-29.843
GGTAC	741.0	4663.7	-29.843
CCTAC	970.0	6957.4	-29.843
TAAGT	1403.0	9427.0	-29.843
CGTCA	399.0	2508.6	-29.843
ACCGC	709.0	4443.2	-29.843
ACGGG	889.0	5782.2	-29.843
CACGT	641.0	4603.5	-29.843
TGACT	1811.0	11907.2	-29.843
GACTC	1262.0	8580.5	-29.843
CATCC	1509.0	10816.1	-29.843
CCCGC	1728.0	10626.2	-29.843
CGTGG	575.0	4960.9	-29.843
GTAAC	888.0	5242.0	-29.843
GAAGT	1496.0	10684.4	-29.843
AGTCA	1498.0	9871.3	-29.843
CTAGC	914.0	6392.2	-29.843
AACTA	1032.0	6320.0	-29.843
AATAC	1008.0	7709.5	-29.843
ACGTG	647.0	4314.7	-29.843
CGCTG	762.0	5464.0	-29.843
GTAGT	1362.0	8518.8	-29.843
ATACA	1232.0	9498.6	-29.843
TCGCG	185.0	1562.7	-29.843
AGGTA	1273.0	8444.9	-29.843
ACTAG	778.0	5330.8	-29.843
CGCAG	561.0	4435.7	-29.843
AACCA	1370.0	8844.9	-29.843
ACGCG	272.0	1446.5	-29.843
GCTCG	548.0	3533.3	-29.843
CGCAC	598.0	3631.2	-29.843
GCATC	1116.0	7476.4	-29.843
GTGAC	1314.0	8595.3	-29.843
TCGGA	289.0	1923.5	-29.843
CGCGT	251.0	1644.4	-29.843
CGACT	300.0	2169.4	-29.843
ACGCA	312.0	2447.7	-29.843
TACGG	222.0	1544.4	-29.843
TATAG	1707.0	8696.1	-29.091
GCTAA	3013.0	16045.0	-28.747
GAGAC	4224.0	22938.6	-28.619
CGCCT	2801.0	14895.0	-27.641
CTGGA	5118.0	28113.8	-27.630
TAGGC	1571.0	7992.3	-27.571
TCCCA	6074.0	33609.5	-27.451
AAGCA	2691.0	14313.0	-26.719
CACCT	4290.0	23527.7	-24.956
AGTGA	3439.0	18665.5	-24.775
TTCAA	3879.0	21203.4	-24.479
GCCCG	2110.0	11125.9	-24.382
ACTAT	1503.0	7735.6	-23.618
GGGCT	2871.0	15559.5	-21.987
AGCTA	2371.0	12709.3	-21.885
ATCCT	2599.0	14025.2	-21.519
ACGAT	608.0	2871.8	-21.456
CAATC	1878.0	9949.6	-20.966
ATAGG	1472.0	7653.2	-20.946
CGGAG	1341.0	6945.8	-20.220
CCACG	1549.0	8133.2	-19.802
GAGCC	3253.0	17922.1	-18.945
TGATC	3488.0	19292.0	-18.810
AGACG	1617.0	8604.7	-17.621
ACTGT	2575.0	14087.9	-17.611
ACGGA	881.0	4469.0	-17.354
GGTGC	2496.0	13652.5	-17.224
CTGCC	6468.0	36754.2	-17.075
GCAAC	2461.0	13475.9	-16.766
CACAC	3300.0	18341.1	-16.576
AGGCT	5919.0	33604.1	-16.565
TGGCA	3098.0	17196.5	-16.225
TGAGC	3520.0	19642.1	-16.223
ACAAG	1673.0	8985.8	-16.131
CTCGC	1301.0	6879.6	-15.747
CGCCC	2692.0	14886.7	-15.544
TGATT	3405.0	19029.9	-15.462
TCGCT	1287.0	6816.8	-15.400
TTAAA	3631.0	20355.4	-15.332
CCCCC	2299.0	12634.9	-15.161
CACTA	1448.0	7751.6	-14.887
GATCT	3396.0	19017.0	-14.841
TAACT	1662.0	8987.0	-14.644
CCCAG	7393.0	42453.5	-14.520
CGCAA	530.0	2609.6	-14.290
CAGTC	2048.0	11231.5	-14.244
TGGCT	4807.0	27326.6	-14.088
GTCTC	4725.0	26857.7	-13.909
GACGG	1476.0	7960.8	-13.850
GGTGT	2699.0	15039.8	-13.677
TACCA	1590.0	8629.0	-13.506
TTTCG	899.0	4688.1	-13.467
TTTAA	4993.0	28492.4	-13.313
TGTTG	4972.0	28368.4	-13.267
CCAAG	2834.0	15875.8	-12.901
TTATA	2543.0	14183.1	-12.896
GTGGC	3462.0	19553.8	-12.851
GCGCC	1826.0	10048.7	-12.437
GGTCT	3687.0	20917.4	-12.277
AGACA	3250.0	18356.9	-12.272
TGTGC	2977.0	16798.0	-11.775
CACGA	682.0	3528.6	-11.643
CTTGG	3604.0	20499.8	-11.423
CGTGA	1524.0	8366.4	-11.193
CTGCA	4990.0	28720.1	-10.881
TTGCC	3597.0	20556.1	-10.314
CTCAC	4840.0	27918.8	-10.058
GCTAG	1405.0	7759.1	-9.550
ATATA	2079.0	11772.0	-8.487
GGGTT	4368.0	25313.0	-8.377
AGCCA	3922.0	22682.4	-8.261
TCTCA	4652.0	27024.9	-8.129
GTGCG	936.0	5118.1	-8.063
GGGTC	1803.0	10180.4	-8.059
GAACG	341.0	1726.3	-7.978
CCTGC	5008.0	29232.8	-7.443
GCACC	2162.0	12381.3	-6.910
CCAAA	3153.0	18261.2	-6.892
ACACC	2113.0	12109.7	-6.745
CGGTT	511.0	2733.3	-6.658
CGCCA	1585.0	9011.7	-6.498
GTTGG	2821.0	16332.2	-6.457
TATAT	2570.0	14871.3	-6.164
TCGAC	298.0	1548.9	-5.969
CGGGT	1164.0	6588.2	-5.696
CATGA	2330.0	13517.6	-5.473
GCGGT	604.0	3332.9	-5.186
ACCCG	925.0	5216.5	-5.126
CTAAT	3073.0	17994.3	-5.098
CCACT	2842.0	16633.7	-4.942
AACGT	436.0	2377.7	-4.801
CGTAC	211.0	1093.7	-4.782
CCGTC	688.0	3850.3	-4.764
GTGTG	4473.0	26459.2	-4.598
TGGGC	2897.0	17010.3	-4.529
CTATA	1160.0	6647.3	-4.512
CGATA	195.0	1011.5	-4.454
GATCC	2040.0	11914.6	-4.225
AATAA	2234.0	13085.8	-4.197
ACGTA	309.0	1669.8	-4.181
ATCAT	1854.0	10821.8	-4.062
GCACA	2048.0	11986.6	-4.037
CGGTC	400.0	2219.9	-3.663
AATAT	2178.0	12819.2	-3.620
ATGAG	2083.0	12285.9	-3.299
GGCTG	6067.0	36342.9	-3.232
GGCGG	1389.0	8132.5	-3.179
GACGT	412.0	2320.0	-3.126
ATAGC	1094.0	6371.1	-3.121
TAACC	958.0	5571.1	-2.981
TAAAA	3114.0	18558.9	-2.936
GCAAT	2348.0	13937.5	-2.891
CGTGT	854.0	4974.6	-2.774
GACAG	2843.0	16974.6	-2.607
CGGCT	1939.0	11518.3	-2.587
ATAAT	1948.0	11577.6	-2.575
GGTCG	335.0	1906.1	-2.485
AACTT	2143.0	12770.8	-2.462
CTATG	1390.0	8227.1	-2.424
CTGTT	3609.0	21658.2	-2.413
TAAAT	2509.0	15003.8	-2.359
CGCTA	301.0	1712.4	-2.265
AAATA	2875.0	17236.5	-2.259
AACGA	283.0	1610.4	-2.232
CCATG	3608.0	21712.2	-2.134
TTCGA	415.0	2404.6	-2.100
AATCA	1546.0	9219.9	-2.078
GTGCT	3057.0	18395.7	-2.024
CATAG	1223.0	7298.7	-1.851
AATTC	2121.0	12748.5	-1.837
GGGGG	1852.0	11115.3	-1.832
ATTAA	1814.0	10887.1	-1.785
CCGTA	251.0	1450.5	-1.766
AAAGT	3200.0	19319.4	-1.756
CCATA	1142.0	6843.3	-1.602
TTCGC	567.0	3360.7	-1.585
AAAAC	1887.0	11379.0	-1.540
TGCAC	2188.0	13225.4	-1.492
ATAGA	1356.0	8159.2	-1.486
TAATA	1687.0	10179.7	-1.463
TAATT	4597.0	27957.6	-1.374
GAGGC	2042.0	16578.8	-1.354
TCGTT	503.0	2998.0	-1.354
ACCGT	625.0	3738.8	-1.347
GCTCC	1661.0	13478.1	-1.332
ATCGT	326.0	1935.2	-1.302
ATATT	2869.0	17425.0	-1.296
TCGCC	1152.0	6955.2	-1.280
ACGAA	261.0	1541.1	-1.266
CATAC	920.0	5549.6	-1.258
TTCGT	524.0	3135.6	-1.256
TTGAA	2877.0	17492.6	-1.256
CTTGA	2687.0	16532.0	-1.239
CTGTG	3296.0	22446.8	-1.199
GGTTT	3723.0	27330.3	-1.196
CTAGA	1333.0	8079.5	-1.177
CTTAC	1262.0	7650.3	-1.164
ATCGA	210.0	1247.9	-1.159
GAAGA	1813.0	11018.3	-1.153
AGGAG	2109.0	17587.8	-1.145
GCTTC	1894.0	13226.4	-1.120
TGCGT	412.0	3696.3	-1.118
ATGAT	1977.0	12028.6	-1.111
TTTAG	3032.0	24709.6	-1.075
TAGAT	1257.0	8480.2	-1.073
TCAAC	1036.0	7063.1	-1.070
TCCGC	1492.0	9074.9	-1.064
CCGAT	246.0	1471.3	-1.063
AAGCC	1287.0	10246.2	-1.060
AATAG	1366.0	8570.4	-1.057
TTGTG	2538.0	18391.5	-1.049
TACCT	1497.0	9906.4	-1.044
AACAG	1463.0	10441.1	-1.037
CCAGT	1688.0	13269.5	-1.028
ATTAG	1132.0	9069.7	-1.025
AATGC	1334.0	8949.8	-1.021
TTGAT	1918.0	14150.4	-0.980
ATGAC	840.0	6799.7	-0.971
GATAC	739.0	4492.1	-0.966
GAGCT	1711.0	12376.2	-0.964
CCGGT	419.0	2537.6	-0.955
TAGTG	1469.0	8966.4	-0.932
CATCA	1663.0	10955.8	-0.926
TTACG	215.0	1813.5	-0.915
TGGAC	1190.0	8297.9	-0.906
TGACG	381.0	2309.8	-0.904
ATTGC	1546.0	10615.7	-0.894
TTAAC	1333.0	8143.2	-0.886
CTTGC	2589.0	15842.9	-0.883
CGGGA	572.0	4774.6	-0.864
GACGA	268.0	1857.1	-0.857
AGATG	3054.0	18706.2	-0.856
TTGGT	2798.0	17151.5	-0.809
AGAGG	2002.0	14335.1	-0.805
TATGC	1054.0	6450.3	-0.800
AAATG	2546.0	15622.4	-0.767
TAGTA	1891.0	15211.8	-0.764
GTATC	828.0	5480.3	-0.761
GTGTA	1333.0	8572.0	-0.749
GGGTG	1951.0	13439.0	-0.741
GCAAG	1405.0	10099.5	-0.721
TACAC	835.0	6383.1	-0.716
TATAA	1598.0	9815.3	-0.716
GTCCG	360.0	2208.7	-0.715
TAGCA	1098.0	8147.3	-0.704
GCATA	965.0	5929.3	-0.700
TTTGG	3641.0	24951.2	-0.699
CTCGA	837.0	6023.0	-0.698
GAGCG	507.0	3818.6	-0.697
GTTGT	2031.0	12637.1	-0.684
CGGCG	624.0	3843.8	-0.630
AATCT	2279.0	14044.3	-0.606
GATTG	1223.0	8686.8	-0.594
TTCTG	3518.0	25665.2	-0.587
GTGGA	1902.0	11738.3	-0.574
TTGTC	2151.0	13269.6	-0.573
GACCG	321.0	1991.3	-0.552
TCAGT	2179.0	14308.1	-0.550
CGAAA	284.0	1763.2	-0.548
ATACT	1198.0	7405.7	-0.545
GTCGG	356.0	2210.8	-0.541
TAGTT	1693.0	12365.7	-0.540
CATGT	2708.0	19262.6	-0.538
TCGCA	283.0	2012.6	-0.537
AAACG	414.0	2575.1	-0.504
TCTCG	2306.0	14257.5	-0.504
GAGTT	1928.0	14932.3	-0.502
CTACG	250.0	1692.4	-0.496
ACCAA	1081.0	7991.5	-0.494
GAGCA	1379.0	10351.9	-0.491
TCATA	1379.0	8552.0	-0.479
TGATA	1246.0	8219.3	-0.472
GCCAT	2128.0	13999.3	-0.470
GATTT	2858.0	19178.8	-0.463
ACTAA	953.0	6899.5	-0.463
ATTGT	1822.0	12644.3	-0.462
GTCAT	1383.0	8748.9	-0.461
CGTTG	423.0	2644.5	-0.453
GTTTA	1465.0	12132.5	-0.448
GCCGT	432.0	3024.0	-0.436
AGCGC	557.0	3482.2	-0.421
CGGTG	583.0	4350.1	-0.416
ATACG	220.0	1384.2	-0.414
TGGTT	2506.0	17186.8	-0.414
CTACT	1165.0	10117.4	-0.411
CCGCG	760.0	4741.4	-0.411
CCCTG	2642.0	19515.0	-0.396
TGGGG	3035.0	20661.9	-0.395
GTCCT	1748.0	10865.7	-0.394
CAGCA	1907.0	16331.0	-0.393
GTCTA	756.0	5677.1	-0.387
TATTA	2072.0	13611.0	-0.383
CGTAA	230.0	1455.0	-0.382
AAGAG	1965.0	12221.1	-0.375
AGATT	2172.0	13509.1	-0.365
TTGCA	2049.0	15086.3	-0.364
GTAAT	1272.0	9522.2	-0.356
GAAAT	1945.0	12109.5	-0.352
CAATG	1091.0	9886.0	-0.344
CAGTA	1448.0	9032.5	-0.344
TGTGT	4311.0	29378.2	-0.342
GTACG	148.0	1174.4	-0.341
CGCCG	590.0	3947.0	-0.335
ACGGC	338.0	2460.4	-0.333
ATGTT	2961.0	21396.7	-0.325
CGGCA	375.0	2980.6	-0.321
AGCAA	2116.0	13193.8	-0.318
AAGTC	1100.0	8484.5	-0.316
CAACA	1268.0	9922.6	-0.312
ACAAT	1499.0	9367.5	-0.312
TCTAG	1183.0	8904.5	-0.308
GGTTG	1649.0	10305.4	-0.298
AGCTC	2475.0	17294.6	-0.293
GTTGA	1218.0	8792.1	-0.280
CGTAT	265.0	1694.1	-0.276
TGTCG	825.0	5199.8	-0.275
GCCTT	2730.0	18243.4	-0.264
TAACA	1094.0	8173.1	-0.262
TTATG	1545.0	11205.5	-0.260
CGACA	265.0	1752.7	-0.256
AGATA	1438.0	9019.0	-0.255
CTGCT	2623.0	20911.8	-0.250
ACCAG	1533.0	11459.9	-0.243
CGAAG	352.0	2253.5	-0.242
CTTCC	2856.0	21593.3	-0.234
CGTCG	156.0	1016.1	-0.233
GCCGA	458.0	3476.1	-0.230
GGGAG	2251.0	17898.4	-0.219
TCCTA	1522.0	9970.4	-0.206
GTACT	960.0	6074.3	-0.203
CAAAT	1758.0	12029.2	-0.202
TCTTA	1968.0	12356.2	-0.202
CTTAG	1456.0	9169.8	-0.201
ACAGA	2665.0	16690.5	-0.200
TTAAG	1802.0	11413.7	-0.198
CGACG	110.0	816.1	-0.197
GTAGG	1049.0	6640.4	-0.196
GCATT	1650.0	11901.1	-0.191
TGGAT	1701.0	12193.6	-0.186
GGTTA	930.0	6520.5	-0.181
ATGCT	1670.0	11628.6	-0.177
CATAA	1144.0	7246.4	-0.176
ACTCA	1502.0	10840.6	-0.162
TTGGC	3507.0	22073.2	-0.162
AAGAT	1602.0	10118.3	-0.162
GTTCT	1939.0	13982.3	-0.161
TATCG	172.0	1141.6	-0.153
TCGTC	355.0	2307.4	-0.152
GGCCA	2002.0	17712.7	-0.151
TGCAT	1720.0	13228.9	-0.151
CCGAA	325.0	2126.4	-0.149
GTTAT	1141.0	8167.6	-0.149
TGTTC	1819.0	13332.0	-0.148
AGTTT	3086.0	24726.9	-0.141
GTTAC	826.0	6298.5	-0.134
TAGAC	845.0	5402.2	-0.134
TCTCC	4905.0	30718.5	-0.134
ATGGG	1981.0	13437.1	-0.129
CCGTG	876.0	5651.2	-0.126
CAGGA	1985.0	19229.2	-0.124
GATGG	2676.0	18699.6	-0.122
GTGAG	2819.0	18268.0	-0.118
TTGCT	3617.0	23848.7	-0.117
GCGGC	898.0	5750.2	-0.116
TGGCC	3566.0	23768.7	-0.111
ATCAA	1086.0	6939.4	-0.109
AGGGT	2184.0	13816.5	-0.108
GGGCC	1455.0	11327.1	-0.107
CGTCT	619.0	4471.8	-0.105
CTGAC	1815.0	14962.5	-0.104
GTGGT	2479.0	16390.5	-0.104
TTTCA	3949.0	31662.8	-0.099
TACGA	163.0	1121.9	-0.099
TGGTA	1487.0	9885.6	-0.096
AAAGG	1578.0	11170.8	-0.096
GTGAA	1263.0	10663.6	-0.094
CAAAC	1668.0	10612.1	-0.094
CCGCA	569.0	4106.2	-0.092
GGAAC	1121.0	7179.7	-0.092
CTCGT	525.0	4548.6	-0.092
AGCAC	1107.0	10107.3	-0.091
CCCTC	1885.0	16777.5	-0.091
TAAGA	1378.0	8799.3	-0.090
GATGC	1045.0	7507.3	-0.084
ATACC	860.0	5546.6	-0.083
TGTCT	2986.0	20370.7	-0.083
ATAGT	1253.0	8025.6	-0.082
TGCTC	2452.0	16700.6	-0.081
ACTGA	1388.0	10240.6	-0.081
CATGG	1579.0	12493.7	-0.078
CTATT	1530.0	12563.5	-0.076
TCCGA	321.0	2139.2	-0.072
TGGTC	2839.0	17979.8	-0.071
GTTTG	2431.0	19541.1	-0.070
TCTGC	3315.0	23565.2	-0.066
CCATC	1909.0	13123.3	-0.064
GAAGC	1206.0	9357.0	-0.063
TGTTA	1855.0	13399.6	-0.063
TTGCG	311.0	2554.5	-0.062
AGGCC	1449.0	12800.0	-0.062
CTTAA	1429.0	9769.6	-0.060
TCGTA	203.0	1391.4	-0.058
TATGA	1200.0	7968.5	-0.053
AATTT	5810.0	36604.3	-0.053
CTTGT	2266.0	15955.9	-0.052
TTAAT	2651.0	16857.9	-0.051
GGTAG	1124.0	7265.0	-0.051
AGAGA	3758.0	25456.7	-0.049
CGGAC	283.0	1916.2	-0.048
GTTAA	1189.0	7678.2	-0.048
TATCT	1802.0	11897.3	-0.048
GATAG	871.0	5669.4	-0.046
ATCTG	2089.0	13733.2	-0.044
TACAT	1395.0	10060.7	-0.039
TGCTA	1477.0	9707.2	-0.038
TGGTG	2960.0	21260.1	-0.038
ACGGT	351.0	2369.0	-0.037
GGCCC	1838.0	11808.2	-0.035
ATGTA	1507.0	9722.9	-0.035
ATGTG	2253.0	14598.5	-0.033
CTCTT	3567.0	24038.2	-0.032
TGTCC	1859.0	11957.7	-0.031
CAGAT	1870.0	12026.7	-0.031
CCTCT	3473.0	24571.6	-0.031
TATGT	2067.0	13271.2	-0.029
ACGTT	452.0	3032.6	-0.029
GGCAG	2246.0	16901.9	-0.028
TCCGT	492.0	3295.3	-0.028
TTCCG	521.0	3489.2	-0.025
GGATG	1393.0	11570.1	-0.024
CTTTG	2878.0	22903.2	-0.023
CATCG	284.0	1962.1	-0.021
GTCCA	1124.0	8311.6	-0.021
ACGTC	331.0	2273.6	-0.020
AAATT	2940.0	19362.7	-0.020
TTGAC	1392.0	9059.4	-0.019
GTTCG	296.0	2050.5	-0.018
ACACA	2318.0	14916.3	-0.018
TCCAC	2291.0	16017.1	-0.018
AAAAT	3478.0	22233.6	-0.016
GTCCC	1238.0	9363.9	-0.016
ATATC	990.0	6522.1	-0.016
ACCGA	250.0	1797.4	-0.016
ATTTG	2465.0	19158.1	-0.015
TCAGA	1665.0	12963.6	-0.014
ATAAG	1051.0	6917.1	-0.014
GGGGC	1416.0	12222.1	-0.014
CAGAG	2899.0	20545.0	-0.013
TCAAT	1132.0	8548.6	-0.012
TTGTA	3403.0	23933.7	-0.012
TCTGA	1974.0	14766.3	-0.012
AAACA	2096.0	13569.8	-0.012
TCAAA	2224.0	14994.6	-0.011
GTAAA	1303.0	8545.6	-0.011
ACCCA	2426.0	16574.3	-0.010
TAGAA	1590.0	10375.2	-0.010
CCCGT	534.0	3627.8	-0.010
CAAGA	1385.0	10929.5	-0.010
GTATG	1041.0	6883.1	-0.010
GGATA	808.0	6117.4	-0.009
TGCTT	2717.0	20538.2	-0.009
CTTCA	2210.0	14465.8	-0.009
CATTA	1327.0	8954.4	-0.008
CCGGA	490.0	3353.2	-0.008
TAGGA	1442.0	9466.7	-0.007
GCGGA	499.0	3414.8	-0.007
GATGA	1326.0	9467.5	-0.007
GCTAT	1147.0	7593.4	-0.006
ATAAA	2046.0	13319.0	-0.006
TTAGT	2279.0	19205.7	-0.006
ATTCG	241.0	1732.1	-0.006
TACTA	939.0	6685.5	-0.006
GACTT	1549.0	10179.8	-0.005
AAGGT	1428.0	9415.4	-0.005
GTCTG	1939.0	13206.0	-0.005
CTTCT	3173.0	23085.6	-0.005
TTTGC	2603.0	21360.3	-0.005
GATAT	1102.0	7335.6	-0.005
AGCCC	1618.0	12510.1	-0.004
GAATT	1936.0	12657.5	-0.004
TGTAC	1124.0	7482.3	-0.004
TTACT	2057.0	13441.5	-0.004
TACGC	188.0	1417.0	-0.004
TGAAA	2300.0	15107.4	-0.004
CAAAG	2806.0	18204.5	-0.004
CAAGG	1504.0	10990.2	-0.004
AAGTT	1680.0	13007.9	-0.004
CGCGG	556.0	3826.0	-0.004
ACTTT	3281.0	22138.4	-0.003
CAGTT	2243.0	15363.6	-0.003
CTGAA	2023.0	13463.7	-0.003
GATCG	264.0	1911.7	-0.003
TGTGG	2376.0	17616.9	-0.003
TTCTC	4994.0	32093.1	-0.003
CGAGA	377.0	3594.0	-0.002
TCATT	2382.0	19129.2	-0.002
CTTAT	1379.0	10117.3	-0.002
CAATT	1901.0	12511.2	-0.002
CTGTC	3150.0	20469.7	-0.002
ACTTC	1730.0	11432.5	-0.002
AGGAT	1769.0	13257.7	-0.002
ACCCC	1353.0	9909.1	-0.002
GCCAG	2388.0	21007.0	-0.002
TCCAA	1428.0	10750.3	-0.002
GGTCC	866.0	6816.5	-0.001
TTCGG	352.0	2524.8	-0.001
AGGGG	1492.0	11614.9	-0.001
ATCAG	1186.0	9023.1	-0.001
TCCCC	1922.0	15662.0	-0.001
TGACC	1837.0	14824.4	-0.001
AACAT	1649.0	11198.7	-0.001
ATTGA	1240.0	9610.2	-0.001
CTTCG	418.0	2976.8	-0.001
CCTGT	2685.0	19159.2	-0.001
CTGTA	2005.0	13900.6	-0.001
TTCCT	3185.0	27714.1	-0.001
AAACT	2096.0	13830.6	-0.001
ACCCT	1359.0	10901.1	-0.001
CGAAT	212.0	1657.6	-0.001
TGCGG	475.0	3932.7	-0.001
GAACT	1941.0	13059.8	-0.001
GACAA	1058.0	7180.3	-0.001
GGGCA	1535.0	12243.9	-0.001
TCGGG	511.0	3610.2	-0.001
TCGAA	518.0	3668.1	-0.001
AACAA	1556.0	10413.1	-0.001
AATGT	1876.0	12625.8	-0.000
TGAAT	1989.0	13201.6	-0.000
AGAAG	1867.0	13459.8	-0.000
AACCG	208.0	1602.4	-0.000
ATATG	1319.0	8910.1	-0.000
GAAAA	2160.0	14328.7	-0.000
CTCTG	5112.0	33904.2	-0.000
GCGTT	249.0	2754.0	-0.000
TCGGT	282.0	2333.5	-0.000
CTAGT	1052.0	7366.4	-0.000
GGACC	997.0	6838.6	-0.000
AGGTT	2261.0	16043.3	-0.000
ATCTA	991.0	6808.7	-0.000
TCATC	1555.0	10543.9	-0.000
TATTC	1574.0	10585.5	-0.000
AACGC	217.0	1671.2	-0.000
TGTAA	1856.0	13199.3	-0.000
TAACG	175.0	1385.1	-0.000
TGTAT	3153.0	22584.2	-0.000
TATCA	1193.0	8135.6	-0.000
GAACA	1187.0	8094.3	-0.000
GAGAG	2075.0	13833.8	-0.000
ACCTA	753.0	6230.2	-0.000
ATGGC	1487.0	11345.9	-0.000
TGTCA	2397.0	15915.0	-0.000
ACACT	1170.0	9461.7	-0.000
TCTTC	2688.0	19535.9	-0.000
ACGAG	243.0	2332.9	-0.000
GAGAA	1787.0	13532.8	-0.000
TCTCT	3547.0	29811.1	-0.000
CGATG	263.0	2014.0	-0.000
ATTTC	2286.0	20452.1	-0.000
TTCCA	2297.0	18265.1	-0.000
CGGTA	158.0	1289.7	-0.000
ATTTA	3195.0	22421.2	-0.000
GGTCA	1394.0	9510.3	-0.000
CCGAC	279.0	2399.3	-0.000
TCTGT	4448.0	30024.9	-0.000
TTCTA	1834.0	14013.6	-0.000
TTATC	1251.0	9851.7	-0.000
CAATA	973.0	6773.8	-0.000
GGCAA	1176.0	8741.4	-0.000
AATTG	1316.0	9927.4	-0.000
CCCCT	1980.0	14929.4	-0.000
ATCGG	164.0	1344.0	-0.000
ACATA	1213.0	8354.5	-0.000
TACGT	256.0	1993.5	-0.000
CATAT	1409.0	9630.1	-0.000
TGAAC	1639.0	11135.6	-0.000
CAACG	231.0	1824.1	-0.000
GCGCT	431.0	4002.7	-0.000
CGCAT	263.0	2078.3	-0.000
AAAGA	2096.0	14114.7	-0.000
GTCGA	146.0	1232.5	-0.000
TGATG	1663.0	12930.0	-0.000
AACAC	1004.0	7737.0	-0.000
CGTTT	607.0	4770.9	-0.000
GTTTC	3271.0	24448.2	-0.000
CTCTC	2434.0	21193.6	-0.000
CTGAT	1641.0	11832.2	-0.000
CTATC	828.0	5877.7	-0.000
AACTC	2270.0	15293.0	-0.000
AAATC	1331.0	9192.9	-0.000
ACTCG	332.0	2554.2	-0.000
ACCTT	1911.0	13303.0	-0.000
GGGGA	1685.0	12284.8	-0.000
GAATC	883.0	7092.2	-0.000
ACTCT	2263.0	15270.2	-0.000
CATTT	3803.0	27356.1	-0.000
CATCT	2232.0	15101.9	-0.000
CCTTG	2396.0	17481.1	-0.000
GGTGA	1751.0	13770.7	-0.000
ATCCC	978.0	9867.4	-0.000
AAAAA	5191.0	35156.3	-0.000
CACTC	2005.0	14690.5	-0.000
CTAAC	767.0	5536.5	-0.000
AAGAA	2066.0	14109.2	-0.000
GCAAA	1262.0	9459.8	-0.000
ACATC	1096.0	7707.6	-0.000
CCCAT	1722.0	11814.6	-0.000
GAATG	1439.0	10150.7	-0.000
AACGG	228.0	1855.7	-0.000
ATTGG	1107.0	9229.7	-0.000
TATAC	845.0	6052.8	-0.000
AAAAG	2052.0	14270.3	-0.000
CGAAC	428.0	3249.7	-0.000
CGGAA	278.0	2216.1	-0.000
TTACC	1161.0	8160.5	-0.000
GCTTT	2766.0	20465.4	-0.000
CGCTT	512.0	3831.3	-0.000
TACCC	924.0	6594.1	-0.000
CCAGA	1949.0	14322.1	-0.000
GTCAA	809.0	5932.2	-0.000
CCTTC	2295.0	17899.4	-0.000
CACTT	1966.0	16219.0	-0.000
TAATC	1129.0	8725.5	-0.000
AGAGC	1363.0	10629.8	-0.000
AATGA	1618.0	11185.9	-0.000
GTAAG	898.0	6441.8	-0.000
TCTAA	1292.0	9108.0	-0.000
TAAAC	1059.0	7521.7	-0.000
TAGTC	890.0	6507.0	-0.000
TACTT	1907.0	13091.8	-0.000
GACCT	1816.0	14725.2	-0.000
ACGCT	253.0	2593.7	-0.000
CCAAT	864.0	7261.1	-0.000
AGTCC	1116.0	8709.0	-0.000
GACAT	1040.0	7836.5	-0.000
TCCTT	2699.0	22997.0	-0.000
GCAGA	1576.0	12402.3	-0.000
TTCAC	2799.0	20974.8	-0.000
GAAAC	1146.0	9563.4	-0.000
AAGGC	1082.0	9271.3	-0.000
GGCGA	337.0	2996.6	-0.000
ATCTC	3220.0	21700.6	-0.000
TAATG	1284.0	9068.0	-0.000
GTCAG	1531.0	11202.6	-0.000
ATGGA	1850.0	12801.7	-0.000
ACTTA	1098.0	7858.2	-0.000
TTTAC	1751.0	14114.0	-0.000
AATCG	193.0	1678.1	-0.000
ATGAA	1572.0	11038.1	-0.000
AGGTC	1234.0	8818.8	-0.000
ATGTC	1262.0	9014.9	-0.000
GCGAA	178.0	1594.9	-0.000
GATGT	1328.0	9537.9	-0.000
GTATA	929.0	6815.1	-0.000
ACTTG	1459.0	10875.4	-0.000
ACATT	1997.0	13922.9	-0.000
AGTTC	1590.0	11677.2	-0.000
TCCCT	2130.0	19704.7	-0.000
CTTTA	2135.0	15883.0	-0.000
ATTCA	1673.0	12421.4	-0.000
AGAAT	1635.0	12575.4	-0.000
GAACC	825.0	6739.1	-0.000
TAAGG	975.0	7163.9	-0.000
TGAGG	2174.0	17006.1	-0.000
ACAAA	1689.0	13122.0	-0.000
CATTC	1672.0	13713.2	-0.000
GCGAG	416.0	3446.7	-0.000
AAGGG	1309.0	10252.4	-0.000
GGGCG	845.0	6689.5	-0.000
ATTCC	1385.0	10711.6	-0.000
GGGAA	1688.0	12050.9	-0.000
AGAAC	1091.0	8036.6	-0.000
CGCTC	885.0	6641.0	-0.000
CGTTC	297.0	2548.8	-0.000
GACGC	263.0	2301.7	-0.000
GGACG	318.0	2710.2	-0.000
GGTAA	870.0	6564.7	-0.000
AAAGC	1263.0	9856.7	-0.000
CCTAT	991.0	7401.0	-0.000
GCTCT	2860.0	19868.2	-0.000
CCTTT	3187.0	25229.3	-0.000
AGTTA	1043.0	8545.9	-0.000
CCTTA	1186.0	8933.5	-0.000
GGCCG	762.0	6340.4	-0.000
TACTC	970.0	7286.5	-0.000
TTCCC	2461.0	19116.9	-0.000
CAAAA	2114.0	14980.0	-0.000
AGAAA	2525.0	17736.3	-0.000
GGAGA	2031.0	14782.0	-0.000
AGATC	1003.0	8084.0	-0.000
GAAAG	1558.0	11320.3	-0.000
CCGCT	492.0	4223.8	-0.000
CACAT	1630.0	12377.7	-0.000
GAGGG	1806.0	13030.8	-0.000
TTCAT	2447.0	18009.3	-0.000
GAGGT	1619.0	12947.4	-0.000
AAGGA	1628.0	11909.7	-0.000
CATTG	1524.0	11398.2	-0.000
CGTTA	152.0	1564.9	-0.000
GTTCC	1108.0	9176.6	-0.000
AGGGC	1397.0	10400.2	-0.000
TCGAT	287.0	2636.3	-0.000
TATGG	971.0	7503.0	-0.000
GGACA	948.0	8686.2	-0.000
AGGAA	1955.0	14592.9	-0.000
CCATT	2271.0	16394.1	-0.000
ATCCG	403.0	3521.1	-0.000
TCTAT	1275.0	10586.5	-0.000
CGAGG	537.0	4517.5	-0.000
GCCCT	1564.0	13097.1	-0.000
GGAAG	1853.0	13634.9	-0.000
ATGGT	1454.0	13157.9	-0.000
TCTAC	883.0	8332.6	-0.000
AACCC	1080.0	8362.0	-0.000
TAGGG	927.0	7315.6	-0.000
GAGGA	1767.0	13125.8	-0.000
AAACC	1169.0	9104.1	-0.000
ATCGC	210.0	2169.5	-0.000
TATCC	745.0	6584.0	0.000
CCGTT	274.0	2729.2	0.000
TTTCC	3097.0	27050.8	0.000
CTTTC	2551.0	24487.4	0.000
GGAAA	1676.0	12738.6	0.000
ATCCA	1557.0	11941.7	0.000
AAGAC	1042.0	8420.4	0.000
GGAGG	2512.0	19810.6	0.000
AATGG	1531.0	12033.3	0.000
AGGAC	996.0	8305.4	0.000
CAGAA	1658.0	13771.3	0.000
GAAGG	1386.0	11497.7	0.000
CCCTT	1697.0	14990.1	0.000
AGACC	938.0	8768.9	0.000
GACCC	831.0	7469.7	0.000
CCCTA	823.0	7342.5	0.000
TCCAT	1628.0	13882.5	0.000
CTCTA	1059.0	10462.9	0.000
AATCC	1222.0	10031.0	0.000
TTAGG	1187.0	9484.6	0.000
GTTAG	826.0	7856.8	0.000
