OligoSequence	Target Occurences	Background Occurences	Enrichment(ln p, up to 2 mismatches)
GCGTT	48.0	4697.8	-27.350
AGCGT	39.0	5023.5	-16.618
TGATG	119.0	24052.2	-16.066
ATTGA	106.0	21035.5	-14.994
TCCGG	40.0	5646.1	-13.913
TCGTA	25.0	2708.7	-13.466
AGTGG	103.0	22655.9	-11.565
ACCAA	85.0	17694.3	-11.363
TTCCG	35.0	5324.9	-11.223
CCGGC	51.0	9316.8	-11.171
CTTAA	91.0	19330.8	-11.160
TTGAT	103.0	23222.1	-10.720
CCTAT	51.0	9590.4	-10.487
TAAAC	83.0	17976.4	-10.239
CCGGG	68.0	13986.6	-10.232
ATGCC	66.0	13332.0	-10.163
CGATG	26.0	3591.8	-10.133
ATGAC	71.0	14803.0	-10.021
GATGC	58.0	11455.5	-9.881
CGGCG	38.0	6603.1	-9.740
GGACA	75.0	16083.3	-9.669
ATACT	71.0	15041.7	-9.591
AAAGC	96.0	21980.7	-9.547
CGCGC	38.0	6674.4	-9.536
TCGCA	24.0	3309.7	-9.283
CGTAT	24.0	3361.1	-9.067
TCCGT	32.0	5453.1	-9.008
TCAGT	84.0	19352.6	-8.716
TTGAC	66.0	14216.8	-8.541
TGCCG	30.0	5061.7	-8.531
GCGCG	39.0	7363.6	-8.481
ACAAG	79.0	18030.9	-8.373
CGACC	21.0	3088.5	-8.191
GCCGT	27.0	4400.3	-8.062
CGGGC	50.0	10380.2	-8.047
CCTTC	76.0	17543.6	-7.964
GGGGG	81.0	18734.8	-7.925
AACTG	87.0	20744.5	-7.907
TCTGA	98.0	23694.8	-7.869
GACCG	25.0	3996.0	-7.656
CGCAT	21.0	3304.3	-7.364
GTCCG	22.0	3562.4	-7.357
ACCAC	65.0	15172.2	-7.030
AAACC	87.0	21454.2	-7.025
CCGAC	20.0	3155.7	-6.985
GATTT	114.0	29467.8	-6.978
AATAG	80.0	19462.5	-6.965
CTATC	38.0	7717.9	-6.952
ACATA	81.0	19497.0	-6.922
GAACG	26.0	4517.0	-6.872
ACGCG	18.0	2688.5	-6.863
CGTTC	24.0	3985.7	-6.830
CATAG	53.0	11785.0	-6.728
CAATA	71.0	16960.9	-6.646
GGCTT	73.0	17777.9	-6.591
TACCC	38.0	7895.8	-6.579
GTCGG	24.0	4068.5	-6.578
GATGA	87.0	21882.9	-6.530
GACAC	54.0	12295.0	-6.468
TGACA	85.0	21144.6	-6.420
GAGTG	82.0	20393.8	-6.335
AACGC	21.0	3621.4	-6.295
CTGAT	74.0	18029.4	-6.275
GAACA	79.0	19630.8	-6.273
TGATT	105.0	27425.3	-6.253
CGGTC	20.0	3369.8	-6.251
GCAGA	85.0	21595.5	-5.923
ACTGA	82.0	20761.8	-5.922
CTGAG	110.0	29353.1	-5.773
CAAAA	167.0	46554.5	-5.740
TGACT	73.0	18489.0	-5.727
AAGCC	60.0	14696.7	-5.631
TAGGC	42.0	9393.4	-5.608
AAACT	109.0	29142.6	-5.545
TTTTT	534.0	154860.0	-5.542
CCTTA	50.0	11978.0	-5.353
ACGAT	19.0	3412.7	-5.300
GCGAT	24.0	4539.4	-5.299
TGATC	62.0	15376.7	-5.252
CTCAA	79.0	20607.7	-5.206
AACGA	23.0	4292.6	-5.196
TGACG	12.0	4514.4	-5.159
ACCGG	23.0	4349.7	-5.056
TCAAT	65.0	16766.5	-4.984
TACCG	7.0	2544.7	-4.918
CCAAA	93.0	25262.2	-4.906
CTTTG	110.0	30433.1	-4.886
TTAAT	107.0	29496.9	-4.864
AAGCT	71.0	18473.8	-4.863
GTGAA	89.0	24044.5	-4.801
TTCGG	10.0	4743.9	-4.781
TACGG	16.0	2780.5	-4.766
TTTAC	81.0	21515.1	-4.731
ATTAA	101.0	27800.6	-4.706
CGTAA	18.0	3350.3	-4.704
GCGGC	40.0	9293.5	-4.690
GTTCT	71.0	18671.4	-4.661
ACTCA	61.0	15909.8	-4.633
CGTAC	6.0	2056.6	-4.615
GTTAT	58.0	14807.3	-4.573
AGTCT	69.0	18387.4	-4.537
CTAGC	34.0	7735.7	-4.503
GCCAT	54.0	13742.5	-4.490
TGGCT	93.0	25833.0	-4.429
TTTGG	118.0	33581.9	-4.408
GTATA	51.0	13083.4	-4.387
AGGAC	55.0	14217.3	-4.377
AAGTC	56.0	14709.2	-4.255
GATCG	12.0	4474.3	-4.147
TGGTT	79.0	21739.3	-4.146
CCGTA	15.0	2723.0	-4.145
ACCGA	2.0	3524.8	-4.114
TTCTG	111.0	32052.6	-4.074
TACTG	58.0	15326.1	-4.010
ACCGC	24.0	5160.0	-3.961
TAGCG	15.0	2796.6	-3.945
GGCAC	50.0	13112.6	-3.923
CCGTC	22.0	6044.2	-3.921
CCCCC	44.0	11314.0	-3.868
CACAA	69.0	19111.6	-3.855
CGTTA	17.0	3439.6	-3.770
CGGGG	48.0	12513.3	-3.757
GATTG	56.0	15188.0	-3.754
GACAT	57.0	15198.4	-3.745
GCCGG	39.0	9989.9	-3.728
CAAGA	81.0	22724.0	-3.698
GTTCC	45.0	11840.0	-3.680
TTGGC	65.0	18101.8	-3.652
GAGAG	86.0	24614.4	-3.618
ACTTG	68.0	18997.0	-3.594
ATACC	33.0	9550.6	-3.565
GCTTT	88.0	25145.6	-3.562
CACCA	71.0	19878.7	-3.559
CGCGT	7.0	2890.3	-3.524
AGTTC	60.0	16620.3	-3.523
TCCTT	84.0	24296.5	-3.520
TTGGA	82.0	23407.5	-3.514
ACACC	48.0	12762.9	-3.488
TACGC	2.0	2061.4	-3.483
ATAGG	44.0	11663.7	-3.466
ATAGC	40.0	10221.9	-3.446
ATGGC	56.0	15521.5	-3.434
GACGA	17.0	3595.3	-3.427
CGGCT	32.0	8131.9	-3.418
AGAGG	85.0	24442.7	-3.416
ATGCT	63.0	17587.1	-3.386
CGATC	15.0	3633.6	-3.379
AGCAG	78.0	22273.7	-3.370
CAATG	60.0	16821.3	-3.345
GATCT	55.0	15254.3	-3.315
AACCA	66.0	18512.4	-3.303
TTACC	43.0	11453.6	-3.291
CTTCT	89.0	25998.4	-3.290
TAATT	109.0	32300.1	-3.287
TACGT	19.0	4278.4	-3.285
TGGAC	48.0	12962.9	-3.284
AATAC	68.0	19384.6	-3.275
TGAGT	74.0	21097.8	-3.271
TGGGT	73.0	21106.1	-3.265
ATTGG	57.0	15755.8	-3.221
ACCCT	48.0	13037.0	-3.210
CCACA	62.0	17417.5	-3.184
GCGTA	6.0	2573.9	-3.100
TTCAG	84.0	24936.5	-3.077
CAGGA	97.0	29202.1	-3.067
TGAAG	89.0	26386.4	-3.038
TTCGT	21.0	5060.4	-3.029
CCGCC	43.0	11712.5	-3.022
ATCGT	17.0	3811.5	-3.000
GGTCG	17.0	3814.8	-2.994
TCTGG	76.0	22365.3	-2.989
TGGAT	74.0	21498.9	-2.979
TCGAT	2.0	3015.3	-2.967
CGCCT	39.0	10690.6	-2.927
CGTGA	32.0	8522.4	-2.926
CGTAG	15.0	3251.2	-2.897
TCGCG	7.0	2830.3	-2.897
GTCTA	32.0	8553.2	-2.890
GATCC	37.0	10042.8	-2.837
GACAA	60.0	17501.7	-2.790
AATCA	73.0	21783.2	-2.783
GTCAG	55.0	15887.2	-2.772
GCCAA	55.0	15907.3	-2.756
CGCCG	22.0	5574.5	-2.746
GGCAG	85.0	25469.8	-2.741
AATGA	107.0	32786.8	-2.738
GGAGT	74.0	21894.8	-2.710
GGTCA	48.0	13589.2	-2.700
ACACG	23.0	5609.1	-2.696
GCAGT	69.0	20615.3	-2.686
TAGCA	48.0	13615.8	-2.678
CTCGT	19.0	4644.9	-2.663
CTTGG	72.0	21565.0	-2.637
GCTGA	76.0	22909.8	-2.631
TCCGA	15.0	3398.6	-2.617
CCCTG	64.0	19034.8	-2.591
CCGAT	9.0	2453.7	-2.585
TCAGC	63.0	18653.8	-2.561
TGGCA	69.0	20812.3	-2.555
CGTCG	5.0	1912.6	-2.552
CTGAC	41.0	15451.8	-2.533
GGCGT	32.0	8889.8	-2.521
AGCGG	14.0	6474.3	-2.519
AGCAT	58.0	17049.7	-2.510
GTTCG	15.0	3671.5	-2.509
CTGTT	79.0	24020.6	-2.505
AAAAG	143.0	45602.0	-2.474
GCCCT	44.0	12697.4	-2.465
AATCT	68.0	20515.2	-2.465
CAGAA	94.0	29323.5	-2.455
ACGAC	8.0	2538.0	-2.447
GATGG	74.0	22322.7	-2.439
GTACG	11.0	2278.4	-2.418
CGGAC	10.0	3715.0	-2.416
AGAAC	60.0	18038.0	-2.403
TATCA	50.0	14768.0	-2.388
GTCTG	55.0	16400.6	-2.384
GAAAC	76.0	23328.5	-2.377
ACTCG	6.0	4531.4	-2.363
GAATA	65.0	19825.9	-2.351
CGCAA	15.0	3554.2	-2.348
CTACG	12.0	2619.1	-2.342
CTGAA	84.0	26209.5	-2.320
TGGCG	32.0	9116.8	-2.292
GTCAA	43.0	12520.2	-2.291
CCAAG	60.0	18207.1	-2.290
TTCGC	15.0	3601.2	-2.272
TTTAT	144.0	46131.1	-2.271
TAAGC	37.0	10641.9	-2.260
GCTAG	30.0	8425.0	-2.256
TTAAG	65.0	20013.6	-2.234
TCGGT	12.0	3652.9	-2.229
CAAGT	58.0	17476.9	-2.216
GGGCT	59.0	17901.0	-2.214
ACTGG	58.0	17485.9	-2.210
TTATG	65.0	20054.2	-2.209
AATTG	72.0	22265.3	-2.209
TCCTA	42.0	12234.7	-2.208
CCGCG	11.0	6404.4	-2.184
CCAAC	43.0	12665.7	-2.176
CGTCA	16.0	3993.5	-2.171
CGGTA	7.0	2597.8	-2.158
CGTGC	23.0	6034.9	-2.153
GGAAT	66.0	20165.7	-2.142
ACGTA	16.0	4013.3	-2.142
CCTGC	61.0	18870.1	-2.140
GCTCA	62.0	18870.1	-2.140
CTAAT	51.0	15546.4	-2.120
ATTTC	95.0	30012.2	-2.116
GCGGT	18.0	5727.6	-2.111
CGGCC	32.0	9318.0	-2.103
CGACG	4.0	1783.4	-2.096
TCGTT	15.0	4816.7	-2.094
CTGTA	68.0	21182.4	-2.064
GACCC	36.0	10493.3	-2.062
TATCG	10.0	2159.0	-2.041
CAACT	47.0	14040.8	-2.038
GTCGT	6.0	3069.3	-2.031
CTCGC	20.0	5451.4	-2.026
GTAGT	41.0	12087.2	-2.019
TCTTT	142.0	46237.9	-2.016
AAACG	15.0	6813.4	-2.013
ATGCG	15.0	3773.9	-2.012
ACCCG	22.0	6160.4	-2.011
CCGAA	4.0	4036.1	-2.008
ATATA	86.0	27331.5	-1.995
CGGAA	20.0	5488.4	-1.982
ACTCT	55.0	17003.3	-1.981
GCCGA	22.0	6979.8	-1.969
CAAGC	46.0	13745.0	-1.964
CCATA	27.0	10450.8	-1.952
AGTAT	52.0	15809.2	-1.946
GGGCG	31.0	14142.0	-1.944
TCGAC	4.0	2122.1	-1.936
CCGTT	13.0	4425.0	-1.933
ACACA	88.0	27955.8	-1.930
GACTC	41.0	12226.2	-1.915
TACAC	38.0	11448.0	-1.914
GCACA	30.0	15846.9	-1.912
ACGCA	10.0	4057.3	-1.896
CCCGC	32.0	9561.9	-1.893
TTACG	9.0	3413.3	-1.893
AGTTG	56.0	17579.6	-1.888
AGGCA	80.0	25655.0	-1.884
TGTGG	75.0	23788.3	-1.883
CGTTG	17.0	4544.1	-1.879
GAGGA	81.0	25689.5	-1.868
TATGC	35.0	10352.6	-1.867
CATAC	33.0	9618.4	-1.847
GAATC	46.0	13920.3	-1.845
CCAAT	40.0	11940.5	-1.838
CAAAG	84.0	27261.6	-1.805
CTTCG	15.0	4820.8	-1.800
AACCC	32.0	15571.6	-1.793
CTCAG	78.0	24910.5	-1.791
CATTG	55.0	17348.1	-1.776
GGTAC	25.0	7110.6	-1.772
TGCGT	14.0	5254.2	-1.762
TCTCC	64.0	20435.2	-1.749
GTCTT	63.0	20020.2	-1.735
CACAT	60.0	19147.7	-1.733
ATCTT	70.0	22262.1	-1.733
GAGCG	20.0	7602.6	-1.729
ATCGA	1.0	3169.8	-1.724
CTTGC	47.0	14533.2	-1.713
CAGTA	47.0	14535.6	-1.712
TCGGG	21.0	7014.9	-1.703
ATGAT	73.0	23702.6	-1.702
CCTAA	30.0	11540.6	-1.700
GCATA	35.0	10580.8	-1.695
ATAAA	130.0	43010.5	-1.694
AACAA	109.0	35708.2	-1.690
ACCGT	7.0	4833.9	-1.690
AACGG	9.0	4582.3	-1.681
TCAAA	94.0	31059.3	-1.669
TGCCC	49.0	15462.7	-1.651
ACATT	82.0	26675.3	-1.641
AGGTC	41.0	12655.0	-1.621
AAGCA	74.0	23883.6	-1.620
CACCC	46.0	14286.4	-1.614
GAGTA	42.0	13072.3	-1.612
GGTCT	48.0	15140.1	-1.597
GTGGA	63.0	20304.9	-1.593
ACCCA	48.0	16556.1	-1.587
GCACC	37.0	11515.4	-1.587
AATGT	85.0	27795.0	-1.579
TATAC	39.0	12371.6	-1.575
TGCGG	23.0	6601.3	-1.573
AAAAC	115.0	38254.9	-1.567
TGACC	44.0	14500.9	-1.563
ATAGA	58.0	18612.4	-1.559
ACGCC	6.0	6684.0	-1.558
CATGC	45.0	14389.9	-1.554
GCCTT	45.0	16363.4	-1.552
CGTTT	26.0	7730.7	-1.552
ATCGC	16.0	4481.6	-1.551
GGGTT	57.0	18204.7	-1.545
TCTCG	26.0	7744.7	-1.541
CCATT	59.0	19091.8	-1.538
AGAAT	91.0	29888.8	-1.536
ACGGG	17.0	6070.9	-1.533
AGTCG	8.0	3357.4	-1.529
TGCCA	56.0	18269.4	-1.512
GTATG	38.0	12031.2	-1.510
TTGGG	77.0	25555.6	-1.508
GTAGC	33.0	10084.1	-1.497
CCCCT	42.0	13261.6	-1.496
CACGA	9.0	4446.0	-1.489
TGCTT	78.0	25608.0	-1.487
AGCTC	47.0	14926.8	-1.483
TGTTC	57.0	18340.0	-1.478
CATTC	53.0	17047.8	-1.477
AGTAG	40.0	17097.2	-1.474
TCGGC	11.0	6554.9	-1.473
GCGGA	8.0	8121.3	-1.472
AACAC	54.0	17492.4	-1.469
GGATA	40.0	12501.0	-1.467
GAACC	21.0	12947.9	-1.446
TAGAC	25.0	9502.9	-1.443
GGGAG	100.0	33756.3	-1.441
AAGCG	20.0	6029.5	-1.434
GGTTT	74.0	24319.7	-1.433
GCTTC	48.0	15450.8	-1.426
GCCCG	23.0	9606.2	-1.418
AAATC	70.0	22965.2	-1.414
CAGTC	39.0	12595.3	-1.411
CATAA	51.0	16765.8	-1.403
CGGCA	12.0	5121.2	-1.391
TCGGA	13.0	4059.5	-1.390
CGTCT	24.0	7293.6	-1.387
TAGCT	48.0	15530.6	-1.384
TGAAC	59.0	19426.4	-1.379
CGCAG	23.0	6837.3	-1.373
GGCCG	32.0	10276.2	-1.369
CCGCA	18.0	5378.7	-1.367
CACGG	20.0	6108.3	-1.365
GTAAA	66.0	21706.6	-1.365
AACGT	6.0	5690.8	-1.357
CTTAG	23.0	12902.4	-1.356
AATGG	51.0	24309.8	-1.355
AGTAC	30.0	9526.9	-1.350
GCAAA	69.0	23123.1	-1.349
GACGG	17.0	7057.7	-1.345
GCTCG	16.0	4683.7	-1.344
CGCCC	25.0	10404.9	-1.343
TACTC	34.0	10732.8	-1.330
GTGTA	39.0	12736.8	-1.330
ACCTA	32.0	10343.3	-1.326
ATTCC	47.0	15224.3	-1.326
GCGGG	29.0	13153.7	-1.326
CGGAT	9.0	4238.7	-1.323
ACTTA	42.0	16292.1	-1.315
TACCA	40.0	12772.4	-1.310
AAGGA	87.0	29514.4	-1.308
GACGC	5.0	4240.3	-1.300
AATCG	11.0	4253.2	-1.292
TGTAG	50.0	16570.5	-1.290
AGCAC	30.0	15468.7	-1.285
GTACT	30.0	9642.5	-1.275
GCATC	31.0	10039.6	-1.272
ACGGC	14.0	4045.4	-1.271
CAACA	56.0	22727.3	-1.265
AGAGA	100.0	34305.2	-1.264
AACCG	8.0	4121.0	-1.264
TCACA	60.0	20172.3	-1.249
GTTTT	128.0	43964.4	-1.244
ATGTC	43.0	14132.6	-1.244
AGCCA	67.0	22467.2	-1.242
TCGCT	20.0	6265.8	-1.238
GCAGG	67.0	22485.4	-1.235
AAAGG	83.0	28237.6	-1.233
GTAGA	40.0	15315.4	-1.227
GACCA	39.0	14642.6	-1.226
TGTGA	75.0	25341.3	-1.223
TTGGT	61.0	20694.6	-1.220
GACTG	40.0	15348.6	-1.219
GATCA	30.0	15478.9	-1.212
TATAT	80.0	27321.8	-1.209
CTTAC	34.0	10948.4	-1.203
CAGTG	79.0	26855.4	-1.200
AGCTA	46.0	15070.3	-1.195
TCAAC	33.0	12427.3	-1.187
CCGGA	9.0	5685.8	-1.186
TCTAC	40.0	13008.2	-1.185
ATCGG	5.0	2734.5	-1.184
CGGAG	9.0	10306.5	-1.181
GAGAA	96.0	32999.3	-1.179
TCTTG	71.0	24041.8	-1.177
ATCCG	10.0	3678.5	-1.171
CTATT	52.0	17273.3	-1.167
AAGGG	59.0	19925.4	-1.167
AGGTA	43.0	14301.2	-1.161
GCTGC	54.0	18167.6	-1.159
CTCCG	26.0	8274.9	-1.157
TTGTG	70.0	23658.1	-1.146
CCCTT	47.0	15600.6	-1.146
CCTGT	66.0	22281.9	-1.137
AGGGT	47.0	15625.0	-1.134
TAATC	43.0	15661.3	-1.124
TAGAG	50.0	16939.7	-1.124
CTTTT	140.0	48816.0	-1.112
CGCGG	21.0	6816.1	-1.109
GACTT	49.0	17408.0	-1.103
ACGTG	23.0	7206.5	-1.102
GGTAG	34.0	11142.2	-1.096
GGCAT	27.0	15151.8	-1.096
AGTGA	78.0	27607.1	-1.091
GACGT	13.0	4517.7	-1.091
TAGTC	29.0	9562.7	-1.087
AACTC	47.0	16127.2	-1.085
GGAGA	86.0	29737.9	-1.074
TAACC	21.0	9479.3	-1.064
CAAAC	46.0	19653.4	-1.061
CTGGC	59.0	20204.6	-1.059
GCGTC	13.0	4448.3	-1.059
ACGAA	14.0	4273.7	-1.059
GGGTC	34.0	11238.0	-1.047
TCCAC	41.0	13708.7	-1.046
GATTC	30.0	14391.5	-1.044
CTGCT	62.0	21179.4	-1.036
AATCC	33.0	16531.9	-1.035
CCCAA	50.0	17910.4	-1.034
GGCGC	33.0	10863.1	-1.031
CTTAT	28.0	15797.5	-1.027
CCACC	56.0	19448.6	-1.005
GCGTG	25.0	10317.4	-1.004
TGAAT	64.0	28087.8	-1.003
AACTT	69.0	24092.4	-0.998
GATGT	44.0	16495.8	-0.992
GCTTA	34.0	11522.3	-0.991
ACCAT	30.0	16412.5	-0.983
GGGGT	40.0	17114.1	-0.982
ACAAT	59.0	20433.3	-0.977
ATAAC	39.0	13449.7	-0.975
ATACG	11.0	3279.5	-0.971
ACGGA	18.0	5883.2	-0.969
CGATT	6.0	4147.6	-0.964
CGACA	5.0	3869.9	-0.959
CAATC	27.0	10539.3	-0.955
CGAAT	3.0	3330.9	-0.952
CGGGT	10.0	6711.2	-0.952
CACCG	15.0	7181.6	-0.948
CACGT	19.0	6295.4	-0.948
GTCGC	13.0	4049.2	-0.939
GGTCC	19.0	8721.5	-0.934
GCAAT	39.0	14951.5	-0.932
GCTAT	24.0	10380.5	-0.932
TCGTC	11.0	3323.1	-0.931
GCAGC	48.0	17063.6	-0.930
ATCAA	49.0	18459.9	-0.929
GGACT	29.0	14080.4	-0.928
CTTCA	60.0	21036.2	-0.927
GGATT	62.0	21503.9	-0.925
TAATG	51.0	19228.1	-0.922
CCCGT	3.0	5630.1	-0.922
AGATG	72.0	25308.5	-0.919
GCTCT	35.0	16790.6	-0.916
GTGAT	57.0	20323.2	-0.911
TAACT	46.0	15733.8	-0.911
AATTA	91.0	31871.1	-0.910
AGGGG	36.0	19264.4	-0.909
ACAAC	26.0	14643.8	-0.908
AGGAG	90.0	31880.3	-0.907
GATTA	33.0	18216.4	-0.907
GTGGC	58.0	20210.7	-0.898
TAGTT	52.0	17965.5	-0.895
TCAAG	49.0	19920.1	-0.894
ATTGC	21.0	15306.5	-0.890
CGGGA	28.0	10623.8	-0.889
TTAAC	44.0	15666.7	-0.888
GCGAA	3.0	3678.8	-0.886
TCAGG	61.0	21644.5	-0.880
GGCGG	37.0	16343.1	-0.878
GCGCT	12.0	5844.7	-0.876
GCTGT	52.0	18024.1	-0.875
TGGAG	84.0	29971.3	-0.867
TGTTT	130.0	46230.3	-0.867
CGGTT	6.0	4157.9	-0.866
ACTGT	54.0	18946.2	-0.866
AGCTG	72.0	25499.5	-0.863
GGCTC	50.0	17615.8	-0.863
ACACT	33.0	15935.0	-0.855
TTCTT	129.0	46289.7	-0.855
AAGGC	30.0	16581.9	-0.850
GGACG	17.0	5686.2	-0.848
GAAGC	46.0	16730.5	-0.838
GATAG	20.0	10895.0	-0.837
AGCGC	7.0	5708.2	-0.836
AGGGA	71.0	25115.8	-0.835
GGTTC	36.0	12530.5	-0.832
TTGCG	13.0	4191.4	-0.831
GCATT	29.0	17442.2	-0.831
TGTAC	31.0	11849.6	-0.825
CAGTT	58.0	20467.9	-0.815
AGTGT	49.0	18288.9	-0.815
TGATA	26.0	18478.2	-0.813
ACGAG	14.0	4595.3	-0.812
ATCAG	45.0	16006.5	-0.810
AAGAC	47.0	19282.0	-0.810
GGATC	27.0	11275.5	-0.797
GGTTA	31.0	10965.0	-0.793
GTTGA	45.0	16129.5	-0.785
GTTAA	42.0	16494.9	-0.777
CGAAA	11.0	4951.4	-0.775
GCCCA	48.0	16990.7	-0.775
TACTT	58.0	20614.7	-0.771
ATTAC	30.0	17596.4	-0.771
GTAAT	51.0	18728.2	-0.769
TTTTC	136.0	49263.2	-0.769
GAATG	61.0	23400.1	-0.768
TTATT	123.0	44309.8	-0.767
CTACT	21.0	15643.9	-0.767
TCCAA	47.0	16575.3	-0.766
CAGCA	66.0	23448.4	-0.765
CCTTG	34.0	17309.3	-0.754
GGTAT	30.0	10650.1	-0.752
CTCAT	20.0	16757.1	-0.750
CCTGA	53.0	21630.7	-0.748
GGGTA	29.0	10250.2	-0.747
TGTCG	13.0	4313.8	-0.746
GACAG	44.0	20819.8	-0.745
CACAG	61.0	22101.6	-0.745
GGGGC	53.0	18878.6	-0.744
CGTGG	9.0	9402.6	-0.743
AGCGA	14.0	6336.3	-0.742
AGGAT	55.0	19795.3	-0.742
CGATA	7.0	2058.1	-0.741
CCGTG	19.0	7163.7	-0.739
AGTCA	44.0	16454.0	-0.739
ACCAG	38.0	16514.5	-0.737
TTTCG	16.0	5485.5	-0.736
ACGTC	9.0	3835.1	-0.735
ATCAC	44.0	15798.5	-0.732
GATAA	49.0	17570.5	-0.731
TTGAG	45.0	27009.0	-0.730
ATTTA	102.0	36978.2	-0.728
TCTGT	66.0	28763.4	-0.725
GTACC	19.0	6738.5	-0.723
GGCTA	20.0	11273.2	-0.716
CTCAC	50.0	18069.9	-0.716
GTCAT	31.0	13182.4	-0.708
ACAAA	114.0	41658.8	-0.707
ATCTA	36.0	12860.4	-0.706
GTGTT	57.0	20386.2	-0.704
AACCT	40.0	17910.6	-0.704
TAACG	10.0	3231.5	-0.703
CTAAA	42.0	21338.0	-0.703
TCTCA	50.0	25944.4	-0.697
GAACT	40.0	17466.9	-0.697
ACAGG	48.0	22812.2	-0.696
TGCTG	69.0	26786.3	-0.691
TATAG	28.0	13320.9	-0.685
GCACG	15.0	5450.6	-0.684
TTATA	68.0	24735.9	-0.681
TCAGA	53.0	22004.1	-0.680
CCCGG	36.0	12934.3	-0.680
GAGTT	54.0	20792.5	-0.678
GTACA	32.0	11886.7	-0.678
GTTCA	48.0	17300.7	-0.678
AGTCC	33.0	11673.9	-0.677
GGATG	46.0	19195.8	-0.676
AAACA	114.0	41833.8	-0.676
TATGT	59.0	21445.9	-0.669
CTGCG	15.0	7613.1	-0.668
GGGAA	74.0	26762.1	-0.666
GGACC	23.0	9927.4	-0.666
CGCGA	9.0	2903.4	-0.664
CTATA	12.0	11902.1	-0.661
CAAGG	40.0	17934.4	-0.658
CTATG	31.0	11696.1	-0.657
TTCAT	76.0	27808.2	-0.656
GTTGC	38.0	13867.8	-0.654
GATAC	23.0	9279.9	-0.653
CTCCT	64.0	23410.8	-0.651
TTTGT	123.0	45118.9	-0.651
TTTAA	103.0	49141.9	-0.651
TTAAA	118.0	47584.6	-0.651
TTTTG	136.0	54943.7	-0.651
AGAAA	142.0	53637.5	-0.651
TTGTT	90.0	38209.2	-0.651
TAAAA	117.0	55749.7	-0.651
AAAAT	150.0	68223.6	-0.651
AAATT	109.0	47112.9	-0.651
AATTT	110.0	48131.2	-0.651
ATTTT	172.0	72572.2	-0.651
TTTTA	166.0	61201.2	-0.651
TATTT	137.0	54838.3	-0.651
TTTCT	137.0	55301.2	-0.651
AAATA	109.0	52476.4	-0.651
AATAA	86.0	41989.2	-0.651
GAAAA	127.0	49695.5	-0.651
AAAAA	362.0	134138.3	-0.651
AAAGA	97.0	45081.1	-0.651
AAGAA	116.0	44848.0	-0.651
AATGC	44.0	17015.6	-0.651
TATGG	34.0	13519.1	-0.651
TGAGG	61.0	27404.9	-0.650
TCTTA	48.0	19186.6	-0.646
GGGAC	33.0	14846.1	-0.646
TTCAC	34.0	19151.9	-0.645
TTAGC	21.0	14371.1	-0.644
CTGGG	76.0	37205.2	-0.642
AAGTG	65.0	25590.7	-0.641
AGAGT	52.0	19885.3	-0.640
CCATC	24.0	14309.6	-0.638
TCATT	68.0	27129.7	-0.638
CGCTT	5.0	6069.8	-0.636
TAAGT	31.0	16746.6	-0.636
CGAAC	9.0	3108.6	-0.633
TAAAG	65.0	23976.8	-0.631
TAGCC	17.0	10506.0	-0.631
AGACC	42.0	15251.5	-0.629
TAGGG	19.0	11239.0	-0.626
TATAA	65.0	24003.6	-0.625
CACTG	49.0	24248.5	-0.624
TAGAT	41.0	16106.6	-0.623
GGAAC	38.0	13972.1	-0.620
CACAC	46.0	21031.7	-0.617
ATCCT	41.0	15649.4	-0.616
GAGGG	62.0	22609.2	-0.615
ATCTG	44.0	18950.8	-0.603
CCCTC	40.0	14464.7	-0.603
CTTGA	59.0	22498.3	-0.599
GTATC	22.0	8160.5	-0.598
GGGCA	50.0	19570.3	-0.592
ATGTG	63.0	23187.2	-0.591
AGATC	30.0	14992.1	-0.590
CTTCC	57.0	20833.8	-0.588
TTGCT	57.0	24900.1	-0.586
TTAGT	49.0	18166.2	-0.585
CCCCG	26.0	9425.9	-0.585
TGCTA	36.0	13224.4	-0.584
CTGCC	57.0	20859.2	-0.582
ACATG	37.0	21329.4	-0.580
ACTAG	21.0	9209.4	-0.579
TTCCT	79.0	29195.5	-0.578
CGCTG	14.0	7415.4	-0.576
ATGGA	64.0	24602.1	-0.576
ACGCT	2.0	4181.3	-0.576
AGCCG	15.0	8324.2	-0.573
CGCAC	5.0	4636.9	-0.569
AAATG	115.0	42498.1	-0.566
CCTAC	17.0	7786.5	-0.565
CAACC	16.0	12220.5	-0.563
ACCCC	34.0	12466.3	-0.562
CAGAG	76.0	28283.9	-0.560
CGCTC	16.0	5856.1	-0.558
GGCCC	34.0	12466.1	-0.554
GTATT	55.0	20524.6	-0.551
TGGTG	44.0	27081.2	-0.546
CGAGC	5.0	4522.5	-0.544
CTAAC	20.0	8961.4	-0.543
TAGGT	31.0	11652.0	-0.541
CTTTC	50.0	26778.9	-0.541
ATACA	49.0	22818.0	-0.539
GGCTG	83.0	30958.9	-0.539
GAAGA	69.0	28355.8	-0.538
AATTC	43.0	21236.3	-0.538
TTTCA	104.0	38630.0	-0.534
ATGAA	72.0	32509.9	-0.533
CATGG	51.0	19211.1	-0.532
ATCTC	50.0	18754.9	-0.531
TAGTG	33.0	12877.0	-0.531
AAGAG	60.0	26812.6	-0.530
CTACC	23.0	8355.1	-0.523
TATTA	63.0	23501.6	-0.523
ATTCA	50.0	23548.0	-0.523
CTGTC	32.0	17920.2	-0.523
AACAG	60.0	23463.2	-0.522
CTGGA	65.0	27286.4	-0.522
ATTCG	10.0	3512.3	-0.522
ACCTG	51.0	19384.1	-0.519
ATCAT	48.0	17902.2	-0.517
AGACT	36.0	18894.2	-0.513
CCTTT	55.0	25810.5	-0.506
CTCGG	18.0	9718.5	-0.504
GGCAA	46.0	17433.0	-0.500
GTTTA	54.0	20284.6	-0.500
TCACG	18.0	6778.9	-0.499
CGTCC	12.0	4457.7	-0.493
CACCT	46.0	17964.9	-0.493
CATGA	37.0	19450.0	-0.492
AGCAA	53.0	23610.4	-0.492
CTGTG	59.0	24796.0	-0.491
GAGCA	28.0	17380.6	-0.486
CTCTC	47.0	17582.9	-0.485
TCTAT	34.0	15641.4	-0.484
TCACC	37.0	15614.5	-0.481
GCTAA	35.0	13222.5	-0.479
ATCCA	40.0	14917.2	-0.478
TTAGG	26.0	14979.3	-0.477
CATCC	32.0	12302.8	-0.476
GGGGA	59.0	23547.0	-0.476
ACTAA	32.0	15984.3	-0.475
CCGGT	10.0	3939.7	-0.473
TGCAG	72.0	27225.2	-0.471
GGGTG	53.0	20849.0	-0.471
TGTCA	40.0	19161.1	-0.470
AAAGT	85.0	31892.9	-0.469
AGGCC	27.0	16321.2	-0.469
TGGGG	73.0	27749.6	-0.468
GGTGT	41.0	15411.6	-0.466
AACTA	41.0	15412.7	-0.466
CCCTA	21.0	8116.0	-0.462
ATAGT	40.0	14986.8	-0.461
TCCTG	58.0	27066.0	-0.460
GTGAC	37.0	14123.0	-0.456
TCCGC	7.0	6334.5	-0.450
CATTA	37.0	16656.5	-0.449
ACAGA	76.0	28881.1	-0.449
GTGGG	60.0	22915.0	-0.448
TTGCC	33.0	15503.5	-0.445
GGGAT	38.0	18935.0	-0.445
CAGCG	16.0	7099.4	-0.441
GGTGA	50.0	21659.5	-0.440
TTGCA	62.0	23450.1	-0.438
GACCT	30.0	13667.8	-0.437
TGGTC	35.0	13983.6	-0.436
TGTAT	60.0	24010.2	-0.435
CTTTA	61.0	23951.3	-0.435
AGGCT	42.0	25794.0	-0.435
ATTTG	85.0	32135.9	-0.431
GAAAT	88.0	33227.9	-0.429
GTGAG	49.0	24609.5	-0.428
AGGAA	90.0	34351.7	-0.423
ATGGG	48.0	19640.4	-0.422
TCATG	48.0	18932.5	-0.419
CAATT	45.0	19737.2	-0.419
TCTGC	37.0	19187.8	-0.419
CCGAG	15.0	9679.8	-0.416
GCCGC	11.0	7887.3	-0.415
TGTTG	56.0	25542.9	-0.414
TCTTC	55.0	23012.5	-0.410
TATTG	49.0	18955.9	-0.410
CAACG	8.0	3607.6	-0.410
TGCTC	29.0	15026.8	-0.408
AGACG	19.0	7452.3	-0.407
CAAAT	72.0	27610.2	-0.407
GGCCA	41.0	18137.2	-0.405
AGCTT	50.0	19442.3	-0.403
TACAT	50.0	19381.9	-0.398
GCCTA	16.0	8514.1	-0.394
AGGGC	40.0	15282.7	-0.394
CTCTG	67.0	26603.0	-0.392
GATAT	18.0	15385.7	-0.391
TCATA	37.0	15285.4	-0.388
ACAGT	46.0	19380.2	-0.385
ATTCT	58.0	27788.2	-0.384
CTAAG	20.0	11676.4	-0.382
GTGTG	61.0	25715.1	-0.381
AGAGC	34.0	17968.9	-0.380
ACAGC	35.0	16142.6	-0.379
TTCCA	61.0	23800.9	-0.378
GAGTC	29.0	13064.1	-0.376
GTTGT	41.0	16611.3	-0.376
AGACA	50.0	24738.3	-0.370
CGAAG	5.0	4464.8	-0.370
TGCAA	57.0	21959.5	-0.361
GAAAG	64.0	30315.1	-0.361
GAAGT	51.0	20056.7	-0.360
TAAGG	35.0	13657.7	-0.360
GCTTG	37.0	16784.1	-0.359
TTATC	26.0	14812.2	-0.358
GTTGG	40.0	16843.2	-0.358
TGAAA	112.0	42907.8	-0.355
TGTCT	52.0	24478.9	-0.354
ACGTT	8.0	5765.6	-0.353
ACCTT	36.0	16333.6	-0.353
TACCT	33.0	12888.8	-0.352
AGAAG	72.0	29437.3	-0.351
CCCAC	29.0	14752.2	-0.350
TAACA	41.0	19161.6	-0.349
AGCCC	35.0	13710.9	-0.349
CCTCA	50.0	19665.7	-0.347
TGGTA	38.0	15064.8	-0.346
TGTGT	77.0	31263.1	-0.344
TATGA	35.0	18515.0	-0.341
GTAGG	25.0	10550.1	-0.341
CAGGC	39.0	25785.1	-0.341
TGCCT	50.0	23959.2	-0.339
ATGGT	44.0	19591.5	-0.336
TATTC	39.0	17377.9	-0.336
CCCAT	30.0	13349.8	-0.333
TATCC	16.0	9391.7	-0.332
CCAGC	48.0	26398.2	-0.332
CCTCC	31.0	25227.3	-0.332
TATCT	38.0	17308.0	-0.331
GAAGG	60.0	23612.3	-0.331
TGCGA	9.0	3672.0	-0.331
CGACT	8.0	3083.3	-0.330
GCGCC	25.0	10186.8	-0.330
TCACT	33.0	22034.7	-0.329
GCTGG	50.0	31501.0	-0.329
TCGCC	13.0	5197.8	-0.325
ACATC	32.0	12942.5	-0.324
CTGGT	44.0	17471.3	-0.323
CAGAT	50.0	19819.8	-0.321
TTGTA	49.0	23631.6	-0.321
GGAAA	91.0	35144.5	-0.321
ATATC	29.0	12950.8	-0.320
TTGAA	83.0	33983.7	-0.319
AACAT	68.0	26690.1	-0.319
TTACT	45.0	19430.1	-0.318
AGTTA	43.0	17038.5	-0.318
CACGC	7.0	7671.4	-0.317
CATCG	6.0	3317.8	-0.316
GGTAA	28.0	13304.9	-0.312
ATAAG	26.0	16343.0	-0.311
GTTTG	61.0	24244.3	-0.311
ACTTC	39.0	16685.0	-0.311
GAATT	52.0	24339.9	-0.307
GTCCT	26.0	12681.3	-0.304
TAGGA	24.0	15783.9	-0.303
TAGAA	60.0	23806.0	-0.303
CATAT	44.0	17659.4	-0.301
TTCTC	69.0	27373.8	-0.296
TGGCC	42.0	18275.1	-0.293
TAAAT	92.0	35962.6	-0.292
TCTAG	31.0	12676.5	-0.289
CGGTG	18.0	7686.1	-0.286
CCATG	42.0	16778.4	-0.285
CAGGG	54.0	21499.7	-0.285
TTTCC	69.0	29505.5	-0.283
GACTA	20.0	9583.7	-0.280
ACGGT	11.0	4495.2	-0.279
GCTCC	31.0	12994.3	-0.272
GTGCT	30.0	16984.4	-0.272
AAGGT	43.0	17370.6	-0.271
GTTAC	15.0	9692.6	-0.268
GGTTG	37.0	15717.3	-0.266
ATCCC	28.0	14003.7	-0.266
CTTGT	31.0	18565.3	-0.266
TCGAA	8.0	3830.0	-0.265
TTAGA	49.0	19728.4	-0.264
TGGGC	28.0	21464.3	-0.262
TGTTA	48.0	20566.2	-0.262
TTCGA	10.0	4126.0	-0.262
AGTAA	40.0	19971.6	-0.260
CATCA	32.0	16147.2	-0.258
GCGAG	12.0	6962.2	-0.258
TTACA	63.0	25433.2	-0.257
AGTGC	29.0	17162.5	-0.256
GTGGT	47.0	20157.6	-0.252
GGCGA	14.0	6287.1	-0.251
ATTGT	44.0	21612.2	-0.249
TCTCT	75.0	29864.5	-0.249
TGTAA	64.0	25747.3	-0.248
TTTGA	88.0	38738.6	-0.247
TGGAA	68.0	31137.3	-0.245
AAGTA	45.0	20728.9	-0.245
ATGAG	50.0	21627.2	-0.243
CAGCT	57.0	23153.0	-0.241
CCAGA	40.0	19325.8	-0.240
GGCCT	27.0	17412.1	-0.236
TACGA	6.0	2461.2	-0.235
GGAAG	60.0	28515.6	-0.233
CGAGA	12.0	8630.5	-0.233
CAGAC	35.0	14372.8	-0.232
ATAAT	51.0	27556.7	-0.228
TCCAT	36.0	17087.8	-0.226
ATGCA	37.0	18490.4	-0.226
ATGTA	48.0	20633.0	-0.224
GCATG	39.0	16273.2	-0.223
CTCTT	56.0	23837.4	-0.221
CCACG	3.0	6677.5	-0.220
TGGGA	87.0	35052.7	-0.219
GTAAC	14.0	9541.0	-0.216
TGCAT	30.0	18791.9	-0.216
GTTTC	47.0	22873.5	-0.216
TTCTA	50.0	22077.2	-0.215
TTTGC	59.0	24347.7	-0.215
ATTAG	43.0	17748.6	-0.214
TTGTC	31.0	16387.9	-0.212
CTAGA	30.0	12704.1	-0.210
CGTGT	15.0	6499.9	-0.210
GCCCC	30.0	12706.5	-0.210
CCGCT	5.0	5405.9	-0.200
GAGAC	40.0	23186.2	-0.199
GTCTC	49.0	20355.5	-0.199
CCCCA	23.0	17264.9	-0.198
AGCCT	49.0	23849.1	-0.195
TTTAG	55.0	25603.9	-0.192
GGAGG	82.0	37349.0	-0.189
TCGTG	12.0	5767.9	-0.187
CCTGG	59.0	30821.0	-0.186
TTCAA	69.0	28548.5	-0.185
ACCTC	32.0	16341.2	-0.185
GCAAG	37.0	15658.0	-0.184
GAGGT	50.0	20916.7	-0.181
GTGCG	13.0	5769.4	-0.180
GCCAC	22.0	16953.0	-0.178
TCCCA	54.0	25704.3	-0.175
GCCTG	68.0	28082.7	-0.171
CTGCA	60.0	25042.3	-0.167
CATCT	39.0	19774.7	-0.165
ACTGC	43.0	18492.8	-0.164
GTCAC	19.0	11594.0	-0.163
GGTGG	39.0	27773.4	-0.163
CGCCA	2.0	7073.2	-0.163
TCCCG	11.0	8289.5	-0.160
CATTT	94.0	39254.4	-0.160
TCTAA	38.0	16703.4	-0.160
CAGCC	53.0	24635.7	-0.159
AGATA	37.0	20138.2	-0.159
TACAG	41.0	20832.3	-0.158
GGAGC	39.0	16895.0	-0.151
GCAAC	26.0	12844.2	-0.150
GTGCC	29.0	13060.3	-0.149
ATATG	32.0	20034.6	-0.147
AAGTT	59.0	25139.7	-0.144
CACTC	27.0	14804.8	-0.143
TACAA	40.0	22353.3	-0.142
CTAGT	11.0	9232.1	-0.139
GAGAT	50.0	24049.0	-0.138
TTCCC	40.0	19096.9	-0.136
TCCCT	38.0	18247.2	-0.134
CTCCC	38.0	22426.2	-0.133
AGTTT	62.0	33133.2	-0.132
TAGTA	27.0	14071.4	-0.132
TGCAC	30.0	16075.3	-0.130
GCGCA	12.0	5623.6	-0.128
GAGGC	53.0	28576.4	-0.128
ACTTT	74.0	32817.9	-0.125
AGGTG	45.0	21958.1	-0.124
GAGCT	38.0	17753.6	-0.123
TGAGA	75.0	32235.3	-0.120
CCAGT	23.0	15111.7	-0.120
AGATT	57.0	24225.4	-0.115
ATGTT	66.0	28084.7	-0.114
CACTA	13.0	9842.2	-0.107
CAGGT	37.0	18427.5	-0.105
CCTAG	13.0	10274.7	-0.103
CATGT	34.0	20293.9	-0.103
AGGCG	15.0	12531.7	-0.103
AAGAT	55.0	24638.5	-0.100
CCTCT	30.0	18882.3	-0.100
CGAGG	18.0	8609.4	-0.099
ACTAT	24.0	13008.6	-0.098
TGTCC	27.0	13040.7	-0.097
CCCGA	11.0	5394.1	-0.097
GGTGC	24.0	12790.5	-0.094
GTTAG	24.0	11014.3	-0.092
GGGCC	31.0	14429.5	-0.091
TACTA	16.0	13067.4	-0.090
AATAT	64.0	32423.4	-0.085
ACTCC	29.0	16469.4	-0.085
GCCAG	36.0	19307.5	-0.085
ATATT	58.0	32515.9	-0.083
GTCCA	19.0	10136.9	-0.083
GTGTC	26.0	12569.7	-0.081
AGGTT	34.0	19430.6	-0.079
GTGCA	30.0	17080.7	-0.076
ATTAT	53.0	27143.4	-0.072
CACTT	48.0	22636.3	-0.070
TAATA	54.0	24060.7	-0.069
TCATC	21.0	14247.8	-0.069
TGAGC	43.0	21926.1	-0.067
CTCTA	25.0	14498.0	-0.067
CGAGT	6.0	4464.6	-0.061
GTCCC	24.0	11500.1	-0.059
CCCAG	63.0	30515.5	-0.056
CCTCG	14.0	7293.3	-0.054
TCCCC	27.0	14775.7	-0.054
CCACT	36.0	17064.2	-0.048
CGCTA	4.0	2372.7	-0.047
CTAGG	21.0	10881.7	-0.042
ACTAC	11.0	9700.2	-0.039
GTAAG	20.0	12412.6	-0.036
CTCCA	28.0	21022.2	-0.034
GCTAC	17.0	9949.8	-0.033
TCCAG	26.0	22437.7	-0.033
TGCGC	10.0	5838.9	-0.028
CTACA	27.0	13828.2	-0.026
CTCGA	6.0	4464.5	-0.023
GCACT	33.0	16507.4	-0.022
CCAGG	54.0	27940.8	-0.021
GAGCC	37.0	18569.9	-0.021
TAAGA	29.0	19425.5	-0.019
TGTGC	25.0	16941.4	-0.019
GCGAC	6.0	3983.4	-0.018
TCCTC	21.0	17333.4	-0.016
GCCTC	36.0	22953.2	-0.011
TCGAG	5.0	4994.1	-0.001
GTCGA	0.0	2195.3	1.000
