OligoSequence	Target Occurences	Background Occurences	Enrichment(ln p, up to 2 mismatches)
TTTTT	74128.0	275561.7	-151.204
TGTTT	17649.0	74071.4	-145.209
TTGTT	14944.0	62932.5	-131.336
TTATT	20632.0	88113.8	-124.330
GTTTT	17113.0	73105.5	-117.799
CCCCC	1630.0	5479.7	-112.110
TTTAT	21309.0	92356.6	-104.106
GATGA	3840.0	15057.6	-97.929
ACTGA	4027.0	16050.8	-89.591
GGGGG	1778.0	6473.8	-82.522
AACTG	3955.0	16454.7	-60.204
TTTGT	16399.0	73425.9	-60.175
TGATG	4797.0	20402.9	-55.811
TATTT	23229.0	105595.1	-49.659
AACCG	326.0	1270.7	-47.225
ACCCC	1293.0	5361.2	-46.444
ACCGA	294.0	1277.8	-44.796
TGACG	396.0	1639.8	-44.522
TTTTA	25345.0	115930.5	-44.041
CCCCT	1854.0	7455.3	-42.688
TACTG	3788.0	16223.1	-42.658
GTAAC	2196.0	9010.5	-41.601
TCCCC	2085.0	8523.7	-41.185
AGCTG	3017.0	12740.8	-41.126
GACGA	261.0	1162.8	-40.361
GGGCG	284.0	1695.1	-40.120
ACCAA	2843.0	12011.7	-39.010
AGCGG	315.0	1249.1	-36.317
GGGGA	2152.0	8945.8	-36.206
CCGAA	390.0	1453.8	-35.814
GACTG	2194.0	9147.7	-35.698
AGCCG	293.0	1450.8	-34.645
TCTGA	4514.0	19894.4	-34.089
AACCC	1648.0	7266.9	-34.065
ACCCA	2048.0	10139.5	-34.065
CCTCC	2036.0	11524.8	-34.065
CCACA	2208.0	10808.5	-34.065
ACTCA	2326.0	11766.5	-34.065
ATCGC	255.0	1208.4	-34.065
ACCAC	1812.0	8788.8	-34.065
CACTG	2917.0	14495.1	-34.065
ACTGC	2189.0	10490.5	-34.065
CCTAC	1223.0	6036.1	-34.065
TATCT	4737.0	24728.3	-34.065
CTTTT	15328.0	77197.6	-34.065
TTATG	5905.0	29588.7	-34.065
GCTAA	2237.0	10607.5	-34.065
TAATA	6935.0	35417.6	-34.065
AATAA	8628.0	45172.5	-34.065
ATAAT	7591.0	38711.9	-34.065
ATCTT	5505.0	29165.8	-34.065
CTTAT	4438.0	22712.7	-34.065
TTATA	8211.0	44603.3	-34.065
AAATT	11363.0	59154.6	-34.065
AATTT	13853.0	75843.7	-34.065
ATTTA	12638.0	62253.8	-34.065
TTTAG	6558.0	36554.3	-34.065
TTAAA	12418.0	65554.9	-34.065
TAAAT	9750.0	49929.8	-34.065
AAATA	11331.0	57797.7	-34.065
TACAG	3388.0	17124.5	-34.065
AGACC	1385.0	6970.8	-34.065
GACCA	1400.0	6919.5	-34.065
TTAAT	10136.0	50868.3	-34.065
TAATT	10159.0	52642.6	-34.065
ATTTC	7834.0	41118.1	-34.065
TTTCT	15010.0	80579.4	-34.065
GCAAC	1275.0	6925.5	-34.065
CAACA	2635.0	13297.9	-34.065
AGCTA	2366.0	11517.2	-34.065
CTAAG	2267.0	10820.7	-34.065
GAACG	334.0	1479.3	-34.065
ATCAG	2667.0	13342.6	-34.065
TCAGC	2212.0	11046.2	-34.065
CAGCC	1813.0	9138.6	-34.065
ACTTT	7771.0	41920.7	-34.065
CTTTA	6210.0	34586.3	-34.065
TTTAA	15703.0	81844.3	-34.065
AATTA	7534.0	39724.1	-34.065
ATTAA	7242.0	37474.9	-34.065
AAGCT	2986.0	14265.2	-34.065
GCAGA	2314.0	11371.9	-34.065
GCACC	981.0	4954.1	-34.065
CACCA	2068.0	11008.1	-34.065
ACCAG	1852.0	9289.6	-34.065
CCCAA	2240.0	10716.7	-34.065
TCTTT	12744.0	68546.9	-34.065
TTTGA	8936.0	49808.7	-34.065
AAAAT	13138.0	68998.3	-34.065
ATTTG	8615.0	44641.2	-34.065
CATTT	10007.0	57216.7	-34.065
ATTTT	26068.0	130647.6	-34.065
TTTTC	15109.0	78906.3	-34.065
TTCTT	12325.0	65930.4	-34.065
TAAAA	11506.0	61760.6	-34.065
TTTTG	18028.0	85923.0	-34.065
CGAAA	453.0	2220.6	-34.065
ATAAA	8898.0	47310.9	-34.065
GCGGT	264.0	1316.2	-34.065
CGGTG	374.0	1815.8	-34.065
TGGGA	3156.0	17155.2	-34.065
AGGGC	1204.0	5954.8	-34.065
GGCCA	1436.0	7279.8	-34.065
ATTGT	5958.0	31008.6	-34.065
GTGTT	4673.0	23883.6	-34.065
TGTTG	5342.0	29508.1	-34.065
AGTGG	2807.0	13476.2	-34.065
TGGTG	2983.0	16436.0	-34.065
GTGGC	1667.0	8497.1	-34.065
GATTT	8055.0	39745.6	-34.065
TGGCC	1666.0	8602.4	-34.065
CCCTA	1380.0	6664.9	-34.065
TACCC	1516.0	6635.2	-34.065
GGACG	258.0	1064.5	-34.065
CCGTT	459.0	2283.4	-34.065
TTCAT	7217.0	38471.1	-34.065
TTAGT	4964.0	25970.3	-34.065
TAGTT	5246.0	28588.4	-34.065
GTTGT	3952.0	20791.8	-34.065
GTTTA	5956.0	29469.5	-34.065
GTTAT	4404.0	22536.2	-34.065
TATTG	5386.0	29274.1	-34.065
GGTGA	2196.0	10800.0	-34.065
GTGAG	2418.0	12185.6	-34.065
GAGGA	2516.0	12040.1	-34.065
GGCTG	2051.0	12022.4	-34.065
TGCCC	1740.0	8979.7	-34.065
CCCGT	359.0	1582.9	-34.065
TTTAC	6596.0	31465.3	-34.065
ACACC	1400.0	6699.0	-34.065
TAGCG	257.0	1211.3	-34.065
ATTAT	8806.0	46102.1	-34.065
GGTTT	5615.0	27511.3	-34.065
ACTCG	287.0	1359.2	-34.065
GGGTA	1628.0	7921.4	-34.065
GTATT	5629.0	30072.7	-34.065
TATAT	9221.0	54601.6	-34.065
ATATT	10207.0	56576.9	-34.065
TATTA	7870.0	42027.7	-34.065
GTACC	1153.0	5566.0	-34.065
TATGT	6004.0	34200.9	-34.065
TGTAT	6773.0	37240.4	-34.065
GGAAC	1419.0	7362.5	-34.065
TGATT	7266.0	35113.9	-34.065
GAACT	2537.0	13079.9	-34.065
ATGTT	7413.0	38252.3	-34.065
GACAG	2211.0	10983.5	-34.065
TGTTA	6197.0	30074.0	-34.065
AGTAG	2830.0	14095.0	-34.065
GAGCA	1911.0	9563.5	-34.065
GGGAA	2855.0	13884.1	-34.065
TTTCA	9646.0	50743.0	-34.065
ACGTA	548.0	2947.3	-34.065
CTGAC	2011.0	8539.5	-34.065
TTCTA	5499.0	31306.2	-34.065
AAAAA	15163.0	86567.0	-34.065
CACCG	305.0	1646.4	-34.065
ACCGG	184.0	815.8	-34.065
TCATT	7082.0	37912.8	-34.065
AGTTT	8513.0	46065.2	-34.065
AATAT	8792.0	47034.7	-34.065
TTGTA	6467.0	34578.9	-34.065
TTGAT	6052.0	32640.1	-34.065
CGGGT	316.0	1537.2	-34.065
TGACC	1850.0	8385.0	-34.065
TCACC	1878.0	9796.0	-34.065
CGCTA	215.0	995.0	-34.065
CAGAA	4179.0	20823.1	-34.065
AACGG	326.0	1505.9	-34.065
ACGGA	349.0	2207.9	-34.065
CGGAG	315.0	2114.2	-34.065
AACGT	669.0	3531.5	-34.065
AATGC	2927.0	14633.3	-34.065
AACCT	2656.0	13363.5	-34.065
CCGTC	287.0	1335.5	-34.065
GCTGG	2044.0	12941.5	-34.065
CGTGA	557.0	2920.5	-34.065
CCGCA	275.0	1186.1	-34.065
GCCCA	1495.0	8586.4	-34.065
TATAA	6926.0	36188.8	-34.065
AAGGG	2209.0	10557.3	-34.065
ACGGT	350.0	1724.4	-34.065
CCTAA	2444.0	11342.1	-34.065
CTAAC	1684.0	7768.6	-34.065
CGGAA	349.0	1622.0	-34.065
GAAGC	1896.0	9164.6	-34.065
CCGTA	314.0	1382.7	-34.065
CGTAC	218.0	1028.6	-34.065
TGATC	2315.0	12113.6	-34.065
CCTGA	2496.0	12244.6	-34.065
ATGCC	1878.0	9495.7	-34.065
TACCG	356.0	1203.8	-34.065
ACCGT	410.0	1862.5	-34.065
CGAAG	388.0	1694.3	-34.065
GAAGG	2503.0	11836.8	-34.065
TGGAC	1627.0	7764.2	-34.065
GAAGA	3617.0	18437.5	-34.065
CCGGT	209.0	914.5	-34.065
ACCTG	2314.0	10476.3	-34.065
TGGTT	4991.0	25051.4	-34.065
GGAAG	2932.0	13788.2	-34.065
TTGGT	4782.0	24150.9	-34.065
TCCGC	218.0	1484.2	-34.065
GCTGA	2513.0	11158.4	-34.065
GACCC	879.0	4180.5	-34.065
CAGAG	2677.0	14393.0	-34.065
CAGCG	355.0	1680.6	-34.065
GGACC	715.0	3680.5	-34.065
GTAGG	1731.0	8087.8	-34.065
GAGCG	291.0	1421.9	-34.065
GGTAG	1703.0	8335.1	-34.065
GTCCG	194.0	839.0	-34.065
GCAAG	1688.0	8297.7	-34.065
ACGAT	421.0	2097.8	-34.065
ATTCT	5972.0	32601.7	-34.065
AATCC	2091.0	11440.1	-34.065
GATGG	2291.0	12055.8	-34.065
GGGCA	1438.0	7278.3	-34.065
AGCAC	1733.0	8671.8	-34.065
GTACG	250.0	1236.0	-34.065
TAACG	500.0	2092.3	-34.065
TAGGG	1678.0	8646.9	-34.065
ACGTG	631.0	3230.5	-34.065
GGCGA	247.0	1169.3	-34.065
CGGTA	289.0	1169.4	-34.065
AATCG	427.0	1921.7	-34.065
ATCGG	219.0	1094.7	-34.065
TCGGA	268.0	1245.2	-34.065
CCAAC	1400.0	6854.6	-34.065
ATATA	8199.0	46821.8	-34.065
GCTAC	1134.0	5630.5	-34.065
CAACC	1300.0	6855.7	-34.065
GAACC	1279.0	6189.8	-34.065
GCGGA	253.0	1066.0	-34.065
AACTC	2126.0	11611.0	-34.065
CCGTG	466.0	2031.6	-34.065
GCGTA	253.0	1290.7	-34.065
CGTAA	480.0	2259.6	-34.065
TAGCC	1574.0	7512.9	-34.065
GACGG	268.0	1922.3	-34.065
CCGAT	288.0	1104.1	-34.065
GCGAA	249.0	1226.8	-34.065
CGAAC	253.0	1022.8	-34.065
AGCGA	396.0	1872.2	-34.065
TACGG	328.0	1383.4	-34.065
TACGC	194.0	912.0	-34.065
TCGAC	189.0	856.3	-34.065
CGACT	238.0	1187.5	-34.065
ACGAC	196.0	970.1	-34.065
CGATG	339.0	1467.9	-34.065
GCCGT	275.0	1271.7	-34.065
CAACG	284.0	1362.0	-34.065
TGCGG	265.0	1459.4	-34.065
CGGCA	244.0	1141.5	-34.065
GCCAA	2056.0	8585.9	-33.221
ATGAT	5361.0	23895.1	-33.009
AGCAG	2840.0	12199.8	-32.486
CTGAT	3751.0	16423.2	-32.185
TAAGC	2364.0	10029.5	-31.957
GACTA	1943.0	8107.6	-31.862
CCAAA	4058.0	17888.6	-31.215
CGCCA	259.0	1458.7	-31.099
ACGGC	205.0	931.9	-31.099
GGGGC	1001.0	4708.4	-31.099
CCCGA	359.0	1441.7	-31.099
GACCG	217.0	930.8	-31.099
AGCGC	198.0	1094.3	-31.099
ACCCG	337.0	1362.3	-31.099
ACGCC	238.0	1342.4	-31.099
GCCGA	323.0	1248.2	-31.099
CCGAC	186.0	813.8	-31.099
CGGAC	137.0	702.4	-31.099
TAACC	2166.0	9147.7	-31.060
CTGAA	4548.0	20205.1	-30.515
ACTGT	4304.0	19119.4	-29.289
GAGGG	1965.0	8286.3	-29.092
AGTGA	4130.0	18330.7	-28.693
CGGGG	334.0	1950.4	-28.539
CGCGT	82.0	402.0	-28.539
TCGTG	624.0	2327.9	-27.138
CTTAA	5029.0	22642.5	-26.760
CTGAG	3228.0	14215.8	-26.287
GCCCC	960.0	4106.5	-26.266
GCGGG	337.0	1711.6	-26.266
GGCGG	355.0	1862.9	-26.266
CGACC	182.0	787.3	-26.266
GTGGG	2286.0	9850.2	-26.090
GGGTG	1951.0	8330.0	-25.234
CGTCG	38.0	335.5	-24.215
CCCCA	2037.0	8771.3	-23.865
TGACT	3737.0	16744.8	-23.003
GGGAG	2316.0	10107.0	-22.531
ACCGC	320.0	1103.4	-22.158
ACCCT	1878.0	8103.4	-21.726
CAGTG	3629.0	16322.1	-21.114
ATACT	4295.0	19473.2	-21.062
CCCCG	445.0	1763.0	-20.630
GCAGC	1520.0	6487.0	-20.528
ATGAC	2585.0	11442.2	-20.415
GCCCT	1519.0	6502.9	-19.879
AGGGG	1735.0	7504.9	-19.768
CCCTC	1664.0	7184.9	-19.547
TGGCA	2947.0	13193.0	-19.285
AATAC	4101.0	18651.5	-19.271
TTTCG	964.0	3983.7	-19.143
CGAGC	264.0	909.1	-18.755
GTCGG	257.0	883.1	-18.468
TGACA	3448.0	15605.6	-18.359
GGAGG	2343.0	10406.9	-18.075
TGTAA	6172.0	28594.6	-18.006
GACAA	2531.0	11298.7	-17.852
TTCGT	900.0	3725.4	-17.599
CCCGC	348.0	1533.6	-17.581
GCGGC	221.0	1140.2	-17.581
GGTGG	2270.0	10093.4	-17.286
GTGAC	1839.0	8080.0	-17.031
ACAGT	3699.0	16865.8	-17.007
ATAGC	2323.0	10369.0	-16.583
GGCCC	902.0	3764.4	-16.399
CCGCC	407.0	2124.7	-16.219
AACCA	2977.0	13487.1	-16.095
GGTAA	2728.0	12305.4	-16.070
CGAGT	413.0	1582.7	-16.006
AAGCC	1935.0	8579.1	-15.747
AACAC	2662.0	12014.8	-15.650
GGTCG	257.0	915.2	-15.634
TGGGG	2717.0	12278.2	-15.570
AACGC	310.0	1144.2	-15.331
CGCCC	332.0	2145.1	-14.951
GCCCG	286.0	1675.0	-14.951
TTACC	2849.0	12936.8	-14.931
CGCAA	306.0	1135.6	-14.728
GTGAT	3701.0	17022.1	-14.483
GCTGC	1743.0	7730.8	-14.422
GCTGT	2932.0	13373.7	-14.175
CGGCC	335.0	1748.8	-13.769
GCCGC	221.0	1104.3	-13.769
ACTAG	1930.0	8651.3	-13.492
GTACT	2277.0	10307.7	-13.200
ACTAA	3299.0	15178.9	-13.131
CCCTT	2845.0	13018.7	-13.057
ACAGC	1978.0	8907.0	-12.814
GGGCC	950.0	4083.9	-12.754
TGCCA	2879.0	13200.2	-12.690
TCGTA	504.0	2045.7	-12.689
ATCTG	3558.0	16462.2	-12.457
ACTTG	3417.0	15788.4	-12.428
GCAGT	2743.0	12570.1	-12.348
CACTA	1982.0	8961.4	-12.109
GAAGT	3587.0	16642.3	-11.837
GGCAG	2020.0	9154.8	-11.816
CTGTA	4043.0	18844.0	-11.738
TGGAA	4864.0	22803.5	-11.633
TAAAC	4133.0	19297.9	-11.376
AGGAC	1668.0	7504.1	-11.358
CCCTG	1990.0	9037.7	-11.323
AATAG	4429.0	20737.1	-11.258
ACTGG	2328.0	10652.0	-11.217
CTACC	1385.0	6173.5	-11.180
TAATG	5297.0	24928.5	-11.149
TGCCG	346.0	1373.3	-11.039
GTCTG	2478.0	11378.5	-11.024
GTAGC	1642.0	7399.5	-10.980
AGGCC	1337.0	5956.1	-10.949
TAACT	4283.0	20065.5	-10.810
CCGCT	319.0	1257.5	-10.674
GCAGG	1798.0	8153.8	-10.650
CAGTA	3044.0	14115.8	-10.634
GTGTA	3410.0	15878.5	-10.518
AAACC	2852.0	13200.8	-10.448
CGTAG	369.0	1485.5	-10.434
ATCGT	546.0	2291.8	-10.346
CCAAG	2123.0	9732.6	-10.108
GGCAA	1984.0	9066.3	-10.095
AGTAA	4452.0	20944.7	-10.056
GGAAA	5001.0	23601.0	-10.033
GTAAA	4904.0	23134.7	-10.011
GTAAG	2548.0	11781.0	-9.857
AGTCG	302.0	1200.7	-9.806
GCGCC	210.0	1480.5	-9.776
CGTGG	531.0	2235.1	-9.726
CAGCT	2657.0	12318.5	-9.642
AAGTA	4765.0	22502.8	-9.552
GAAAT	6672.0	31755.2	-9.524
AAGCG	450.0	1872.3	-9.488
ACTAC	1799.0	8236.5	-9.108
GATGC	1583.0	7226.3	-8.702
GTTTG	5802.0	27628.4	-8.585
ATACC	2097.0	9692.4	-8.572
AACAG	3420.0	16070.1	-8.557
ATGGC	2063.0	9530.7	-8.522
CGGGC	316.0	1285.2	-8.469
AATCT	4625.0	21923.6	-8.437
TGAAG	4431.0	20985.8	-8.400
GGACA	1854.0	8542.2	-8.345
CACCC	1508.0	6887.7	-8.295
CAGTC	1749.0	8038.1	-8.267
TACCA	2717.0	12697.5	-8.257
TACTC	2051.0	9502.2	-8.075
TCGGG	338.0	1396.7	-8.041
GATAA	3773.0	17836.5	-7.920
AAGTG	4086.0	19352.0	-7.918
ACGCA	333.0	1376.2	-7.912
CCCAC	1626.0	7469.2	-7.904
CGATA	350.0	1455.8	-7.897
CCTGT	3005.0	14120.0	-7.887
CTAAA	4318.0	20488.8	-7.818
TGTAC	2866.0	13451.2	-7.788
AGTGT	3957.0	18740.4	-7.750
TTCAG	5148.0	24537.7	-7.726
AGTAC	1983.0	9194.6	-7.714
AGTTG	3561.0	16825.2	-7.678
AGTCA	2712.0	12727.4	-7.525
CTGTT	5924.0	28343.8	-7.510
ACACT	2687.0	12614.8	-7.417
GTGAA	3762.0	17833.1	-7.316
CGTCT	494.0	2134.2	-7.289
AGCCA	2620.0	12308.6	-7.179
AAGGT	3006.0	14188.0	-7.017
TGTGA	4836.0	23095.5	-6.962
GAGTA	2358.0	11060.1	-6.868
AAAGC	3272.0	15497.3	-6.860
CGCTG	396.0	1688.7	-6.858
GGATG	2110.0	9865.7	-6.806
TGAGG	3012.0	14236.3	-6.792
TCTTA	5309.0	25427.1	-6.772
TATCG	383.0	1634.3	-6.757
ATGCG	321.0	1349.5	-6.642
AATTG	5312.0	25456.7	-6.640
TCAGT	4089.0	19495.1	-6.620
GCCAG	1754.0	8166.7	-6.544
GAATG	3590.0	17069.5	-6.539
ATCGA	378.0	1618.5	-6.484
AATGT	7038.0	33929.0	-6.350
GTGGA	2368.0	11163.2	-6.171
TTACT	5957.0	28670.5	-6.155
AAGCA	3616.0	17239.1	-6.118
CGTGT	714.0	3209.4	-6.035
TAGTG	2964.0	14075.3	-5.986
TTGAC	3004.0	14282.2	-5.857
CATCG	332.0	1424.1	-5.768
TACTT	6056.0	29222.3	-5.684
GTTAG	2364.0	11188.9	-5.634
CGACA	276.0	1168.9	-5.616
TAATC	3219.0	15360.6	-5.534
TTAAC	4189.0	20106.0	-5.483
CTGCG	401.0	1753.8	-5.458
ATCAC	2245.0	10620.5	-5.449
TGAAC	2884.0	13734.4	-5.448
TAGCA	2787.0	13260.8	-5.427
GGCCG	362.0	1572.1	-5.419
TTAAG	5465.0	26358.2	-5.415
CGGAT	287.0	1227.0	-5.375
CGCAG	324.0	1398.4	-5.318
TTCGG	431.0	1897.8	-5.313
ATAAC	3091.0	14759.7	-5.290
CTGCT	3062.0	14617.6	-5.274
GAATA	4431.0	21317.6	-5.233
AATGA	5897.0	28501.1	-5.229
CAACT	2460.0	11685.1	-5.228
GTCAG	2006.0	9482.6	-5.216
AGCCC	1285.0	5988.9	-5.213
TAAGG	2652.0	12629.2	-5.180
AATGG	3716.0	17827.4	-5.134
ATGGA	3633.0	17425.4	-5.107
TGCTA	3076.0	14705.5	-5.104
TAGGC	1474.0	6909.9	-5.055
AGACT	2856.0	13636.2	-5.053
CAGAC	1635.0	7697.0	-4.934
CAAAC	2610.0	12445.5	-4.911
TACCT	2897.0	13851.9	-4.901
GTAAT	4191.0	20182.5	-4.879
TAACA	4214.0	20309.4	-4.797
AGCGT	441.0	1964.5	-4.786
AGGTG	2500.0	11932.6	-4.651
CGTTT	1224.0	5726.4	-4.624
GACGT	379.0	1681.7	-4.552
ACCTA	2060.0	9806.0	-4.463
GCGCA	245.0	1058.6	-4.443
CAGCA	2639.0	12636.1	-4.437
CCGCG	107.0	653.3	-4.395
CTCGT	449.0	2018.2	-4.372
CCTTA	2670.0	12796.9	-4.357
GCGTC	218.0	933.8	-4.344
GATGT	3277.0	15770.3	-4.340
TCACG	461.0	2083.1	-4.220
AAGGC	1824.0	8674.7	-4.211
TGCGT	513.0	2333.2	-4.120
GACCT	1642.0	7800.3	-4.068
AGAAT	5632.0	27381.7	-4.055
TAGAC	1824.0	8691.0	-4.014
CAGAT	3341.0	16123.7	-3.989
TCCGA	272.0	1200.3	-3.821
CGAAT	414.0	1874.5	-3.796
TTACG	569.0	2617.1	-3.765
CACGT	629.0	2909.0	-3.737
ACGAA	466.0	2123.3	-3.730
GACGC	180.0	772.4	-3.658
GTCCC	1041.0	4907.6	-3.644
AGGAT	3075.0	14864.0	-3.615
TTGGG	3522.0	17066.2	-3.604
TCGGT	372.0	1682.9	-3.597
GAGCT	1843.0	8825.6	-3.562
CCAGT	2435.0	11727.1	-3.555
ATTCG	466.0	2133.7	-3.498
AAGAT	4629.0	22534.7	-3.483
CAGTT	4564.0	22215.0	-3.476
AAATG	8077.0	39557.3	-3.464
AGCAT	3310.0	16041.5	-3.437
GCGTT	428.0	1963.0	-3.362
AAATC	4365.0	21257.6	-3.342
GGCTT	2551.0	12324.7	-3.341
TACGA	377.0	1718.9	-3.318
ATAAG	3606.0	17521.3	-3.292
CAAGG	1933.0	9290.9	-3.287
GCTTA	2469.0	11926.8	-3.269
GAACA	2866.0	13889.4	-3.185
GATAC	1794.0	8624.1	-3.181
GTACA	2547.0	12320.5	-3.175
CTGGT	2486.0	12025.3	-3.171
TGCGC	264.0	1184.7	-3.161
AAACT	5485.0	26815.1	-3.141
TCGCA	269.0	1211.0	-3.099
CAAAT	5541.0	27107.0	-3.063
ACGCG	86.0	354.2	-3.018
CCACC	1763.0	8487.6	-3.014
ACGCT	319.0	1453.7	-2.971
CGGTT	400.0	1843.6	-2.941
TGCAC	1908.0	9204.5	-2.936
TTCGA	470.0	2184.3	-2.867
AGGGA	2604.0	12640.3	-2.862
CTGCC	2024.0	9789.0	-2.823
CTTAC	2366.0	11473.1	-2.819
CAAAA	6421.0	31523.7	-2.786
TAGCT	3080.0	15006.1	-2.744
CGCAC	213.0	960.9	-2.677
GCACG	334.0	1540.7	-2.666
TCGTT	806.0	3829.3	-2.640
GTTGG	2428.0	11802.5	-2.634
ACTTA	4042.0	19781.0	-2.620
GGACT	1670.0	8072.9	-2.614
GCATG	2149.0	10433.8	-2.579
ATCCG	282.0	1294.8	-2.562
GATAG	2039.0	9902.1	-2.483
GGATA	2400.0	11685.7	-2.478
ACTCC	1613.0	7808.4	-2.472
CCGAG	384.0	1791.6	-2.471
GCAAA	3271.0	15996.4	-2.446
TCAAC	1986.0	9651.8	-2.412
CGCAT	283.0	1307.5	-2.394
GTCGT	327.0	1520.1	-2.365
TCCTC	2440.0	11904.2	-2.317
CAAGT	2837.0	13870.8	-2.309
CATCC	1654.0	8030.7	-2.306
CACCT	2134.0	10398.1	-2.284
ACCTT	3240.0	15875.8	-2.252
TGGTC	1873.0	9122.1	-2.211
ACAAC	2008.0	9784.8	-2.211
CGTCC	239.0	1105.8	-2.178
GCGAG	271.0	1259.2	-2.150
CTACA	2294.0	11207.9	-2.143
GCCTT	2587.0	12664.6	-2.113
ACATC	2136.0	10433.7	-2.109
CCAGA	2293.0	11213.2	-2.104
CCTTC	2477.0	12123.6	-2.096
ATGCA	3176.0	15587.3	-2.077
AAGTT	6016.0	29686.4	-2.069
AGATG	3729.0	18339.5	-2.044
TCCGT	482.0	2293.0	-2.041
ATGCT	3439.0	16908.7	-2.003
CATAC	2031.0	9928.9	-1.991
ATAGA	3950.0	19444.9	-1.985
TCGTC	287.0	1347.5	-1.955
CGTCA	315.0	1483.3	-1.924
ACGTT	837.0	4043.0	-1.921
GCTCC	1047.0	5080.4	-1.875
GCTTC	1924.0	9425.4	-1.843
CATGC	1887.0	9244.4	-1.812
CCATA	2188.0	10737.8	-1.800
AACTA	3278.0	16156.3	-1.769
TAAGA	4264.0	21063.0	-1.737
GTTAA	4228.0	20883.7	-1.715
GCATA	2419.0	11902.9	-1.705
GTTCG	287.0	1362.5	-1.692
AGGGT	2101.0	10329.9	-1.671
CTTAG	2662.0	13112.7	-1.667
GACAT	2674.0	13178.3	-1.635
CGTTA	494.0	2381.5	-1.634
AGTAT	4422.0	21878.7	-1.599
GTGCC	1353.0	6628.7	-1.596
CAAAG	3565.0	17623.2	-1.580
GCTAG	1308.0	6409.4	-1.575
CGTGC	350.0	1680.0	-1.572
ACAAG	2378.0	11723.7	-1.566
GGCCT	1587.0	7793.8	-1.546
TCATC	2594.0	12808.0	-1.494
CCTCA	2326.0	11480.3	-1.470
CATTC	3296.0	16312.5	-1.446
CCTTG	2637.0	13031.6	-1.444
AGCTT	3538.0	17524.4	-1.409
TTGAA	6940.0	36659.2	-1.376
CGACG	38.0	287.1	-1.370
CATAA	3848.0	19081.9	-1.361
AAGAC	2368.0	12346.5	-1.360
AGGCA	2406.0	12550.9	-1.349
CCAGC	1752.0	9322.0	-1.331
TAAGT	4585.0	22764.0	-1.325
CTTCA	3606.0	17887.6	-1.323
CACAC	2163.0	10699.4	-1.300
CAAGC	1458.0	7234.5	-1.283
ACGGG	286.0	1445.1	-1.280
CCAAT	2233.0	11054.8	-1.279
CAGGG	1802.0	8910.8	-1.274
TAAAG	5131.0	25511.8	-1.265
TGCTT	5314.0	28164.2	-1.248
ACGTC	296.0	1435.6	-1.247
CGGTC	137.0	817.9	-1.242
CGCCG	80.0	542.6	-1.241
GGTCC	760.0	3734.7	-1.232
GGGGT	1629.0	8054.5	-1.230
TCAGA	3582.0	17791.9	-1.227
GGTAC	1164.0	5743.5	-1.214
AGGAG	2499.0	13087.7	-1.213
AGGTA	2787.0	13829.1	-1.201
TCGAG	319.0	1549.1	-1.201
TAGGA	2820.0	13998.1	-1.201
GTTAC	2208.0	10948.3	-1.180
CTAGC	1189.0	5872.6	-1.176
CGTTC	356.0	1734.2	-1.164
AGTTA	4245.0	21118.2	-1.162
TCCGG	232.0	1125.0	-1.157
GTCAA	1924.0	9953.9	-1.157
ATCCC	1560.0	8160.2	-1.146
ATGGT	3214.0	16842.4	-1.143
CATGG	2214.0	10998.2	-1.105
AGCAA	3061.0	15832.2	-1.095
GAGTG	2318.0	11707.9	-1.058
TGCAG	3183.0	15850.0	-1.047
CTGCA	2672.0	14081.1	-1.036
GAGAA	4080.0	20336.1	-1.035
GCGAC	162.0	788.8	-1.030
CATGA	3018.0	15550.0	-1.029
TGCTG	3778.0	18830.6	-1.028
AAACG	588.0	3341.3	-1.002
GGTTA	2276.0	12061.1	-0.999
AAGTC	2277.0	12328.5	-0.991
CTACG	253.0	1237.8	-0.988
TGTGT	6856.0	38721.3	-0.980
GATCA	1921.0	9562.6	-0.978
ACCTC	1708.0	9253.7	-0.974
ATAGG	2270.0	11308.8	-0.971
GCACT	1686.0	8388.0	-0.966
TTGGC	2712.0	13518.5	-0.965
ACAAA	5741.0	28669.7	-0.962
GGGCT	1468.0	7303.5	-0.961
CGAGG	301.0	1569.9	-0.944
AAAGT	6129.0	30619.7	-0.935
GCTCG	207.0	1015.5	-0.927
GTCGA	201.0	986.6	-0.915
CTGTC	2391.0	11928.3	-0.914
AAGGA	3819.0	19112.8	-0.900
ATGAA	5896.0	29478.6	-0.892
CACTC	1490.0	8055.6	-0.889
GTGGT	2595.0	14038.7	-0.888
GGGAC	1054.0	5388.0	-0.883
GAGGT	2102.0	10487.4	-0.880
CTTCG	379.0	1878.0	-0.879
AAAGG	3748.0	18730.5	-0.865
GCCGG	267.0	1319.3	-0.861
ATGGG	2162.0	11592.7	-0.848
AGAAC	2455.0	12513.7	-0.846
GATTA	3679.0	18522.4	-0.834
GCTTT	5377.0	28482.8	-0.830
AGTGC	2123.0	10850.2	-0.826
AGAGC	1733.0	8656.8	-0.823
CTTGT	3973.0	20067.4	-0.804
TGATA	4477.0	22410.1	-0.789
CGCGG	137.0	677.1	-0.788
GGAGC	1159.0	5789.9	-0.785
CTAAT	3685.0	18504.4	-0.784
TTATC	4205.0	21489.7	-0.780
TGAAT	6282.0	31468.0	-0.769
CGTTG	455.0	2271.8	-0.762
TGGTA	3230.0	16498.7	-0.756
CTCCC	2011.0	10444.7	-0.742
TGTCA	3529.0	18764.6	-0.731
AATCA	3928.0	19686.4	-0.725
CTTGG	2768.0	13876.3	-0.714
TTTGG	7074.0	35538.1	-0.714
GATCG	247.0	1236.4	-0.707
AAACA	6273.0	31456.3	-0.704
GTAGA	2666.0	13426.1	-0.703
CACAA	2712.0	13718.8	-0.701
GGAGA	2564.0	12858.2	-0.701
TAGAG	2771.0	13893.7	-0.700
GCGCT	203.0	1074.6	-0.700
GTGCT	2353.0	11798.6	-0.697
GAAAG	3859.0	19773.3	-0.689
CACGA	325.0	1629.5	-0.672
TTGTG	5436.0	28014.0	-0.667
TGTAG	3580.0	17966.8	-0.658
ACGAG	283.0	1422.1	-0.646
AGGTC	1420.0	7132.7	-0.643
CCTGC	1693.0	8505.7	-0.627
GACTC	1283.0	6452.2	-0.614
ACAGG	2138.0	12059.8	-0.613
ATTGG	2973.0	14940.6	-0.608
GAAAC	2806.0	14402.8	-0.602
AGAAG	3855.0	19683.1	-0.601
GATTG	2442.0	13151.6	-0.587
ACATG	3369.0	16948.8	-0.572
TGAGC	2134.0	11069.6	-0.560
AACGA	400.0	2106.2	-0.547
TCGAA	398.0	2012.4	-0.542
CACAG	2438.0	12284.6	-0.535
TACTA	3047.0	15888.4	-0.532
GCACA	1867.0	9606.2	-0.523
ATTAC	3473.0	18854.4	-0.519
AGGAA	4409.0	22607.0	-0.517
TATAG	3811.0	19193.8	-0.513
CAAGA	2692.0	13569.7	-0.510
TTAGG	3093.0	16212.7	-0.501
TTCCC	3091.0	15583.8	-0.498
TGCAA	3028.0	17281.0	-0.495
ATTGA	4894.0	25169.0	-0.494
TTAGC	2556.0	13374.5	-0.490
TGTTC	3751.0	19862.0	-0.489
TAGTC	1803.0	9108.5	-0.487
TCTAC	2189.0	11050.9	-0.482
TATGC	2422.0	12225.3	-0.476
CAATG	2584.0	13355.5	-0.475
TTGCT	5238.0	28742.9	-0.473
GGTTG	2058.0	11085.5	-0.454
CTCCG	364.0	1856.0	-0.453
CGGCT	315.0	1973.0	-0.449
TTGTC	3392.0	19748.5	-0.437
TGAAA	7540.0	38005.4	-0.437
CTGGA	2771.0	15389.5	-0.421
CAGGT	2347.0	12061.2	-0.421
AACAT	5156.0	26025.8	-0.417
TCGAT	381.0	1950.2	-0.412
CTCAA	2640.0	13725.6	-0.400
CCCAT	2112.0	10697.3	-0.396
CCTCT	2548.0	12898.6	-0.392
GTCTT	3827.0	21893.7	-0.384
AGAGG	2359.0	12067.3	-0.363
GCTTG	1985.0	10072.5	-0.363
TGCGA	304.0	1564.7	-0.361
GTGTG	3913.0	22629.7	-0.360
CATAG	2297.0	11716.1	-0.349
AAAAC	5664.0	28635.3	-0.345
TTGGA	4234.0	21433.3	-0.339
ATGAG	3159.0	16213.2	-0.337
GGAAT	3136.0	16142.8	-0.337
CCCAG	2256.0	13258.2	-0.332
GTTTC	4118.0	23182.0	-0.328
GCCTG	1985.0	10425.6	-0.324
GACTT	3080.0	15945.9	-0.321
CCACT	2143.0	11105.5	-0.319
ACAGA	3629.0	18662.7	-0.318
TTCGC	301.0	1564.7	-0.306
CTACT	2406.0	12364.1	-0.306
GGCAT	2025.0	10303.4	-0.304
CTATT	4610.0	27024.2	-0.302
GGCTA	1322.0	7495.1	-0.296
TATGG	2851.0	14490.0	-0.289
TATTC	4569.0	24858.2	-0.287
ATGTA	5497.0	27995.4	-0.283
CTATC	1593.0	8135.6	-0.273
TCTGT	5771.0	31310.6	-0.270
CTCTC	2231.0	11368.9	-0.263
TACAC	1984.0	10574.0	-0.262
ATGTC	2813.0	14315.8	-0.258
CGGGA	316.0	1650.4	-0.249
TTCTG	6449.0	33729.2	-0.249
TGGAG	2949.0	16522.1	-0.245
GAATC	1971.0	10067.8	-0.242
TGGGC	1623.0	8408.6	-0.242
GGGAT	2006.0	11051.6	-0.241
CTCAT	2986.0	15206.6	-0.239
AACTT	5399.0	27401.5	-0.239
ATCTA	3082.0	15696.2	-0.237
GTCAT	2633.0	13431.5	-0.226
AGGCG	372.0	2246.7	-0.226
GGCAC	1002.0	5628.5	-0.226
GAAAA	7454.0	39550.0	-0.226
CGTAT	552.0	2872.2	-0.214
TCTAA	3983.0	20429.8	-0.204
ATAGT	4010.0	20472.7	-0.201
CACGG	268.0	1511.6	-0.198
GTTGA	3188.0	16546.4	-0.196
TATGA	4254.0	21897.9	-0.194
GCGTG	427.0	2427.7	-0.190
TCGCG	60.0	333.6	-0.189
CTAGT	2103.0	10773.9	-0.186
GCCAT	2002.0	10270.4	-0.175
TAGTA	3513.0	18394.0	-0.174
ACTTC	2730.0	13968.7	-0.172
CTTTG	5555.0	30852.9	-0.171
AGAGT	3054.0	16012.3	-0.170
CTGGG	2357.0	14033.1	-0.170
CGCTC	273.0	1451.5	-0.169
GTAGT	2449.0	12911.4	-0.167
CTCAC	1828.0	10080.0	-0.167
GACAC	1140.0	6458.1	-0.161
ATCAT	3840.0	20662.7	-0.155
GGAGT	2012.0	12747.8	-0.153
GTTCT	3465.0	19025.7	-0.153
CTAGA	2266.0	11630.8	-0.152
TATCC	2143.0	11008.4	-0.151
CATCA	2489.0	12915.8	-0.151
TCATG	3256.0	17067.9	-0.149
GGTGC	1074.0	5790.3	-0.146
CATCT	3253.0	16652.7	-0.142
GTGCA	2009.0	12041.6	-0.141
CGATT	484.0	2554.8	-0.136
TGTCT	4560.0	24990.0	-0.136
TCGGC	291.0	1760.3	-0.135
TTTGC	5568.0	30157.6	-0.135
CCGGA	213.0	1160.7	-0.129
ACCAT	2647.0	14038.7	-0.129
CAATA	3264.0	17005.5	-0.127
AAGAG	3227.0	17508.5	-0.122
GTGCG	297.0	1598.5	-0.114
GCCTA	1353.0	7144.2	-0.110
TCAAG	2728.0	14217.9	-0.110
CAGGC	1606.0	10655.6	-0.110
AGCCT	2355.0	12134.6	-0.109
CTCAG	2435.0	13264.6	-0.108
TAGAA	5077.0	25959.5	-0.108
GAATT	5477.0	28420.6	-0.108
CGGCG	98.0	554.9	-0.104
TCAGG	2371.0	12309.2	-0.103
TGAGA	4482.0	24202.2	-0.102
CTTCC	2753.0	14169.0	-0.100
CTGTG	3669.0	18840.1	-0.095
TGGAT	3559.0	18281.9	-0.094
CTGGC	1679.0	8708.9	-0.092
ATTAG	3576.0	19299.5	-0.092
TGAGT	3615.0	18642.5	-0.091
TGTCC	1961.0	10151.1	-0.089
GCGAT	321.0	1733.7	-0.088
CCTTT	6076.0	31080.2	-0.087
CAGGA	2468.0	12888.2	-0.086
GAGGC	1436.0	7476.6	-0.086
ATACG	453.0	2472.4	-0.085
AAAAG	6602.0	35328.5	-0.084
AGCTC	1664.0	8648.2	-0.081
GGTGT	2282.0	11799.4	-0.081
TGGCG	358.0	1930.1	-0.080
GGTCA	1407.0	7587.4	-0.076
AGATA	4053.0	20833.8	-0.073
TCACT	3298.0	18315.1	-0.069
ACAAT	3713.0	19855.9	-0.068
GCAAT	2156.0	12067.3	-0.062
ATCCT	2709.0	14014.8	-0.061
ACACG	351.0	2116.1	-0.058
ATTCA	4848.0	25458.2	-0.058
TGTGG	3317.0	17751.6	-0.057
AACAA	4737.0	24849.0	-0.057
GCCAC	1386.0	7259.4	-0.056
AAAGA	6027.0	33464.9	-0.052
GTATG	2735.0	14361.9	-0.052
TCAAA	5030.0	26112.4	-0.049
AGATC	1817.0	9487.6	-0.047
GTTCC	1661.0	8689.6	-0.047
TATAC	3331.0	18104.3	-0.046
CCTAG	1497.0	8123.6	-0.046
CCTCG	342.0	1876.8	-0.046
AAGAA	6388.0	34086.4	-0.045
CGCGA	53.0	411.9	-0.043
CACAT	3229.0	17469.1	-0.043
TACGT	632.0	3542.9	-0.040
ACACA	3511.0	18312.3	-0.039
CCACG	358.0	1966.4	-0.038
CGCTT	329.0	1911.1	-0.038
GTCCA	1328.0	6997.4	-0.038
CCATC	1682.0	8819.8	-0.038
TTACA	5251.0	28580.0	-0.038
CATTG	3559.0	18429.5	-0.037
AGATT	5101.0	27169.9	-0.037
AGACA	2967.0	16612.5	-0.036
TTGAG	4443.0	25537.8	-0.036
AGGTT	3435.0	18347.8	-0.034
TCTAT	3866.0	23360.9	-0.032
TCATA	3742.0	19969.4	-0.031
TCTTG	4165.0	24057.2	-0.030
GAGCC	1237.0	6637.6	-0.030
TATCA	3529.0	18862.8	-0.029
CGCCT	434.0	2377.8	-0.029
TCCTG	3058.0	16935.0	-0.028
GATCT	2153.0	11942.8	-0.028
ATCAA	3129.0	16378.0	-0.027
ACATA	4358.0	23151.2	-0.027
AGAAA	7787.0	41638.1	-0.026
CAATC	1520.0	8273.4	-0.026
TTCAC	3147.0	17333.4	-0.025
TCACA	2967.0	15451.0	-0.025
ATGTG	4488.0	23902.2	-0.024
GAGTT	3092.0	18249.7	-0.024
CTTGA	3412.0	17740.3	-0.023
GTCAC	1389.0	7620.8	-0.022
GAGAG	2207.0	12298.1	-0.022
TTTCC	6327.0	35471.3	-0.022
CTTCT	4330.0	24700.5	-0.021
TTGCG	326.0	1828.1	-0.019
GCATC	1316.0	6997.3	-0.018
CGCGC	106.0	655.2	-0.017
GTATA	3952.0	20845.1	-0.017
TCCAC	1661.0	8790.7	-0.016
GGATT	3384.0	18180.0	-0.016
TGGGT	2820.0	14762.3	-0.014
TCCCT	2641.0	13841.0	-0.014
TTCCG	362.0	2098.3	-0.014
GAGAT	2976.0	16573.0	-0.013
AGGCT	2223.0	12967.5	-0.013
GGGTT	2483.0	13257.7	-0.013
ATATG	4634.0	26336.1	-0.012
CTTTC	4888.0	27602.9	-0.012
TACAA	3864.0	20143.9	-0.012
AGACG	395.0	2585.7	-0.012
CCATG	2251.0	11864.0	-0.011
ACTAT	3214.0	17034.8	-0.010
TCTGG	2760.0	14499.6	-0.009
ACTCT	2723.0	14672.5	-0.009
AGTCC	1275.0	6921.2	-0.009
AATTC	4235.0	22454.5	-0.009
ATACA	4412.0	23690.7	-0.008
TCCTT	5186.0	27488.0	-0.008
ATATC	3220.0	16896.1	-0.007
GCTAT	2286.0	12087.2	-0.007
ACATT	6471.0	34134.3	-0.007
CACGC	290.0	1677.9	-0.006
TCCCA	2641.0	14660.7	-0.006
GATCC	1055.0	5924.9	-0.006
TTAGA	4549.0	24614.1	-0.006
GATAT	3688.0	19998.1	-0.005
GGTAT	2344.0	12995.1	-0.005
CTCCT	2694.0	14222.0	-0.005
TGGCT	3129.0	16464.3	-0.005
TTCAA	5253.0	28755.1	-0.005
CATGT	3912.0	20543.9	-0.005
ATTGC	2864.0	15233.4	-0.005
CGATC	233.0	1402.4	-0.004
TGTCG	360.0	2063.1	-0.004
CTCTT	4507.0	24047.4	-0.004
TGCCT	2983.0	17425.1	-0.004
CCGGC	271.0	1592.1	-0.003
CATTA	4004.0	21432.2	-0.003
ATCTC	2626.0	13918.9	-0.003
ATCCA	2386.0	12942.2	-0.003
GTCCT	1671.0	9162.4	-0.003
GCGCG	126.0	798.9	-0.003
GGCGT	290.0	1907.8	-0.003
TCTCA	3478.0	19261.8	-0.002
TCCCG	327.0	2050.3	-0.002
TCAAT	3209.0	18839.4	-0.002
CTAGG	1566.0	8449.8	-0.002
TCTTC	3944.0	23046.2	-0.002
TGCTC	1905.0	10335.6	-0.002
TAGGT	2686.0	14524.5	-0.002
ATTCC	2847.0	15109.7	-0.002
CCGGG	319.0	1872.2	-0.002
TTCCT	5975.0	31788.2	-0.002
CACTT	3418.0	18936.8	-0.002
TCTGC	2535.0	13514.1	-0.001
AGTCT	2835.0	16512.7	-0.001
TAGAT	3766.0	20614.3	-0.001
GCTCA	1756.0	9745.0	-0.001
TCGCC	250.0	1560.8	-0.001
AGAGA	3733.0	21318.3	-0.001
TCCAA	2677.0	14282.6	-0.001
GTTCA	2657.0	15141.0	-0.001
TACAT	5264.0	27914.6	-0.001
CAATT	3947.0	23155.9	-0.001
AGTTC	2595.0	14789.6	-0.001
TCCTA	2378.0	12889.9	-0.001
CTCTG	3066.0	17696.8	-0.001
TCCAG	2517.0	13507.8	-0.000
CCTAT	2028.0	10990.1	-0.000
GTCGC	176.0	1119.1	-0.000
GGCGC	223.0	1489.7	-0.000
GTATC	1775.0	9662.0	-0.000
GATTC	2054.0	11683.8	-0.000
TTGCA	4043.0	21525.0	-0.000
GCATT	3546.0	19131.5	-0.000
CGAGA	274.0	1952.9	-0.000
CTCCA	2075.0	11272.5	-0.000
TTCTC	4485.0	25903.8	-0.000
CTCTA	2206.0	11973.7	-0.000
CTCGG	371.0	2234.5	-0.000
GTTGC	1843.0	10585.5	-0.000
CTATA	2939.0	15817.9	-0.000
CCTGG	2162.0	12053.8	-0.000
GGATC	1014.0	5716.6	-0.000
CATAT	4551.0	25045.1	-0.000
GGGTC	806.0	5164.6	-0.000
TTGCC	2697.0	15103.1	-0.000
CCAGG	1913.0	11962.1	-0.000
GTCTA	1644.0	9395.8	-0.000
GGTCT	1805.0	9936.7	-0.000
TGTGC	2473.0	13784.2	-0.000
GAGAC	1780.0	11074.2	-0.000
GCCTC	1427.0	9503.8	-0.000
TGCAT	3804.0	20835.1	-0.000
TCGCT	371.0	2274.8	-0.000
CTTGC	2034.0	11249.7	-0.000
TTCCA	4179.0	23936.6	-0.000
TCTCC	2442.0	13419.7	-0.000
GTGTC	1795.0	10015.8	-0.000
GCTCT	1998.0	11343.1	-0.000
CCATT	3755.0	22164.6	-0.000
TCTCT	4737.0	26205.3	-0.000
CTATG	2257.0	12528.2	-0.000
CTCGA	236.0	1593.9	-0.000
GGCTC	1186.0	6864.4	-0.000
CTCGC	213.0	1502.2	-0.000
GGTTC	1355.0	7872.8	-0.000
TCTAG	2396.0	13546.7	-0.000
CCCGG	328.0	2288.2	-0.000
TCCAT	3112.0	18536.6	-0.000
GAGTC	1315.0	7928.9	-0.000
TCTCG	430.0	3134.4	-0.000
GTCTC	1740.0	10875.5	0.000
