OligoSequence	Target Occurences	Background Occurences	Enrichment(ln p, up to 2 mismatches)
GCATG	7685.0	23328.4	-2387.159
TGCAT	5804.0	19570.4	-1732.108
CATGC	3844.0	19796.4	-548.227
CGCAT	1246.0	4383.6	-463.003
ATGCA	2756.0	15285.7	-341.572
AGCAT	2342.0	13881.1	-240.183
CACGC	1845.0	10430.8	-229.269
GCTGT	4545.0	31435.5	-212.482
ACGCA	1013.0	4831.7	-211.890
CATGT	3269.0	21518.2	-209.684
GCATA	632.0	6785.9	-138.642
GTGGG	6852.0	53455.0	-131.290
GTGCA	3366.0	25056.9	-113.337
CCTGC	6107.0	48857.7	-101.352
TGTGC	4155.0	32496.6	-94.415
TAACC	973.0	6045.9	-93.151
TGCTG	6188.0	50153.9	-91.400
CATGG	3384.0	26076.4	-90.600
CTGTG	6066.0	49235.3	-89.018
TTGCA	2332.0	17307.7	-86.185
ACACG	961.0	6088.2	-85.778
GCACG	1239.0	9021.0	-84.774
CTAAC	935.0	5928.3	-83.490
CCCCC	3821.0	30866.6	-68.702
GGGTG	5855.0	48848.1	-67.262
TTTAA	1876.0	14143.7	-65.074
TACAT	696.0	8695.2	-64.144
GGGGG	5974.0	50153.4	-63.718
GAATG	1423.0	15175.8	-63.381
AGTAA	1079.0	7566.3	-60.722
GAGCA	2546.0	20101.4	-60.547
GCATT	1319.0	13183.2	-60.381
GGGAG	6270.0	53329.6	-57.045
CTGCG	2099.0	16410.9	-55.848
CTGCA	4668.0	39153.0	-55.438
GTGCT	3391.0	27822.0	-54.729
ATGCG	625.0	4723.9	-53.252
CGCTA	446.0	2660.3	-52.292
TGGGG	7580.0	65495.1	-51.862
TATGC	733.0	7354.4	-50.969
TGTTG	2833.0	23105.0	-50.414
CCCGC	2416.0	19469.7	-49.444
TGCGT	1234.0	9230.8	-47.625
TAACT	1015.0	7381.7	-47.513
TGAAT	1330.0	12801.8	-46.595
ACGCT	770.0	5365.6	-46.195
GGTGG	6147.0	53168.7	-46.076
TACAC	955.0	6933.5	-45.131
TGGGT	3994.0	33819.4	-45.121
GTAAC	799.0	5630.5	-45.030
CATAC	538.0	5772.1	-44.978
GGGCT	5037.0	43363.6	-43.407
ATGGG	3177.0	26594.6	-43.139
GGGGA	4753.0	40842.4	-42.828
CTGCT	4985.0	42986.0	-42.287
TTAAC	888.0	6500.8	-40.661
CCGCA	1215.0	9332.4	-39.716
CGTGC	1235.0	11187.9	-39.260
TCTTA	1220.0	9417.5	-38.477
GTATG	1052.0	9907.6	-38.367
TGCAC	2628.0	22014.3	-37.007
CCCTG	5750.0	50517.0	-36.270
GCCGT	1039.0	7928.7	-36.254
CCGTG	1640.0	13266.7	-34.741
GCATC	1520.0	13561.1	-33.431
TGCGG	1682.0	13699.7	-33.429
CCCAC	3509.0	30271.0	-33.196
CTTAC	949.0	7255.1	-32.975
CTACC	1199.0	9487.9	-31.744
ACATG	1413.0	17006.4	-31.476
TAACG	266.0	1846.3	-31.080
TACCC	1115.0	8776.8	-30.979
ACCCC	2603.0	22173.4	-30.829
CACTC	2035.0	17040.3	-30.326
TTCAT	1253.0	14156.6	-30.263
GCGGG	3128.0	27007.3	-30.210
TCTAA	1020.0	7991.6	-29.737
ACACT	1186.0	11922.2	-29.727
CCCTT	2266.0	23486.5	-29.727
CCTTA	952.0	9274.4	-29.727
TTACC	750.0	7389.8	-29.727
CACTG	2742.0	30006.6	-29.727
ACTGC	1982.0	21704.4	-29.727
CCTAC	877.0	9261.5	-29.727
CTATC	513.0	5617.8	-29.727
TGCTA	967.0	10705.7	-29.727
TTTAG	1027.0	11798.5	-29.727
GTTAA	672.0	6817.1	-29.727
AAATA	1449.0	14238.2	-29.727
ATACA	659.0	8785.8	-29.727
CCTTC	2555.0	25978.0	-29.727
AAAGC	1241.0	12290.7	-29.727
GTTGC	1406.0	14507.6	-29.727
TGCAA	1257.0	15547.9	-29.727
CTTAA	914.0	8586.3	-29.727
TAATT	1078.0	11580.3	-29.727
AAACC	1182.0	11607.1	-29.727
GAACG	426.0	4343.0	-29.727
ACTTT	1515.0	15165.0	-29.727
TTAAG	885.0	8506.9	-29.727
TATAA	672.0	7234.8	-29.727
CTTTG	2388.0	24153.1	-29.727
ATGAA	1272.0	12747.5	-29.727
ATGGT	1410.0	16419.8	-29.727
TTGAA	1312.0	13568.8	-29.727
TCATG	1262.0	16779.6	-29.727
ATGGA	1577.0	16643.2	-29.727
GGAGG	6153.0	58789.7	-29.727
CCATG	1929.0	25432.9	-29.727
GGGGT	4009.0	38712.9	-29.727
GGGTT	2074.0	22903.2	-29.727
GGTTG	1671.0	18053.5	-29.727
GCTTG	2092.0	20204.6	-29.727
GCTTT	2010.0	18982.3	-29.727
TTGGG	2986.0	30354.5	-29.727
GTTCG	370.0	3749.5	-29.727
TTGTC	1258.0	13145.2	-29.727
ATGTA	969.0	9705.9	-29.727
TGTAT	1250.0	14482.6	-29.727
ATACG	177.0	1780.3	-29.727
CGGGT	1046.0	11049.6	-29.727
TCTTC	2066.0	20735.4	-29.727
CGAAT	212.0	2097.5	-29.727
AATGT	1271.0	12974.7	-29.727
TGTGT	5495.0	59446.6	-29.727
GTGTG	5704.0	64592.9	-29.727
GTGGT	2489.0	27027.4	-29.727
GGTAG	1197.0	11508.0	-29.727
GTAGG	1223.0	11723.9	-29.727
TAGGG	1302.0	13802.3	-29.727
GGGCA	3646.0	36697.5	-29.727
GGCAT	1777.0	18954.6	-29.727
TCCAT	1542.0	15256.2	-29.727
CATAT	676.0	7874.2	-29.727
TCACT	1866.0	19269.9	-29.727
TAGTA	602.0	6505.0	-29.727
TATCC	690.0	6633.9	-29.727
CATTT	1663.0	18865.4	-29.727
ACTAA	742.0	6614.6	-29.727
CTGCC	4873.0	49286.6	-29.727
TGCCT	4028.0	38713.4	-29.727
TTTAC	920.0	8778.0	-29.727
TTACA	885.0	11879.4	-29.727
ACACC	1361.0	14126.4	-29.727
ACCCA	1787.0	19085.9	-29.727
ATAAA	1115.0	11732.8	-29.727
TAAAC	790.0	7037.7	-29.727
ATGGC	1702.0	17279.5	-29.727
GGGCG	2496.0	26759.9	-29.727
GCGCA	923.0	9063.8	-29.727
CTTTC	2124.0	20883.8	-29.727
GCTCT	2691.0	26515.2	-29.727
TAAGA	832.0	7934.2	-29.727
TAAAA	1646.0	15380.4	-29.727
AATGC	1189.0	11319.6	-29.727
TGGGC	4241.0	43821.3	-29.727
GGCGG	2715.0	28233.1	-29.727
GGTCG	653.0	6675.9	-29.727
TGCGC	967.0	11083.9	-29.727
CTCGC	780.0	8768.2	-29.727
AGGGG	3912.0	39286.8	-29.727
GGGCC	4133.0	40548.9	-29.727
CGCTT	638.0	6513.8	-29.727
GTGCG	1243.0	12817.5	-29.727
CGCTG	1569.0	15834.1	-29.727
GCGGT	871.0	9165.7	-29.727
GGGAA	2724.0	27626.8	-29.727
GGAAG	2996.0	30532.0	-29.727
GCTGG	5586.0	61107.6	-29.727
CTGGG	6894.0	75470.3	-29.727
GCAAG	1507.0	14843.1	-29.727
GCAGG	4207.0	44906.7	-29.727
CCTGG	6013.0	64861.7	-29.727
TGAGG	3321.0	34498.0	-29.727
GTGGA	2387.0	26076.2	-29.727
TGCAG	3445.0	39721.7	-29.727
GGTGT	2615.0	28111.6	-29.727
TGACT	1587.0	15204.9	-29.727
CACAT	1432.0	15388.8	-29.727
GGATG	2163.0	23309.2	-29.727
GATGC	1430.0	14002.6	-29.727
TGGTG	3530.0	39425.1	-29.727
GCCTG	5382.0	52223.1	-29.727
CATAG	728.0	7741.0	-29.727
GGTGA	2268.0	26077.7	-29.727
TCCGT	627.0	6084.1	-29.727
TGTAC	806.0	9006.0	-29.727
GTACA	681.0	7423.8	-29.727
GATGT	1352.0	14035.4	-29.727
AGCAC	1595.0	17187.3	-29.727
TGTTC	1823.0	16889.6	-29.727
ACGTG	1028.0	9601.4	-29.727
TTGCG	464.0	4782.1	-29.727
GCGTG	1868.0	16877.1	-29.727
CAAGC	1283.0	13663.3	-29.727
TCCAC	1529.0	17399.2	-29.727
CTACG	284.0	3079.4	-29.727
TACGC	232.0	2171.3	-29.727
ACGCC	791.0	8355.9	-29.727
GTGCC	2357.0	27172.4	-29.727
AAGCA	1650.0	14923.1	-29.727
GATGG	2121.0	25037.2	-29.727
CCTGT	3316.0	35055.5	-29.727
TGCTT	2566.0	22878.5	-29.727
TGGAT	1490.0	16599.5	-29.727
TTCAC	1369.0	13819.8	-29.727
AGTGC	1825.0	20561.7	-29.727
TGTCG	560.0	5463.6	-29.727
CTTGT	1706.0	17047.2	-29.727
CTGTA	1418.0	16181.1	-29.727
TCTAC	928.0	9328.1	-29.727
TGGGA	4104.0	42821.2	-29.727
AGAAT	1189.0	12742.7	-29.727
ATTCA	880.0	9952.1	-29.727
CGTTT	501.0	4961.4	-29.727
TTTCC	2351.0	23350.3	-29.727
TGCCG	1077.0	10472.6	-29.727
TTGCT	2084.0	22228.9	-29.727
GCTAT	596.0	7462.5	-29.727
ACGTT	323.0	3523.8	-29.727
CCGTA	225.0	2258.5	-29.727
TAGCA	950.0	8751.7	-29.727
CCGTT	389.0	4423.4	-29.727
TGACG	511.0	5244.6	-29.727
GCGTA	270.0	2440.0	-29.727
CGTAA	218.0	1764.7	-29.727
GCGCT	934.0	11263.8	-29.727
CACGG	989.0	9685.9	-29.727
CTGAC	1683.0	18296.9	-29.727
AAACG	334.0	3648.5	-29.727
ACTCG	410.0	4586.3	-29.727
GAGGA	2939.0	29843.9	-29.727
ACCGT	382.0	4614.6	-29.727
CATTC	1229.0	13053.0	-29.727
GTACG	240.0	2488.8	-29.727
TACGT	236.0	2958.8	-29.727
ACGTA	215.0	2223.9	-29.727
AGCGT	610.0	5819.7	-29.727
GCGAG	916.0	9802.4	-29.727
ACGGT	373.0	4822.2	-29.727
CTACT	944.0	11454.7	-29.727
TGTTA	992.0	10319.9	-29.727
CGGTA	254.0	2497.6	-29.727
GTTCA	1184.0	12732.4	-29.727
CGTAC	231.0	1981.6	-29.727
CTAAA	980.0	9267.1	-29.727
ATAAC	507.0	4986.1	-29.727
TACTC	812.0	7518.1	-29.727
CGTTA	202.0	1958.7	-29.727
CGTAT	230.0	1984.6	-29.727
ATCGG	273.0	3101.2	-29.727
TACGA	177.0	1490.4	-29.727
ACGAA	241.0	2254.9	-29.727
CACAC	2642.0	22607.1	-29.624
CGCGT	666.0	4936.1	-29.239
GGGTA	1375.0	11161.3	-29.099
ACACA	2235.0	18982.7	-28.295
GTTAG	939.0	7346.1	-27.907
TTAAA	1590.0	13163.7	-27.602
ATGTG	2810.0	24315.8	-27.236
ATGCT	1902.0	16063.5	-26.387
TGTCC	2691.0	23283.0	-26.350
ATGTC	1419.0	11736.4	-25.359
TTTTC	2551.0	22082.5	-25.223
AACTT	1248.0	10221.6	-24.851
CCTTT	2469.0	21409.2	-24.122
CGCAC	884.0	7010.2	-24.030
ACCCG	1035.0	8367.5	-23.667
TCTGC	3573.0	31674.9	-23.619
ACGCG	549.0	4096.8	-23.595
GGGGC	5884.0	53231.5	-23.377
ATTAA	992.0	8008.8	-23.062
GGCTG	6745.0	61363.0	-22.698
CATGA	1785.0	15223.5	-22.656
CACGT	1013.0	8241.9	-22.160
ATGCC	1910.0	16414.5	-21.888
AATTG	1044.0	8529.6	-21.869
CGTGG	1904.0	16367.3	-21.711
CTGTT	2482.0	21704.9	-21.700
GTTGT	1578.0	13401.8	-21.318
TAGGA	1248.0	10413.1	-21.002
CCTAA	1022.0	8382.4	-20.843
TTAGA	987.0	8086.5	-20.430
GTCGG	861.0	6981.8	-19.710
CCACG	1307.0	11028.3	-19.685
CGTGT	1328.0	11213.6	-19.649
TTTGC	2075.0	18115.5	-19.367
TCGTA	240.0	1612.3	-19.089
CGGGG	3145.0	28128.1	-18.920
TGTCT	3058.0	27328.3	-18.823
CGATA	177.0	1122.4	-18.421
TCGGT	566.0	4421.6	-18.194
ATGTT	1778.0	15450.4	-18.190
GCTGC	4990.0	45581.6	-17.939
TGGCG	1552.0	13403.3	-17.568
TTCTA	1244.0	10582.2	-17.390
GTAAA	1043.0	8741.4	-17.352
GATTT	1365.0	11700.8	-17.283
TAAAT	1281.0	10935.7	-17.033
ACTTG	1641.0	14265.9	-16.990
CTTGC	2193.0	19466.4	-16.266
GTTGG	2280.0	20347.8	-15.507
TGTGG	4704.0	43272.5	-15.178
TACCA	907.0	7627.3	-15.078
TCCTC	3158.0	28656.7	-15.076
GGTGC	3134.0	28452.4	-14.914
CTTTT	2527.0	22723.8	-14.842
GTGTT	2179.0	19492.2	-14.440
AACCC	1530.0	13458.4	-13.951
ATACC	650.0	5344.1	-13.906
AAGGT	1559.0	13735.3	-13.878
TTAAT	1095.0	9451.2	-13.416
TTACT	1077.0	9285.3	-13.366
GAAAT	1428.0	12560.5	-13.230
TATAC	530.0	4307.3	-13.042
TGGCT	4045.0	37357.5	-12.814
AGAGC	2214.0	19988.5	-12.739
GCTAC	1070.0	9265.3	-12.692
CCCCA	4057.0	37539.7	-12.320
CTGTC	2951.0	27017.5	-12.318
ACGGG	1072.0	9311.2	-12.315
ATACT	689.0	5787.9	-12.125
TGTTT	2856.0	26144.1	-11.999
ACCCT	2127.0	19278.1	-11.575
GTTTA	1008.0	8769.1	-11.414
CCCCT	3748.0	34737.7	-11.322
ACTGT	1849.0	16689.6	-11.220
TCTAG	1062.0	9295.1	-11.144
GGCCG	2159.0	19663.9	-10.852
GGAGC	3390.0	31445.8	-10.489
TCCCT	3499.0	32485.7	-10.489
GAGGG	4629.0	43313.5	-10.465
AGGCC	3097.0	28646.5	-10.412
AAAAC	1310.0	11689.1	-10.201
ATTGA	893.0	7786.1	-10.159
AAGTA	882.0	7685.2	-10.119
CGTCC	948.0	8308.7	-10.009
TCGGG	1249.0	11151.7	-9.784
TAACA	884.0	7749.8	-9.472
AACCA	1152.0	10262.3	-9.436
TGCGA	551.0	4666.3	-9.364
TCAGA	1706.0	15521.5	-9.316
AACGA	287.0	2276.5	-9.208
ATTTA	1234.0	11069.2	-9.059
CACAG	2864.0	26611.2	-9.053
CTTTA	1241.0	11146.5	-8.936
GGTAA	972.0	8628.4	-8.678
TTCGT	449.0	3769.6	-8.610
AGAGT	1526.0	13887.9	-8.493
GGTTA	843.0	7436.8	-8.472
GAAAA	1679.0	15391.4	-8.108
TTCAG	1862.0	17155.7	-7.963
ACTCT	1581.0	14480.7	-7.902
CTTAT	863.0	7677.9	-7.758
TCACG	750.0	6620.0	-7.747
AGTAT	717.0	6320.8	-7.620
CTGAA	1884.0	17416.5	-7.600
TCGTT	365.0	3055.5	-7.470
CCGAT	317.0	2623.9	-7.345
CAGTA	956.0	8592.8	-7.287
AAATG	1852.0	17144.1	-7.264
GCGTT	558.0	4859.0	-7.254
TCAGT	1607.0	14799.3	-7.239
TCCTT	2470.0	23099.6	-7.212
GTACC	776.0	6910.2	-7.163
GGAAA	2111.0	19653.0	-7.123
ACCTT	1414.0	12970.1	-7.112
AACGC	399.0	3393.9	-7.068
GGCCC	3754.0	35523.6	-7.029
GGACG	1033.0	9355.6	-6.908
TAGAT	714.0	6345.0	-6.857
CGATT	314.0	2633.5	-6.739
ACTTA	773.0	6916.5	-6.696
TTGAT	1041.0	9452.9	-6.673
TAGAA	1018.0	9238.3	-6.654
CCCGT	1022.0	9297.8	-6.494
AGGGT	2507.0	23591.9	-6.327
AGGGA	3228.0	30568.7	-6.314
GCTCG	851.0	7691.5	-6.189
AGTAC	621.0	5516.4	-6.188
TCCCC	3427.0	32524.3	-6.174
AACAC	1044.0	9543.7	-6.084
AAATT	1398.0	12939.4	-6.074
TTGAC	886.0	8041.9	-6.072
ATAGT	679.0	6077.3	-6.063
GACCC	1961.0	18371.6	-5.934
CCCTA	1171.0	10777.8	-5.921
CTTAG	1073.0	9843.1	-5.911
GCTTA	858.0	7795.9	-5.864
GACGA	400.0	3472.1	-5.856
GTCCC	2507.0	23682.6	-5.783
GCGAT	478.0	4208.0	-5.780
CATCC	1945.0	18250.4	-5.757
CGGTG	1357.0	12596.3	-5.611
AACTA	603.0	5401.1	-5.552
GACAA	898.0	8208.5	-5.534
ATCGT	318.0	2726.3	-5.486
CCCCG	2175.0	20529.6	-5.380
GTCTG	2755.0	26164.3	-5.347
CTCAC	2339.0	22125.2	-5.339
AATAG	767.0	6973.8	-5.292
CCCTC	3603.0	34437.1	-5.220
CGACC	523.0	4669.4	-5.188
TAAGC	732.0	6655.7	-5.119
CCGCT	1170.0	10869.7	-5.017
CACCC	2965.0	28307.9	-4.876
CTAGA	934.0	8631.4	-4.768
TACTT	1003.0	9298.7	-4.717
TCTGT	3232.0	30965.2	-4.614
CGTTG	520.0	4686.2	-4.585
ATAAG	712.0	6519.6	-4.564
TCTGA	1976.0	18745.4	-4.509
GCACT	1960.0	18598.2	-4.430
CGGAA	579.0	5265.8	-4.360
TTTCG	417.0	3730.7	-4.354
GTCCT	2244.0	21403.4	-4.273
TACCT	1091.0	10201.6	-4.238
GTGGC	3537.0	34043.3	-4.218
GCCCT	3401.0	32710.3	-4.208
AGATT	1045.0	9779.3	-4.088
GCCCC	3948.0	38094.6	-4.052
ACGAT	251.0	2195.0	-3.997
TGGTT	1874.0	17867.6	-3.896
TGAAG	1890.0	18028.2	-3.825
CGATG	455.0	4134.8	-3.812
ATCGA	226.0	1967.9	-3.758
CTCTG	4496.0	43562.8	-3.754
ATGAC	970.0	9107.4	-3.692
GTCTT	1716.0	16374.5	-3.612
GTAAG	886.0	8304.3	-3.609
GCTTC	2186.0	20961.0	-3.605
GACTG	1903.0	18207.6	-3.600
GCGTC	818.0	7649.6	-3.598
GTGTC	2189.0	21001.9	-3.597
CCACA	2251.0	21607.2	-3.593
CCTCT	3436.0	33233.3	-3.529
CAGGG	4615.0	44870.0	-3.348
GGTAC	755.0	7066.1	-3.314
GAAGG	2663.0	25705.3	-3.307
TGCTC	2624.0	25325.2	-3.307
TACTA	610.0	5670.6	-3.297
ACGAG	520.0	4806.1	-3.261
ATTTG	1499.0	14326.4	-3.219
GTTCT	1702.0	16318.1	-3.210
AGAAA	1950.0	18750.2	-3.186
CACCT	2808.0	27176.3	-3.154
TTGTT	2062.0	19853.6	-3.141
AAAAA	3424.0	33229.3	-3.133
TAAAG	1011.0	9582.2	-3.126
GTCCA	1446.0	13828.8	-3.124
GAGAA	2054.0	19785.0	-3.104
CAAAT	1100.0	10452.5	-3.097
AGGGC	3222.0	31255.3	-3.092
GTACT	718.0	6744.9	-3.090
ATAGA	705.0	6622.2	-3.047
AAAAG	1528.0	14647.5	-3.020
ATTGC	1080.0	10293.0	-2.906
AAACA	1398.0	13403.0	-2.905
GAGTA	909.0	8625.4	-2.848
AATAA	1176.0	11251.2	-2.755
TAGTT	786.0	7463.0	-2.660
AGCAG	2918.0	28395.9	-2.659
CAATA	583.0	5493.6	-2.582
TTGCC	1869.0	18097.4	-2.560
AGCTT	1588.0	15357.1	-2.459
GCACA	1995.0	19374.3	-2.399
CTCTA	1209.0	11647.3	-2.395
CTACA	1027.0	9859.6	-2.379
ATCAG	1094.0	10541.6	-2.263
ATCCC	1649.0	16004.1	-2.263
TAAGG	967.0	9296.3	-2.239
CGGGC	1958.0	19064.8	-2.194
AAATC	897.0	8627.8	-2.169
GTATC	570.0	5430.3	-2.113
CAGAG	3191.0	31299.2	-2.036
ACAGC	1820.0	17758.1	-2.001
TAATA	725.0	6976.2	-1.933
TACCG	267.0	2501.6	-1.905
TAAGT	805.0	7773.6	-1.883
CTCTC	2799.0	27474.4	-1.880
GAATT	1030.0	9997.0	-1.850
TTTCA	1766.0	17266.4	-1.824
ACCAA	912.0	8835.1	-1.823
AAGGG	2304.0	22597.6	-1.819
AGAAC	1139.0	11079.5	-1.799
AACTG	1411.0	13773.8	-1.792
ACCTG	2818.0	27716.5	-1.760
ACGAC	258.0	2425.9	-1.759
TTATT	1510.0	14755.8	-1.755
TGCCC	3705.0	36539.2	-1.694
TCGGA	454.0	4360.1	-1.646
ATCTG	1748.0	17148.4	-1.640
GGCTT	2357.0	23190.9	-1.637
CCGGT	667.0	6461.1	-1.631
CCTAT	772.0	7498.5	-1.616
TATAG	573.0	5539.3	-1.612
CTGGC	4222.0	41714.9	-1.611
CCGTC	823.0	8002.7	-1.602
CGAAA	277.0	2635.9	-1.597
AAGTT	1050.0	10267.4	-1.501
AGCCC	2884.0	28471.9	-1.501
GTTTG	1886.0	18564.4	-1.483
AATCT	1002.0	9806.0	-1.459
ATCTA	616.0	5992.2	-1.453
CCATA	729.0	7115.0	-1.422
ACTGA	1354.0	13300.1	-1.422
TAGAC	554.0	5384.3	-1.412
TCGAT	204.0	1944.4	-1.384
CAGAT	1452.0	14295.8	-1.370
GCCTT	2205.0	21795.1	-1.328
GATCG	348.0	3366.2	-1.313
GATAG	599.0	5851.0	-1.306
TTTCT	2986.0	29580.3	-1.296
AATTA	974.0	9567.6	-1.292
GAAAG	1699.0	16776.1	-1.280
AAAGG	1681.0	16607.9	-1.274
ACGGA	461.0	4792.3	-1.269
ATTCG	223.0	2138.0	-1.267
ATGAG	1609.0	16222.5	-1.260
AACGT	316.0	3596.8	-1.250
CAGCA	2924.0	28989.2	-1.247
ACAGT	1331.0	13132.2	-1.244
TTAGG	1060.0	10438.4	-1.236
CTTCT	2602.0	26348.7	-1.226
CATCT	1838.0	19172.6	-1.218
TCGCA	329.0	3640.0	-1.217
GACGG	913.0	8987.3	-1.209
GTGAG	2814.0	30694.7	-1.200
ATAGC	555.0	5966.6	-1.197
AGCTG	3269.0	38064.7	-1.180
GTATA	545.0	5347.8	-1.168
TATCG	148.0	1417.3	-1.157
GACGC	641.0	6635.4	-1.153
CTATA	526.0	5163.8	-1.133
CTAAG	847.0	8354.6	-1.131
GAGAG	2582.0	25647.6	-1.125
CTGAT	1331.0	13528.3	-1.123
CCTCC	4685.0	49401.3	-1.121
ACTCA	1226.0	12126.4	-1.111
TTACG	196.0	2014.0	-1.101
CCTGA	2461.0	27770.1	-1.090
TAGAG	1249.0	12365.6	-1.089
AGTCG	359.0	3518.8	-1.081
AAGTG	1526.0	19161.3	-1.068
GTGAA	1434.0	15517.5	-1.055
TGATG	1838.0	19160.5	-1.054
GAACA	1139.0	11284.1	-1.042
CTCGT	567.0	5587.4	-1.040
TTCGG	487.0	4875.1	-1.028
TTGTA	1020.0	12159.9	-1.027
GTCGT	317.0	3733.8	-1.020
TCCTG	3937.0	46061.4	-1.013
GTCCG	529.0	6388.2	-0.992
TTATG	943.0	9353.2	-0.983
TTCCC	2629.0	26661.3	-0.974
CAGTG	2971.0	31144.5	-0.966
GGTAT	783.0	7760.3	-0.965
TTCTG	2823.0	28494.0	-0.959
CGAAC	191.0	2759.0	-0.958
TTAGT	905.0	8981.9	-0.956
TGAAC	1084.0	12299.5	-0.956
AAAGT	1233.0	13311.5	-0.915
AAAAT	1782.0	18991.8	-0.888
GTGTA	1086.0	11930.0	-0.887
CAGTT	1392.0	13875.5	-0.882
TAGGT	863.0	9183.8	-0.875
AGAGG	2947.0	29427.9	-0.874
CGGGA	1415.0	14107.4	-0.869
TTTGA	1526.0	16009.3	-0.863
GGGTC	2263.0	24363.4	-0.856
GTTTT	2045.0	20415.5	-0.856
AACAG	1302.0	12979.2	-0.851
TTATC	629.0	6826.7	-0.848
CCAGA	2186.0	21832.3	-0.829
GGGAC	2562.0	25605.9	-0.825
CTTCC	3108.0	31087.0	-0.824
ACCTA	694.0	6917.7	-0.821
CTTCA	1626.0	16784.6	-0.820
ATCCA	1016.0	11616.6	-0.807
CGTCT	805.0	8033.2	-0.797
CTCTT	2256.0	22563.8	-0.795
TAGCG	259.0	2569.7	-0.781
GGCAG	4177.0	44776.2	-0.770
TTTAT	1562.0	15620.1	-0.768
AGCAA	1216.0	13352.5	-0.750
CACTT	1634.0	17398.0	-0.736
AACTC	841.0	11343.5	-0.732
TTGGC	2015.0	20193.2	-0.722
CAGGC	3244.0	41206.2	-0.721
TGACC	1654.0	17141.2	-0.717
CAATT	713.0	7136.1	-0.715
TCGCT	608.0	7107.1	-0.714
CCGAA	367.0	3665.2	-0.714
GCCCG	1671.0	17855.3	-0.712
AGGCA	2365.0	28485.5	-0.712
TATTC	773.0	7747.9	-0.695
AACCT	1192.0	13083.9	-0.693
GCAGT	1984.0	22076.8	-0.678
ACAAC	678.0	6800.9	-0.674
ATAGG	729.0	7460.4	-0.670
CCATC	1808.0	18141.4	-0.670
TCGAC	210.0	2109.3	-0.650
GGGAT	1950.0	21698.1	-0.647
GTTAC	501.0	5964.4	-0.646
TGATT	1205.0	12222.8	-0.644
TAATC	709.0	7994.7	-0.644
GAGCT	2459.0	24698.8	-0.627
CTCCC	4269.0	44682.7	-0.624
CGTTC	408.0	4255.2	-0.624
TTCCT	2991.0	30056.4	-0.622
GTTGA	964.0	9689.4	-0.618
CAAGT	1146.0	12183.0	-0.613
AGTGG	2508.0	27757.1	-0.611
CTATG	791.0	9562.2	-0.610
AACAA	1012.0	10402.5	-0.610
CGAGG	1298.0	13056.0	-0.608
TTTTA	1897.0	19345.3	-0.608
GCTGA	2643.0	27206.3	-0.603
AGTTA	667.0	7081.8	-0.601
CGCGC	883.0	11426.0	-0.599
GAGGC	3766.0	37850.3	-0.595
TCTCT	3053.0	30958.7	-0.590
TACTG	1007.0	10776.5	-0.587
CGATC	304.0	3070.4	-0.578
AAGAA	1460.0	15128.4	-0.568
AAGAG	1650.0	16610.7	-0.568
TGAGC	2454.0	25985.2	-0.561
GGCCT	3603.0	37763.3	-0.553
TTAGC	823.0	9539.9	-0.553
TTCTC	2364.0	24601.5	-0.551
AAACT	1215.0	12252.3	-0.549
AAGGA	1653.0	17830.5	-0.548
TGATC	1153.0	11629.4	-0.538
TGAAA	1597.0	16105.6	-0.531
TCACC	1915.0	19306.6	-0.529
TGGTA	1046.0	10562.9	-0.529
TTCGA	284.0	2974.3	-0.514
CTTGG	2649.0	28716.5	-0.507
AGTTG	1198.0	12101.2	-0.505
CGCCC	1434.0	18610.4	-0.498
TGTAG	1265.0	12787.5	-0.496
TTATA	755.0	7675.2	-0.493
CAGAC	1510.0	15252.4	-0.492
CTAGG	1270.0	12837.7	-0.491
CCTTG	2394.0	24710.9	-0.488
CTGAG	3534.0	37730.8	-0.485
CGCAA	304.0	3097.3	-0.478
CCACT	2040.0	21407.5	-0.470
GTAGC	814.0	9789.4	-0.459
GCTAG	873.0	8855.6	-0.450
ACTAG	553.0	5624.4	-0.449
CGAGC	722.0	7329.6	-0.448
TCGTG	680.0	6915.4	-0.440
TGACA	1362.0	13798.7	-0.434
AGTCA	1120.0	11373.8	-0.418
GTCTA	629.0	6420.8	-0.400
ATATC	519.0	5299.2	-0.400
CATCG	417.0	4270.7	-0.394
ATCAA	604.0	6172.2	-0.389
TCGAA	204.0	2578.5	-0.381
ACTAC	587.0	6003.1	-0.378
CTCCT	3844.0	41209.8	-0.370
AGCTC	1997.0	20257.9	-0.369
ACAAA	1241.0	13221.4	-0.360
TGGAG	3311.0	40634.4	-0.358
TGGCC	3476.0	36279.9	-0.356
GAAGC	1693.0	17206.0	-0.348
TTGGT	1579.0	16428.4	-0.347
CGCCT	1437.0	15171.8	-0.346
CGTAG	271.0	2803.9	-0.342
TGAGT	1824.0	19883.0	-0.341
GTCAA	683.0	7003.5	-0.333
AGGAA	2188.0	22239.2	-0.323
GAGCG	1037.0	10878.5	-0.314
GTGAC	1567.0	15965.5	-0.313
TATGG	971.0	10650.2	-0.307
TGTAA	1170.0	13696.8	-0.301
CTAGC	771.0	7911.5	-0.300
ATTGG	991.0	10554.6	-0.294
GATTA	668.0	8675.9	-0.293
GAGTG	2507.0	26187.5	-0.288
TCTAT	692.0	7996.4	-0.286
AATGG	1391.0	15197.4	-0.284
AATTT	1432.0	14627.2	-0.284
TCTCC	2744.0	29881.3	-0.282
GACTT	1096.0	11959.8	-0.277
AATGA	1138.0	12687.6	-0.273
ACGTC	439.0	4554.4	-0.266
GGTCT	1916.0	21792.5	-0.259
CTTCG	517.0	5944.0	-0.258
TTCTT	2228.0	23706.9	-0.257
GAACT	1075.0	12253.9	-0.251
GCGGA	862.0	9922.9	-0.249
TTCAA	967.0	11499.6	-0.248
TAGTC	580.0	6001.7	-0.246
TCCGC	725.0	9459.8	-0.245
CGCTC	835.0	9592.0	-0.245
TGTGA	2319.0	25026.1	-0.245
CATTG	1194.0	12961.8	-0.244
AGTAG	923.0	12017.3	-0.239
AAGCT	1387.0	14216.1	-0.238
TATCT	842.0	9053.4	-0.236
TAATG	893.0	9202.4	-0.232
GCGGC	1378.0	19002.7	-0.231
CCCAT	1779.0	19119.3	-0.229
TCCTA	999.0	10305.1	-0.228
TTGTG	2087.0	21951.1	-0.226
TGGCA	2401.0	26113.4	-0.219
CCTCA	2704.0	27870.7	-0.217
TATTA	715.0	7407.8	-0.213
AGGAC	1523.0	16051.5	-0.207
ACAAG	993.0	10252.5	-0.199
TAGTG	904.0	9350.7	-0.196
AGGCT	2759.0	33135.7	-0.194
TCTTT	2275.0	23434.7	-0.192
AATAC	671.0	6970.0	-0.191
AGGTG	3419.0	34911.6	-0.190
TAGGC	876.0	9072.9	-0.190
ATCTT	1151.0	12159.0	-0.188
GGCTA	1063.0	11240.4	-0.186
AAAGA	1415.0	14572.6	-0.182
ATTAG	735.0	8049.6	-0.176
GGTCC	1757.0	19281.4	-0.171
CGGCT	1080.0	13564.7	-0.170
ATATA	716.0	7457.9	-0.169
TAGCT	984.0	12321.0	-0.169
AAGCC	1404.0	15075.6	-0.169
GATCA	889.0	9232.3	-0.168
CAAAC	916.0	9798.5	-0.161
CCAGC	3484.0	40985.4	-0.157
TATGT	1074.0	12635.8	-0.156
AGACC	1362.0	14930.9	-0.156
CCACC	3034.0	33220.9	-0.155
CATAA	656.0	6860.0	-0.155
GGACC	1545.0	18029.8	-0.153
CGGAG	1150.0	13254.9	-0.152
GTTTC	1551.0	17294.8	-0.151
CCCGA	824.0	8582.1	-0.149
ATTAC	531.0	8575.5	-0.149
TATGA	686.0	7746.7	-0.144
ACCGA	299.0	3190.4	-0.141
CAGAA	1538.0	18089.8	-0.141
CAAGG	1748.0	19138.9	-0.139
GTATT	819.0	9830.9	-0.138
CCAAT	703.0	7358.5	-0.137
AGGAG	3616.0	37607.5	-0.134
GATAC	437.0	4625.6	-0.134
AGTTT	1427.0	14768.4	-0.133
AACAT	986.0	11607.9	-0.129
TCAAA	1026.0	11029.4	-0.128
TTGGA	1588.0	16425.6	-0.127
AGCCT	2853.0	31014.5	-0.127
GGAGA	2872.0	30244.0	-0.126
ATCCT	1487.0	15511.4	-0.125
TTCCG	572.0	6030.8	-0.122
CAGGT	2336.0	27953.3	-0.119
CGAAG	410.0	4359.1	-0.116
TCTGG	3043.0	33965.0	-0.113
CACGA	411.0	4439.9	-0.113
GTCAC	1346.0	13981.6	-0.112
GAATA	678.0	7220.4	-0.110
AACCG	259.0	3335.3	-0.108
AAGTC	902.0	9440.0	-0.106
GGATA	668.0	7041.1	-0.105
CGGAT	313.0	3849.5	-0.104
AGTCC	1340.0	14432.1	-0.099
TCCGA	385.0	4129.3	-0.097
GTCGA	201.0	2203.4	-0.097
CCAGT	1735.0	17985.2	-0.096
AGAAG	1791.0	19570.7	-0.096
AGACG	640.0	6764.1	-0.095
GCCTC	3444.0	39379.8	-0.095
GCGCG	1046.0	13165.4	-0.095
TCACA	1411.0	15268.7	-0.095
ATATG	680.0	9559.8	-0.094
GATAA	576.0	6305.6	-0.092
CGTGA	746.0	7944.3	-0.092
GAGGT	2392.0	24720.8	-0.090
GCCGA	760.0	8016.0	-0.086
CATTA	704.0	7620.1	-0.085
AGGTA	1027.0	10765.3	-0.084
AGGAT	1304.0	14589.6	-0.083
GACAC	1095.0	12031.2	-0.082
CGTCA	467.0	4992.6	-0.081
ATGAT	1040.0	10996.1	-0.080
ACATT	1079.0	11315.6	-0.078
CTATT	725.0	8226.1	-0.078
GGCGT	1013.0	11833.2	-0.077
GGACT	1709.0	17771.8	-0.077
GGCGC	1637.0	18360.6	-0.076
AATAT	830.0	8752.9	-0.075
GCTCC	2609.0	29021.7	-0.073
TACGG	251.0	2760.4	-0.070
ACCAT	957.0	13367.6	-0.069
AATCA	717.0	8352.4	-0.069
CCCAG	4512.0	52052.6	-0.068
GACCG	503.0	5387.2	-0.068
CTCCA	2514.0	27439.4	-0.068
AACGG	324.0	3930.2	-0.067
GCCGG	1777.0	18501.6	-0.067
TTCCA	1787.0	18848.9	-0.060
CTAAT	833.0	8911.4	-0.059
TTTGG	2247.0	23755.3	-0.058
CCGCG	828.0	11152.5	-0.057
GGTTT	1717.0	19229.9	-0.056
ACTCC	1692.0	17677.4	-0.056
AGGTC	1459.0	15352.2	-0.053
CCCAA	1633.0	18122.2	-0.053
GGCAC	2013.0	22164.6	-0.052
AGAGA	1982.0	22681.2	-0.052
GAAGA	1552.0	16252.9	-0.052
GACCT	1529.0	17373.1	-0.051
GCTAA	808.0	9487.6	-0.049
GATTG	926.0	9820.1	-0.049
TCCCA	2843.0	32573.3	-0.047
ATTCT	1380.0	15127.4	-0.046
ACAGA	1621.0	17377.0	-0.044
ATTTC	1296.0	13649.5	-0.043
GAAAC	1122.0	12415.0	-0.042
CACTA	629.0	6761.7	-0.042
CTGGT	2642.0	27485.1	-0.041
CCGGG	2114.0	24821.6	-0.041
TCAAC	659.0	7070.8	-0.040
CAGCT	2893.0	32935.7	-0.039
ACCTC	1691.0	20212.6	-0.039
GCCTA	876.0	9333.3	-0.039
GATGA	1275.0	13454.3	-0.038
GGCTC	2756.0	31713.6	-0.037
GGAGT	1934.0	24270.3	-0.036
ATTAT	810.0	8654.6	-0.036
CGGTT	365.0	4337.6	-0.035
CGACA	295.0	3277.4	-0.035
CAACG	300.0	3332.0	-0.035
AGTGT	1736.0	18226.0	-0.034
GTAGA	915.0	9950.1	-0.034
CGGCA	699.0	8318.5	-0.034
TTTTT	4303.0	52928.0	-0.033
ATTCC	1121.0	11926.4	-0.033
TTTTG	2237.0	26460.7	-0.032
GAATC	810.0	8672.2	-0.031
CCGAC	458.0	5008.2	-0.031
TAGCC	769.0	9606.1	-0.031
AGGTT	1252.0	14578.8	-0.029
CAACC	945.0	10857.3	-0.028
GCCGC	1407.0	17302.9	-0.028
TCCAG	2676.0	27928.3	-0.028
TCCCG	1266.0	13482.8	-0.028
CGGTC	498.0	5444.9	-0.027
TATTG	771.0	8295.6	-0.026
ACCGG	560.0	6100.1	-0.025
AGCGA	538.0	5866.6	-0.025
TGTCA	1500.0	16853.0	-0.024
ACCAC	1314.0	15021.8	-0.023
CAAAG	1344.0	15715.1	-0.023
GTTAT	598.0	6660.0	-0.022
ACCGC	603.0	6567.8	-0.022
ACTAT	488.0	5619.1	-0.022
GGAAC	1260.0	13391.5	-0.022
TATCA	552.0	6036.0	-0.020
GACTC	1221.0	13007.8	-0.020
AAGCG	510.0	5600.7	-0.020
AGTGA	1837.0	19374.9	-0.020
GCACC	1918.0	21387.3	-0.019
CTCAT	1285.0	16005.1	-0.018
GCCCA	2770.0	30424.6	-0.018
GTAGT	708.0	7677.8	-0.018
TCGAG	461.0	5095.4	-0.018
CTGGA	2745.0	36277.9	-0.018
CTCAG	2997.0	32723.0	-0.018
CGCGG	914.0	12417.3	-0.017
CCGGC	1444.0	16977.4	-0.017
ATCCG	316.0	4075.4	-0.017
TCAAT	585.0	6405.5	-0.016
CTCGG	1285.0	13702.2	-0.016
TTTGT	2167.0	25636.5	-0.015
AAGGC	1554.0	16643.5	-0.015
CTCCG	1086.0	12684.0	-0.014
GGACA	1724.0	18264.1	-0.014
GACCA	1106.0	13623.8	-0.014
GTCAG	1693.0	18250.8	-0.014
CCCGG	1885.0	22928.8	-0.013
CCGCC	1932.0	21462.9	-0.013
TCTTG	1800.0	21225.8	-0.013
CCAAA	1354.0	14450.9	-0.012
CGGAC	489.0	5419.3	-0.012
CTTGA	1378.0	15235.0	-0.010
ATTGT	972.0	10969.1	-0.010
TGGTC	1662.0	19514.1	-0.010
TGGAA	2067.0	21893.7	-0.009
GTAAT	712.0	8965.2	-0.009
TGAGA	1902.0	21807.8	-0.009
CCTCG	1071.0	12112.4	-0.009
AAGAC	907.0	10143.1	-0.008
GAGTT	1177.0	14320.5	-0.008
AATCC	961.0	11234.5	-0.008
AAGAT	912.0	9920.0	-0.007
GAGCC	2757.0	29073.7	-0.007
ATATT	854.0	9395.9	-0.007
AGTTC	1111.0	12010.3	-0.007
ACTTC	1050.0	12513.6	-0.007
TCGTC	357.0	4243.5	-0.006
CTAGT	589.0	6550.4	-0.006
CAGTC	1337.0	14392.0	-0.006
TCTCA	1803.0	20878.2	-0.006
CGAGT	481.0	5458.0	-0.005
AATCG	186.0	2428.7	-0.005
CACCA	1625.0	23289.8	-0.005
GCAGA	2181.0	24235.2	-0.005
GGTTC	1333.0	14939.3	-0.005
CGCCA	860.0	9422.5	-0.005
CGCAG	1048.0	12373.6	-0.005
CAGCG	920.0	12006.2	-0.005
GTGAT	1386.0	16152.7	-0.004
ATAAT	763.0	8419.9	-0.004
TCAGC	2033.0	22637.8	-0.004
GCCAC	2312.0	24588.4	-0.004
ACATA	651.0	7677.2	-0.004
GCTCA	2065.0	23640.3	-0.004
GGCGA	726.0	8191.1	-0.003
GGTCA	1564.0	16842.1	-0.003
GATCT	1114.0	12133.6	-0.003
CAACT	803.0	8867.8	-0.003
GAACC	1035.0	11630.6	-0.003
ATTTT	2098.0	24854.5	-0.003
GACTA	527.0	6055.6	-0.003
AGGCG	1224.0	14521.0	-0.003
GACAG	1828.0	20323.3	-0.003
ACGGC	572.0	6440.5	-0.003
GCAGC	3199.0	34068.6	-0.003
TCCAA	1015.0	11137.1	-0.002
GACGT	444.0	5110.6	-0.002
TATAT	768.0	8532.0	-0.002
GTCTC	1834.0	23074.8	-0.002
CAAAA	1310.0	14595.8	-0.002
CGGCC	1436.0	17347.8	-0.002
CGACT	311.0	3659.5	-0.002
TACAG	963.0	14063.5	-0.002
GTTCC	1404.0	15250.5	-0.002
GGCCA	2630.0	29953.8	-0.002
AGACT	1150.0	12590.5	-0.002
ACTGG	1872.0	21092.5	-0.001
TTCGC	309.0	3945.3	-0.001
TCATT	1171.0	13982.5	-0.001
TCATA	588.0	6681.0	-0.001
TGGAC	1435.0	16278.4	-0.001
CAATC	452.0	6530.0	-0.001
ACAGG	2182.0	25742.9	-0.001
TTGAG	1522.0	17626.4	-0.001
GCGAA	277.0	3333.9	-0.001
TCATC	1138.0	12873.7	-0.001
AGTCT	1154.0	14903.7	-0.001
AGCGC	657.0	8640.1	-0.001
CACAA	958.0	10643.7	-0.001
AGATC	795.0	9809.5	-0.001
ACCAG	1608.0	17509.6	-0.001
GCCAG	2891.0	33415.8	-0.001
GAAGT	1178.0	13247.6	-0.001
TGCCA	2193.0	25173.7	-0.000
AGCGG	921.0	10746.3	-0.000
CCATT	1218.0	14044.8	-0.000
GCGAC	415.0	4898.4	-0.000
CAGCC	3804.0	41530.9	-0.000
CCAAC	936.0	11184.5	-0.000
CCGAG	1137.0	12658.1	-0.000
ATCAT	703.0	9282.2	-0.000
GATTC	834.0	9448.5	-0.000
TGATA	601.0	7142.7	-0.000
GATCC	877.0	11119.4	-0.000
TCAAG	1130.0	13765.0	-0.000
CTCAA	1151.0	13631.2	-0.000
CCTAG	1069.0	12179.2	-0.000
GGAAT	1203.0	13414.0	-0.000
GAGTC	1156.0	14396.4	-0.000
CACCG	808.0	9226.9	-0.000
TATTT	1654.0	18734.2	-0.000
TACAA	645.0	8210.7	-0.000
GCAAC	692.0	10106.4	-0.000
CAGGA	2786.0	32415.6	-0.000
CATCA	1136.0	12856.0	-0.000
ATCAC	892.0	10477.1	-0.000
ATCTC	1272.0	14850.0	-0.000
CAAGA	1131.0	13003.7	-0.000
GCAAA	1044.0	11921.5	-0.000
CGTCG	220.0	3148.8	-0.000
AATTC	760.0	8916.8	-0.000
GACAT	886.0	10135.3	-0.000
TCGGC	634.0	8738.3	-0.000
TCAGG	2301.0	25695.0	-0.000
CCAGG	4282.0	50100.2	-0.000
GAGAC	1513.0	18899.0	-0.000
TCGCG	309.0	3859.9	-0.000
GGATC	976.0	11364.4	-0.000
AGCCG	957.0	11285.0	-0.000
ACATC	862.0	9934.1	-0.000
CCGGA	749.0	8728.5	-0.000
GGCAA	1152.0	13729.0	-0.000
CGAGA	532.0	6549.4	-0.000
AGATG	1715.0	19864.2	-0.000
CGACG	212.0	2821.8	-0.000
GAGAT	1144.0	16951.7	-0.000
TCTCG	665.0	8211.1	-0.000
ACAAT	598.0	7162.7	-0.000
ATCGC	283.0	3660.2	-0.000
CTCGA	363.0	4571.4	-0.000
CGCGA	266.0	3511.6	-0.000
AGACA	1331.0	15390.1	-0.000
GTCGC	420.0	5883.8	-0.000
CAACA	910.0	12057.9	-0.000
GCCAT	1403.0	16982.0	-0.000
CGGCG	820.0	11915.5	-0.000
GGATT	1234.0	15002.8	-0.000
TCCGG	767.0	9462.3	-0.000
GCGCC	1241.0	16060.3	-0.000
GTCAT	916.0	10843.4	-0.000
AGCTA	872.0	10462.4	-0.000
TCGCC	546.0	7634.9	-0.000
CCAAG	1679.0	19161.4	-0.000
AGATA	660.0	8077.4	-0.000
GATAT	493.0	6560.0	-0.000
AGCCA	2035.0	24532.6	-0.000
GCAAT	685.0	8880.3	-0.000
CAATG	826.0	10660.9	-0.000
GCCAA	1108.0	14077.4	-0.000
CGCCG	788.0	10339.4	-0.000
