OligoSequence	Target Occurences	Background Occurences	Enrichment(ln p, up to 2 mismatches)
GTGTG	2869.0	76356.7	-171.389
TGTGT	2623.0	76302.6	-124.156
CACAC	992.0	25291.2	-120.447
ACACA	968.0	24663.4	-118.474
GCATG	724.0	19265.8	-84.300
GGGGG	1378.0	43154.1	-71.265
TGCAT	656.0	18651.9	-62.962
GTGCA	804.0	24085.7	-60.607
CCCCC	782.0	24979.4	-44.927
GCGTG	538.0	16800.9	-37.281
CGTGT	385.0	11614.1	-33.047
TCATC	408.0	12804.8	-29.393
TAACT	325.0	9759.6	-28.760
CGCCG	381.0	12048.1	-26.735
TGGGT	856.0	30614.5	-26.409
ATGCG	163.0	4247.7	-25.115
CATCA	404.0	13135.7	-25.044
GAGAG	773.0	27611.3	-24.921
CCGTA	107.0	2422.6	-24.344
GTATG	375.0	12378.9	-21.691
GAGCC	698.0	25590.9	-19.444
CTTAG	315.0	10350.9	-19.351
TGTGC	808.0	30110.2	-19.266
GACCG	188.0	5580.5	-19.035
CGGCG	427.0	14836.6	-18.715
AGCAG	692.0	25515.5	-18.604
TTAAC	283.0	9203.7	-18.576
GCACG	248.0	7909.7	-18.175
TTTCG	154.0	4403.3	-18.146
GCCGC	485.0	17359.3	-17.466
TCGAT	90.0	2211.2	-17.240
AAATT	599.0	22056.4	-17.084
TGCGT	260.0	8507.3	-17.057
TTGCG	155.0	4595.1	-16.200
CACGT	237.0	7689.2	-16.097
CCGGT	197.0	6267.4	-15.157
TTGCA	488.0	17878.7	-15.084
CCCTC	705.0	26886.1	-14.799
AAGAT	375.0	13456.4	-13.898
CGATC	114.0	3306.7	-13.437
GCGGC	547.0	20676.0	-13.210
TTCGA	112.0	3248.8	-13.177
GCAGC	693.0	26787.8	-13.158
AGCTT	414.0	15263.6	-12.888
AATTG	353.0	12773.9	-12.878
CATGC	431.0	15996.0	-12.606
TGTCC	564.0	21494.5	-12.593
TATGC	239.0	8269.4	-12.018
ATTGA	325.0	11755.7	-11.853
CGCAT	119.0	3636.6	-11.791
GTAGT	278.0	9965.3	-11.257
TGCGG	328.0	12031.0	-11.100
ATACC	190.0	6473.8	-10.942
GTACC	207.0	7145.6	-10.908
GGTGT	746.0	29642.1	-10.813
GGTCG	192.0	6582.7	-10.425
CCGAT	86.0	2487.6	-10.420
ATCAA	248.0	8873.4	-10.366
GTGTA	359.0	16649.0	-10.335
CGGTG	340.0	12671.5	-10.303
GACTT	355.0	13302.5	-10.168
ACGCA	89.0	4537.2	-9.746
CCCCT	654.0	26038.2	-9.721
AATAT	430.0	16560.8	-9.592
AGAGC	476.0	18570.5	-9.401
GCACA	459.0	17860.1	-9.371
TGGAC	379.0	14499.3	-9.337
ACCTT	364.0	13964.0	-8.922
TCCCC	663.0	26660.9	-8.888
GTCCT	477.0	18778.1	-8.783
ATGCA	385.0	14881.8	-8.783
TCTAG	278.0	10382.8	-8.760
GGTCC	416.0	16180.3	-8.671
TATCG	58.0	1638.0	-8.501
CAAAA	506.0	20094.1	-8.491
TTGAC	262.0	9773.6	-8.370
TTCGT	125.0	4183.3	-8.338
TAGTG	310.0	11803.6	-8.297
CCGCC	525.0	20954.7	-8.285
AGCAT	305.0	14309.5	-8.265
TGTAC	269.0	11291.4	-8.265
TGGAT	355.0	17664.8	-8.265
TCACA	340.0	16978.3	-8.265
GAGGG	786.0	38807.3	-8.265
TGGGG	1130.0	51701.0	-8.265
GGGAG	1067.0	48924.7	-8.265
GGAGG	1093.0	53475.1	-8.265
CACAA	276.0	12750.3	-8.265
CCTGT	640.0	31295.4	-8.265
CTGTG	783.0	44322.4	-8.265
TGTGG	894.0	40646.7	-8.265
TCTGT	683.0	33213.8	-8.265
GGGTG	990.0	43512.5	-8.265
GTGGG	1090.0	47232.9	-8.265
GGGGC	820.0	43196.8	-8.265
CCATC	321.0	15413.5	-8.265
TTTGT	845.0	40283.5	-8.265
TGTAT	486.0	22830.0	-8.265
ATGTG	619.0	27770.9	-8.265
GTACA	200.0	9718.1	-8.265
GTGCG	310.0	12978.4	-8.265
GTTTG	521.0	23420.9	-8.265
TGTCT	610.0	28490.5	-8.265
GTCTG	499.0	23254.9	-8.265
GCATA	148.0	8100.5	-8.265
TTCAT	357.0	18894.8	-8.265
TATGT	411.0	19496.7	-8.265
CATGA	325.0	15153.1	-8.265
TGAAT	353.0	17336.6	-8.265
CTGCA	555.0	30136.1	-8.265
GAGCA	395.0	18831.8	-8.265
TGTCG	100.0	5900.9	-8.265
GTCGT	66.0	4103.0	-8.265
TCGTC	94.0	3998.1	-8.265
CGTCG	67.0	3499.7	-8.265
GCCGT	118.0	7768.3	-8.265
CACGC	204.0	9340.7	-8.265
CGCGT	137.0	5439.9	-8.265
CGTGC	250.0	10511.8	-8.265
GACCC	317.0	15985.4	-8.265
CCCAC	477.0	24020.4	-8.265
CCACA	402.0	20190.3	-8.265
ATACG	58.0	2135.3	-8.265
TACGA	23.0	1789.9	-8.265
GTCCA	291.0	13205.8	-8.265
ACTTA	197.0	9467.6	-8.265
CTTAA	227.0	11111.4	-8.265
AAACA	310.0	19223.5	-8.265
AACAC	230.0	11234.6	-8.265
CACAT	376.0	16965.7	-8.265
CCTCA	465.0	24406.0	-8.265
GTGTC	416.0	22200.7	-8.265
CCGTC	176.0	7633.6	-8.265
CGTCC	166.0	7970.7	-8.265
AGTGT	489.0	22637.1	-8.265
GGGCG	535.0	28205.7	-8.265
CGACG	72.0	2974.8	-8.265
TGTGA	584.0	29883.3	-8.265
AACGG	68.0	3624.1	-8.265
AGCGT	116.0	5848.0	-8.265
TGAGT	444.0	21647.5	-8.265
GAGTG	575.0	27230.5	-8.265
CGCAC	143.0	6735.4	-8.265
TAGGT	209.0	11122.0	-8.265
GTGAG	589.0	32394.8	-8.265
GTCCG	146.0	6491.0	-8.265
GACAC	240.0	11759.2	-8.265
TCCGC	146.0	8849.6	-8.265
AGCAC	207.0	15833.5	-8.265
GTACG	38.0	2612.1	-8.265
TACGT	47.0	3510.6	-8.265
TGCAA	337.0	16431.7	-8.265
TGTTT	818.0	39680.3	-8.265
GTAGG	269.0	12283.9	-8.265
TTGGA	360.0	17969.5	-8.265
ACATA	215.0	12385.0	-8.265
CATAC	174.0	7157.9	-8.265
ATACA	291.0	13722.0	-8.265
TGAAC	273.0	13351.2	-8.265
GAACC	236.0	11186.1	-8.265
ACCGA	61.0	3286.7	-8.265
CACCC	465.0	22663.4	-8.265
TTTTG	800.0	40425.6	-8.265
CCCTT	434.0	20215.2	-8.265
GAGCG	191.0	11821.9	-8.265
TAATT	385.0	18650.6	-8.265
ACTCA	281.0	12782.5	-8.265
TTTTT	2160.0	95054.7	-8.265
ACACT	285.0	12849.7	-8.265
CACTC	306.0	15625.0	-8.265
CTCAC	434.0	20178.1	-8.265
ATAAT	303.0	14364.0	-8.265
TTATC	155.0	10108.0	-8.265
TATAC	192.0	8113.0	-8.265
CCCTA	162.0	9559.7	-8.265
GCGGT	157.0	9434.4	-8.265
ACCCA	364.0	17320.4	-8.265
CCGCT	177.0	8982.2	-8.265
CTACC	176.0	8100.1	-8.265
ATCGG	62.0	2733.2	-8.265
CATAA	205.0	9365.5	-8.265
TTAGT	244.0	13092.8	-8.265
AACAT	258.0	15640.7	-8.265
ACTAT	176.0	7994.8	-8.265
AACTA	121.0	7871.8	-8.265
TAGCA	181.0	9995.8	-8.265
GCAAG	273.0	14017.3	-8.265
GATAG	150.0	7371.3	-8.265
ACAAA	411.0	18641.0	-8.265
CTTAC	161.0	7973.1	-8.265
AAGTT	230.0	14777.5	-8.265
GCGAG	221.0	10223.4	-8.265
GCGTA	53.0	2487.7	-8.265
ATAGA	176.0	10059.4	-8.265
ACGAT	70.0	2542.3	-8.265
CAAAC	188.0	11286.5	-8.265
TTACC	155.0	8468.6	-8.265
AAACT	310.0	15580.0	-8.265
CTTCG	114.0	5535.9	-8.265
CCCGC	380.0	18665.2	-8.265
CGCCC	362.0	18368.3	-8.265
TACCG	53.0	2427.7	-8.265
CCGTT	107.0	4519.3	-8.265
CGTAT	57.0	2410.3	-8.265
TTCGG	95.0	4975.9	-8.265
TCGAC	48.0	2136.4	-8.265
GATCG	71.0	3542.1	-8.265
ATCGA	55.0	2145.1	-8.265
AATCG	55.0	2673.4	-8.265
ACGTG	249.0	9305.5	-8.033
TCTTA	324.0	12477.8	-7.968
GGACC	394.0	15451.7	-7.915
ATCAT	312.0	11992.5	-7.866
CTTCC	663.0	27003.2	-7.822
TATAG	239.0	8924.1	-7.760
ACCGG	167.0	5961.7	-7.756
GACGA	110.0	3667.5	-7.677
TCGCC	200.0	7347.4	-7.631
ACAGA	507.0	20347.3	-7.586
ACTGA	370.0	14473.8	-7.585
TGCAG	804.0	33286.5	-7.533
ACACG	168.0	6041.7	-7.519
AGAGA	661.0	27113.1	-7.319
CCTGC	803.0	33316.2	-7.283
TACAC	232.0	8734.9	-7.231
GTCGG	196.0	7231.2	-7.216
CTGAT	350.0	13764.3	-7.053
TTATT	680.0	28037.8	-7.043
CTCTC	555.0	22615.2	-7.037
GGAAA	547.0	22263.3	-7.026
CTGTC	583.0	23823.2	-7.005
CACGA	126.0	4397.8	-6.936
CGTTT	164.0	5948.6	-6.935
TAGGA	314.0	12266.1	-6.848
GTGTT	610.0	25053.3	-6.792
TCCGT	167.0	6107.6	-6.786
ACCGT	133.0	4726.4	-6.765
ACCGC	169.0	6210.7	-6.715
ATGGG	545.0	22320.3	-6.669
AAAGC	345.0	13674.9	-6.569
AACCG	100.0	3416.6	-6.551
CGTAG	89.0	2956.7	-6.542
AGTAC	186.0	6928.4	-6.541
CGATG	114.0	3975.1	-6.526
GGCGT	310.0	12192.8	-6.510
GGGTA	290.0	11334.4	-6.503
ACCCT	400.0	16096.8	-6.457
AACTG	362.0	14457.0	-6.386
GCAGG	852.0	35878.6	-6.353
TAGTT	304.0	11984.7	-6.314
TGAAA	538.0	22095.3	-6.277
ACCAA	257.0	9995.7	-6.257
GACTC	308.0	12167.4	-6.191
ACGAC	74.0	2422.3	-6.132
AAGCT	341.0	13659.5	-6.018
TTTTA	842.0	35559.6	-5.963
GATGG	564.0	23340.8	-5.957
TACCT	274.0	10766.5	-5.917
CATGT	542.0	22423.1	-5.846
AGCCC	551.0	22869.9	-5.768
CCGCA	206.0	7935.0	-5.684
CGTAC	61.0	1942.3	-5.657
ATAGT	249.0	9789.8	-5.632
CGACC	125.0	4539.9	-5.613
TCGAG	141.0	5225.1	-5.520
TTATA	363.0	14760.2	-5.479
TCGTA	59.0	1922.4	-5.440
TCCGA	113.0	4089.0	-5.379
ATCTA	202.0	7814.2	-5.343
GAAAG	470.0	19460.5	-5.309
AAAAT	709.0	30041.4	-5.301
CCTTC	531.0	22196.4	-5.169
AACCA	286.0	11515.0	-5.138
ATTCG	72.0	2451.2	-5.101
GTACT	201.0	7869.3	-5.084
CTATC	163.0	6225.3	-5.045
AGAAC	307.0	12417.5	-5.028
CTTAT	264.0	10603.2	-4.946
GAGCT	493.0	20649.3	-4.897
CAGCA	599.0	25360.4	-4.863
AGGTG	786.0	33642.1	-4.850
AAAGG	444.0	18532.5	-4.711
CTCTT	522.0	22041.2	-4.649
AAGTA	276.0	11206.6	-4.585
GGGTC	494.0	20871.2	-4.473
ATTAT	390.0	16278.7	-4.453
CGAGC	187.0	7388.4	-4.441
GATAA	226.0	9097.1	-4.405
TCGGT	121.0	4558.6	-4.393
AGTCG	101.0	3758.0	-4.368
CCTTA	239.0	9653.2	-4.363
AGCTA	266.0	10872.7	-4.322
TTGGG	664.0	28513.7	-4.229
GAATA	263.0	10755.9	-4.198
AGGAT	382.0	16000.8	-4.151
TTCCG	158.0	6229.7	-4.101
GCAGT	511.0	21771.2	-4.016
GAACG	109.0	4129.2	-4.011
AACGA	69.0	2480.7	-3.858
CAACC	258.0	10657.8	-3.838
GATAC	148.0	5873.6	-3.794
GGAGC	631.0	27253.7	-3.784
TACCC	202.0	8182.9	-3.762
TCCTC	569.0	24496.5	-3.761
ATAAC	177.0	7121.3	-3.741
CCCTG	839.0	36607.8	-3.731
CAGAT	362.0	15298.7	-3.677
GGCAC	420.0	17866.4	-3.649
ATGAA	388.0	16467.4	-3.645
GGTTA	215.0	8811.1	-3.624
CTCGA	116.0	4526.5	-3.586
GCGGG	661.0	28720.2	-3.583
AGGTT	393.0	16724.8	-3.557
TGTAG	374.0	15908.5	-3.518
ATGGA	415.0	17714.7	-3.472
GGTGG	1079.0	47642.8	-3.471
GAAAA	521.0	22527.7	-3.417
TTAAT	381.0	16245.6	-3.368
GTGAC	389.0	16645.2	-3.343
CTGTA	424.0	18227.4	-3.335
CGTAA	58.0	2127.6	-3.303
ATCGC	93.0	3586.7	-3.275
GAACA	313.0	13245.0	-3.262
AAGGG	485.0	20993.0	-3.257
TGCAC	432.0	18617.6	-3.230
GGATA	210.0	8734.9	-3.208
CTTCA	397.0	17049.7	-3.184
TGCGA	116.0	4616.1	-3.152
TTTAA	591.0	25812.8	-3.152
TACTT	310.0	13188.3	-3.133
CCCGT	206.0	8574.7	-3.079
TATAA	305.0	12996.3	-3.078
CCATA	193.0	7997.1	-3.020
GCTTA	203.0	8457.9	-2.972
CGATT	80.0	3111.4	-2.931
TGACC	365.0	15719.4	-2.914
AACAA	342.0	14745.7	-2.879
GTTAA	238.0	10055.3	-2.863
CGGGC	433.0	18852.8	-2.855
ACTCT	339.0	14595.3	-2.848
AGTTG	331.0	14219.8	-2.840
GTCAT	280.0	11941.5	-2.802
CAGTA	254.0	10796.8	-2.800
CCTTT	533.0	23409.1	-2.783
TGATG	468.0	20499.5	-2.717
AGCTC	400.0	17442.6	-2.700
GTCGC	144.0	5959.1	-2.669
CCCAA	397.0	17291.5	-2.662
TTATG	314.0	13540.1	-2.660
GCTAT	188.0	7942.3	-2.564
GCCCC	672.0	29884.3	-2.549
CCTCT	600.0	26561.4	-2.540
ACGCG	101.0	4106.0	-2.536
AGATA	272.0	11734.9	-2.530
GTTTT	737.0	32821.0	-2.528
GTTGT	412.0	18053.7	-2.506
ACGAA	68.0	2653.4	-2.498
GTCCC	473.0	20859.2	-2.494
ACTTC	305.0	13259.3	-2.442
TACTA	182.0	7688.0	-2.435
CGCGC	317.0	13804.0	-2.430
TCAAG	340.0	14850.9	-2.409
TTGTG	638.0	28404.9	-2.398
GCTGT	601.0	26722.5	-2.394
TAACC	161.0	6767.2	-2.390
TTGTC	363.0	15961.4	-2.290
GATGA	336.0	14746.9	-2.284
AATAC	230.0	9933.3	-2.232
TGACA	355.0	15617.4	-2.200
AGCGC	202.0	8672.8	-2.198
CGACT	86.0	3492.9	-2.190
CCTCC	899.0	40514.3	-2.186
ATACT	203.0	8728.7	-2.185
TAAGT	254.0	11050.6	-2.165
AAAAG	467.0	20769.2	-2.146
ACGAG	113.0	4722.2	-2.143
GAGGT	557.0	24870.0	-2.137
CGAGA	164.0	7003.0	-2.126
GGGAA	593.0	26526.8	-2.123
CAGTT	372.0	16442.6	-2.122
TGGGA	863.0	38929.4	-2.102
ACCAT	310.0	13645.5	-2.085
GCTTT	455.0	20277.1	-2.079
CCCCA	653.0	29380.8	-2.059
TTCCA	466.0	20769.4	-2.052
CTCCC	808.0	36477.9	-2.043
GGACT	360.0	15926.8	-2.043
TTTAT	648.0	29129.2	-2.041
AATTC	280.0	12269.7	-2.040
TTTAC	306.0	13507.6	-2.035
TTGGT	433.0	19306.1	-2.032
TCTGA	422.0	18790.4	-2.019
TGGAA	506.0	22686.3	-1.981
AGACG	160.0	6915.5	-1.954
AAGCG	138.0	5886.5	-1.952
ACTTG	343.0	15197.2	-1.951
GACAA	231.0	10108.9	-1.942
GACCT	343.0	15209.9	-1.929
TAGCT	297.0	13131.9	-1.924
AACTT	315.0	13954.4	-1.909
ACCTG	507.0	22748.1	-1.894
GCATC	253.0	11123.6	-1.891
TCTTC	472.0	21201.6	-1.853
GGCGG	688.0	31099.9	-1.849
AACTC	271.0	11998.4	-1.833
CAATA	191.0	8366.1	-1.827
TTAGA	262.0	11585.3	-1.811
TCCAC	361.0	16138.8	-1.775
GAAGA	425.0	19063.5	-1.774
CAAGC	286.0	12733.4	-1.759
AGCCG	253.0	11188.1	-1.758
CCAAC	243.0	10770.4	-1.754
GGGGT	752.0	34173.6	-1.746
TCGCA	82.0	3468.1	-1.734
TAAGA	247.0	10938.7	-1.732
CTAGC	172.0	7508.2	-1.709
AAACG	91.0	3856.7	-1.696
TTCCT	656.0	29818.2	-1.696
AAAAA	1069.0	48930.3	-1.682
TACCA	199.0	8796.2	-1.659
CTGGA	676.0	30738.5	-1.647
GCGCG	371.0	16682.5	-1.630
CTCCG	264.0	11793.3	-1.616
TCCTT	526.0	23889.1	-1.611
CTTGC	351.0	15794.3	-1.606
ATAAG	204.0	9031.9	-1.593
TTTCC	591.0	26888.3	-1.587
TTCTT	699.0	31904.7	-1.570
CAGCG	250.0	11186.7	-1.561
GGTTT	497.0	22570.6	-1.561
TGTTG	599.0	27303.9	-1.558
AGAGG	615.0	28060.4	-1.516
AGACT	304.0	13692.0	-1.510
GAGAA	504.0	22921.6	-1.507
CTTGG	541.0	24668.1	-1.502
ATTAA	298.0	13426.1	-1.498
AAAAC	362.0	16379.6	-1.490
ATCTG	377.0	17071.0	-1.478
TCCGG	207.0	9247.6	-1.470
AGGGC	543.0	24781.1	-1.445
CAGAC	320.0	14450.5	-1.443
TAGAC	146.0	6493.3	-1.393
CTGTT	512.0	23398.5	-1.384
ATGTA	307.0	15316.9	-1.383
TCTCA	471.0	21501.0	-1.381
AGATG	451.0	20602.2	-1.375
CTTTC	470.0	21742.5	-1.370
GTGGT	608.0	27879.2	-1.362
AGTAT	226.0	10190.2	-1.361
CGGTC	104.0	5318.5	-1.356
GCCTT	413.0	18845.4	-1.351
AGGGG	656.0	34192.2	-1.350
CTGGG	1166.0	56390.6	-1.350
AATCT	276.0	12487.6	-1.350
CATCT	388.0	17702.8	-1.324
CGGCA	168.0	7530.2	-1.324
TCCAT	353.0	16102.3	-1.322
AGCTG	608.0	30376.5	-1.317
GACTA	150.0	6678.8	-1.315
GATCT	287.0	13001.5	-1.311
TAGCC	210.0	9491.4	-1.305
GCTTG	363.0	17437.4	-1.302
GAATG	275.0	16501.6	-1.301
CGTCA	104.0	4614.2	-1.298
CGTGA	189.0	8515.6	-1.293
GATCC	247.0	11184.4	-1.290
CCCCG	341.0	19420.0	-1.288
GGCTT	422.0	19309.3	-1.287
ATCTT	311.0	15525.2	-1.287
TGACT	338.0	15624.8	-1.283
TTTAG	301.0	16839.9	-1.276
GGCAT	294.0	15913.6	-1.270
AAGAA	461.0	21120.4	-1.263
TCTGG	609.0	28078.1	-1.233
AGCGG	212.0	10980.1	-1.230
CGGGT	190.0	11058.1	-1.228
TCCCT	586.0	27125.7	-1.228
GGAAC	250.0	12900.3	-1.228
ACCCC	317.0	18298.3	-1.226
TTACT	285.0	13006.1	-1.222
GGTGC	524.0	24124.5	-1.207
TATCC	114.0	7943.5	-1.206
CGCAG	221.0	11255.0	-1.206
GTGAA	398.0	18913.3	-1.200
CTTTT	718.0	33213.5	-1.194
CGTTA	34.0	2388.5	-1.192
AGTAG	261.0	14124.7	-1.190
TATGA	239.0	10878.0	-1.186
GCACC	272.0	17153.3	-1.176
ATAGC	143.0	7158.1	-1.175
CTAAC	126.0	6102.0	-1.174
CTATA	163.0	7356.9	-1.168
AATAA	337.0	18363.6	-1.166
CCAGA	440.0	20253.7	-1.159
CACAG	533.0	24613.7	-1.159
AAGAG	357.0	18915.0	-1.151
GGGTT	482.0	22207.7	-1.140
GTTGG	433.0	19975.5	-1.136
AAATA	513.0	23696.9	-1.135
GTAGC	199.0	10357.8	-1.132
TCGTG	85.0	7331.5	-1.125
CTGCC	731.0	33862.4	-1.125
AGTAA	233.0	10655.1	-1.119
TTTGG	596.0	27554.8	-1.113
GTAAC	150.0	6778.2	-1.112
GAACT	238.0	13067.5	-1.094
CTCGC	143.0	8239.1	-1.089
TGATT	390.0	18020.5	-1.083
CTGAC	333.0	15723.6	-1.079
CCAAA	354.0	16295.9	-1.079
TTAGC	226.0	10367.0	-1.076
GTGCC	427.0	23023.9	-1.067
CAAGA	280.0	14495.7	-1.065
TCAAC	178.0	8174.3	-1.065
AGAAA	504.0	26152.3	-1.059
AACGT	86.0	3836.0	-1.052
CGCTC	126.0	8876.2	-1.052
CCACC	540.0	27507.9	-1.051
GCGTT	113.0	5116.2	-1.049
AGACA	307.0	17868.8	-1.049
ATATA	393.0	18171.1	-1.046
CAGGT	563.0	26140.9	-1.043
TTAAA	430.0	22559.0	-1.042
CCATT	342.0	15818.5	-1.039
GGATC	242.0	11196.1	-1.034
ACAAC	182.0	8303.3	-1.033
ATCCG	64.0	3758.6	-1.023
GTTCG	68.0	4059.8	-1.021
GTCTT	348.0	18983.4	-1.020
GATGT	298.0	16127.6	-1.018
ATGAT	264.0	14253.0	-1.013
ACTCG	98.0	4440.2	-1.009
GGGCC	689.0	32057.0	-1.007
CAAAT	316.0	14607.7	-1.006
AGACC	216.0	13903.2	-1.001
GAATT	314.0	14500.9	-1.000
CTTTA	333.0	15714.8	-0.997
TATGG	212.0	11705.0	-0.995
CCGGC	326.0	16542.7	-0.992
GTATT	217.0	15377.9	-0.989
GTGCT	434.0	24526.2	-0.989
CGGTA	30.0	2600.9	-0.985
GGGGA	751.0	36605.5	-0.984
TCTTT	660.0	32770.1	-0.984
TTTCT	783.0	39275.9	-0.984
ATTTT	907.0	43316.7	-0.984
CAGAA	403.0	20264.8	-0.982
TCATG	277.0	16516.6	-0.975
GGAAT	314.0	14524.5	-0.972
CGAAA	36.0	2991.1	-0.972
TAATC	216.0	9961.7	-0.971
ATTCA	307.0	14190.8	-0.971
GCGCC	320.0	16671.4	-0.968
ATCAG	246.0	11912.3	-0.965
CAGAG	643.0	29996.3	-0.962
TAGTA	171.0	9470.1	-0.962
TAACG	18.0	1985.2	-0.956
TATTC	247.0	11416.4	-0.950
TTGTA	369.0	18320.3	-0.949
GCCTG	829.0	39727.1	-0.935
TCACT	435.0	20234.8	-0.935
TTGAA	415.0	19282.4	-0.932
ACACC	277.0	13432.1	-0.931
AGTTA	221.0	10213.1	-0.916
ATTTG	457.0	21283.9	-0.913
TGCTT	401.0	22858.1	-0.898
GCCCG	369.0	17216.6	-0.891
TCAGG	521.0	24347.0	-0.889
GAAAT	374.0	17449.7	-0.889
GCAAA	293.0	13653.5	-0.887
ATGAG	357.0	16644.3	-0.886
CATAT	215.0	12467.8	-0.878
AAGCA	335.0	16185.6	-0.877
CGAAC	64.0	2944.0	-0.871
GCGTC	117.0	7620.8	-0.866
AACCT	277.0	13721.7	-0.865
GCCTA	184.0	8521.0	-0.860
AATCA	248.0	11543.7	-0.858
TTTTC	711.0	33315.5	-0.857
GGATG	413.0	20942.5	-0.854
CATCC	275.0	15271.4	-0.851
TGGCA	478.0	22349.1	-0.839
ATTTA	431.0	20418.6	-0.838
GTGGA	548.0	25995.0	-0.836
AAGTG	426.0	22484.1	-0.835
GATTC	238.0	11086.6	-0.825
GTTAG	195.0	9069.0	-0.824
TCACC	378.0	17695.5	-0.821
GGTAC	134.0	7195.7	-0.814
TACTC	152.0	8263.6	-0.812
CGGTT	85.0	4292.5	-0.811
TGTTC	361.0	19007.1	-0.810
TAACA	229.0	10669.6	-0.810
CACCA	392.0	21381.4	-0.809
CGGGG	533.0	28060.5	-0.801
CGTTC	92.0	4245.9	-0.801
ACTTT	437.0	20911.3	-0.800
TTTCA	401.0	24640.1	-0.793
CTTTG	569.0	26719.9	-0.789
TCGGA	79.0	4461.5	-0.789
CTTGA	335.0	16838.1	-0.788
AAAGT	343.0	18760.8	-0.783
TTTGC	409.0	20107.6	-0.780
ACTAA	151.0	8534.5	-0.779
AGAAG	457.0	21928.2	-0.778
CACTT	304.0	18368.3	-0.772
CCTAC	161.0	8066.6	-0.772
CAGCC	599.0	34469.3	-0.771
TACTG	255.0	11945.4	-0.770
AAAGA	427.0	20525.5	-0.770
AGATT	267.0	14373.7	-0.767
GCGCA	147.0	8725.0	-0.762
GGCGC	346.0	19236.1	-0.757
CACCG	187.0	8755.2	-0.754
TACGG	57.0	2650.9	-0.752
TGTAA	329.0	18409.5	-0.748
GACCA	256.0	12848.4	-0.746
CTGCT	617.0	29027.8	-0.744
TTACG	39.0	2376.9	-0.742
GCAGA	442.0	22415.2	-0.742
TGCTA	223.0	10462.7	-0.738
GGGCA	561.0	28621.5	-0.731
TATCT	243.0	12407.8	-0.728
TTCAC	321.0	15623.7	-0.727
GTCGA	53.0	2468.0	-0.726
AATTT	539.0	25620.0	-0.722
CGTGG	278.0	15473.3	-0.721
ATAAA	389.0	19281.6	-0.717
CATTC	252.0	14065.0	-0.717
CTAGT	164.0	7690.2	-0.716
TGCGC	167.0	10453.4	-0.713
GGCAG	780.0	36803.2	-0.704
GTTAT	208.0	10378.3	-0.703
TATTA	299.0	14284.1	-0.702
AAGGT	322.0	15193.6	-0.690
ACGTC	88.0	4107.9	-0.688
CATTA	209.0	10562.9	-0.686
ATTGG	249.0	12115.7	-0.683
ACAAT	223.0	10521.1	-0.683
GCCTC	589.0	32689.1	-0.673
AGTGC	400.0	19865.9	-0.672
TAAGC	134.0	7391.9	-0.670
TTTGA	494.0	23964.5	-0.664
GATCA	204.0	10599.8	-0.661
CAAGT	291.0	13763.0	-0.660
CTAAG	184.0	8683.4	-0.649
CGCTT	126.0	5943.6	-0.648
GGTTG	306.0	17940.7	-0.647
GTTTA	243.0	13577.3	-0.642
CTAGG	250.0	11853.1	-0.639
GCCAG	587.0	27803.9	-0.636
TAAAA	508.0	24554.5	-0.634
CTGAG	680.0	32213.8	-0.633
CGTCT	139.0	7287.3	-0.632
TGGGC	612.0	33242.5	-0.630
CGATA	23.0	1413.2	-0.626
GAGGA	614.0	29086.0	-0.625
TGCCT	622.0	30412.8	-0.620
ACCCG	146.0	8008.7	-0.619
GCCGG	391.0	18584.5	-0.616
ACCAG	329.0	16223.2	-0.612
AAATC	228.0	11987.8	-0.608
CAGCT	551.0	26525.8	-0.600
TAAAT	366.0	18334.4	-0.598
AGGCG	303.0	14958.3	-0.596
TCTCC	511.0	25979.2	-0.593
TTCTA	271.0	14252.2	-0.590
AGCCT	544.0	26973.9	-0.590
CAGTC	285.0	13574.9	-0.581
ACGCT	65.0	4465.1	-0.581
AACAG	310.0	15286.5	-0.580
GCATT	251.0	14016.2	-0.579
GATGC	248.0	11817.5	-0.571
TTAGG	251.0	12319.1	-0.567
TGATA	166.0	10634.5	-0.567
CCCAT	284.0	16245.5	-0.566
ATCCA	235.0	12579.6	-0.566
TGAAG	363.0	20053.1	-0.566
AAGGA	400.0	19988.5	-0.565
CCGAC	90.0	4837.2	-0.563
CCTGA	503.0	24155.2	-0.561
TCGGC	175.0	8345.6	-0.558
GATTA	207.0	11828.0	-0.554
AGTTT	425.0	22072.8	-0.554
CAACA	285.0	13764.6	-0.553
TGTTA	330.0	15762.6	-0.551
CGGCC	355.0	16917.3	-0.550
CATCG	76.0	3703.9	-0.548
CGAAG	94.0	4494.7	-0.548
CGCCT	276.0	13693.8	-0.547
AGCAA	308.0	14686.6	-0.546
GTTCC	288.0	14728.7	-0.540
TGAGC	482.0	23674.4	-0.538
GTTAC	159.0	7637.6	-0.530
TTCCC	517.0	24677.9	-0.530
GATTT	378.0	18063.2	-0.527
TAAAC	157.0	9840.9	-0.526
TTGTT	585.0	32245.1	-0.525
TATTG	273.0	13379.7	-0.522
ATATG	255.0	14547.8	-0.522
GCCCT	503.0	24030.9	-0.519
GGAGT	497.0	24923.7	-0.519
CGGGA	299.0	14326.0	-0.519
ATAGG	175.0	9073.9	-0.516
TAGAG	230.0	13969.0	-0.512
CACCT	423.0	23045.2	-0.511
CTTGT	355.0	19072.2	-0.511
AAATG	418.0	22730.6	-0.509
AGGAG	746.0	35816.9	-0.507
TAGGG	239.0	13388.5	-0.506
CATAG	152.0	9387.0	-0.505
CGGAG	221.0	13738.6	-0.503
TCTGC	427.0	24626.8	-0.501
GAAGG	491.0	24801.0	-0.500
CTCCT	664.0	33342.3	-0.499
ATATT	384.0	18813.1	-0.495
ACCTC	328.0	18460.2	-0.494
AGGGT	462.0	22106.0	-0.492
CGTTG	67.0	4751.8	-0.488
CTGCG	249.0	13808.1	-0.488
GCTGG	835.0	46524.4	-0.485
GGCCC	556.0	27777.3	-0.484
GACAG	379.0	21104.3	-0.484
GCTGC	604.0	30871.2	-0.484
TGGTG	777.0	37747.1	-0.483
TAGGC	181.0	8738.6	-0.482
CAGGA	596.0	30169.8	-0.481
GCTAG	169.0	8158.2	-0.480
TACAT	246.0	13341.5	-0.476
CTCAT	280.0	15363.7	-0.475
TGAGA	484.0	25055.5	-0.474
TACGC	40.0	1945.6	-0.472
ACGTT	73.0	3968.0	-0.470
GGTTC	300.0	14396.1	-0.468
TATTT	691.0	34731.3	-0.463
TAGTC	151.0	7284.4	-0.463
CGCTA	48.0	2347.9	-0.463
CACTG	549.0	26292.9	-0.459
TCGGG	215.0	10518.8	-0.458
AGTGA	426.0	22956.4	-0.454
CGGAC	88.0	5453.1	-0.449
AGAAT	354.0	17186.2	-0.449
CTTCT	490.0	24278.5	-0.449
GGCCG	320.0	19591.1	-0.447
TAATA	236.0	12450.2	-0.445
GAGTT	269.0	16810.4	-0.445
TGGAG	761.0	37548.7	-0.439
AGGTA	192.0	12301.9	-0.435
GAGAC	334.0	19879.1	-0.435
GTATA	211.0	10193.7	-0.428
AGAGT	254.0	16710.8	-0.427
CTCTA	212.0	11513.6	-0.427
ACGTA	49.0	2605.0	-0.425
GGACA	356.0	17482.5	-0.425
TCTAA	189.0	10135.9	-0.422
GGGAC	452.0	22442.3	-0.418
CAATT	198.0	10936.4	-0.417
GGTCT	320.0	20082.1	-0.416
ATCCT	307.0	15332.9	-0.415
CCAGC	652.0	33758.2	-0.414
GGTGA	543.0	26129.8	-0.413
GGTAG	213.0	12009.1	-0.408
TCCTG	786.0	37760.0	-0.406
TGAGG	625.0	31930.2	-0.402
ACAAG	245.0	11866.2	-0.401
AGGAC	315.0	15246.0	-0.397
CCTTG	443.0	21701.9	-0.397
ACCTA	120.0	7520.0	-0.396
TCTCT	605.0	29147.7	-0.395
CTGAA	328.0	18140.4	-0.393
TGCCC	518.0	27012.9	-0.392
TCCAG	489.0	25587.8	-0.386
ATTGC	229.0	11120.7	-0.385
AATTA	320.0	15494.7	-0.385
GGAGA	571.0	30240.5	-0.384
ACTGT	382.0	18516.5	-0.379
AGGAA	487.0	24420.0	-0.376
CCTGG	999.0	48072.6	-0.374
CCTAA	185.0	9026.4	-0.373
CGAGG	262.0	12740.0	-0.373
GAAGC	306.0	16032.2	-0.371
TTACA	325.0	16630.8	-0.371
TCGAA	53.0	2823.2	-0.370
ACAGC	271.0	16520.5	-0.369
TTGAG	405.0	21105.0	-0.358
CCTCG	227.0	11105.2	-0.358
GAGTA	207.0	10347.0	-0.355
ACATG	337.0	17889.3	-0.354
TCCTA	225.0	11085.7	-0.353
TTAAG	255.0	12438.8	-0.353
GCTCT	430.0	20841.8	-0.351
ATCAC	243.0	11893.8	-0.347
GGCCA	507.0	24547.4	-0.344
GACGC	92.0	6341.7	-0.344
CTATT	233.0	11592.0	-0.342
CCGCG	271.0	13241.0	-0.341
CGAGT	84.0	5670.8	-0.340
GACTG	279.0	16562.7	-0.340
CCATG	379.0	21244.5	-0.339
ATTAG	167.0	11096.1	-0.338
ACGGA	101.0	5040.0	-0.327
AATAG	202.0	10402.5	-0.326
TCATA	191.0	9871.6	-0.325
TATCA	192.0	9423.7	-0.320
ACAGT	326.0	15905.5	-0.319
TCTAT	196.0	11023.7	-0.314
GGACG	129.0	8833.8	-0.314
ATGCT	300.0	14652.9	-0.312
GGCTC	524.0	25464.2	-0.311
ACAGG	410.0	25224.6	-0.310
TCATT	355.0	18998.6	-0.306
ACGGG	126.0	8365.9	-0.305
CTGGC	615.0	29861.2	-0.305
ATTGT	342.0	17447.3	-0.295
CATGG	411.0	21360.4	-0.293
TGACG	99.0	4976.9	-0.291
TAGAA	256.0	13358.7	-0.286
CCGTG	234.0	12626.1	-0.286
AGTGG	560.0	27752.8	-0.285
GTTCA	277.0	14626.3	-0.281
CATTT	531.0	26337.8	-0.281
TGCCG	179.0	8901.8	-0.277
GGAAG	571.0	29188.7	-0.275
TCAGA	342.0	17030.8	-0.273
TGATC	260.0	13127.0	-0.269
GACGT	92.0	4925.7	-0.267
CAAAG	357.0	17876.8	-0.267
GAAGT	260.0	15698.0	-0.263
AAGTC	218.0	10829.6	-0.261
TCAAA	301.0	15318.5	-0.260
GAGAT	274.0	18974.6	-0.259
GACGG	165.0	8762.1	-0.259
ACATT	333.0	16661.4	-0.259
ATCGT	47.0	3092.4	-0.256
CAACT	194.0	9846.7	-0.255
TATAT	392.0	20410.8	-0.253
TTCAG	406.0	19918.2	-0.252
CCTAT	149.0	8096.3	-0.248
TCTTG	431.0	22067.7	-0.243
TCCCA	531.0	29793.0	-0.242
GTAAG	191.0	9559.2	-0.239
GCCAT	292.0	14476.3	-0.235
GCTTC	348.0	17204.9	-0.235
CGCTG	237.0	12951.2	-0.232
TAGCG	54.0	2828.3	-0.229
AACGC	46.0	3093.9	-0.228
CGCGA	56.0	4325.5	-0.228
TTCAA	304.0	16056.8	-0.228
ATTCT	386.0	19332.6	-0.225
AGGGA	575.0	28573.8	-0.225
TTGCC	295.0	16626.1	-0.224
AGGCT	571.0	28039.4	-0.222
ATCTC	305.0	15145.3	-0.220
CTCTG	689.0	34939.7	-0.218
TGGCG	225.0	12782.4	-0.217
TACAA	208.0	11684.4	-0.213
GGTAA	183.0	9884.0	-0.212
GCACT	226.0	16182.9	-0.211
AGCGA	101.0	6210.2	-0.205
GTGGC	560.0	30495.3	-0.203
TTCTG	576.0	29467.4	-0.202
TGGTT	364.0	20525.3	-0.201
GGATT	320.0	17209.7	-0.200
TGCTG	691.0	37070.4	-0.199
TCAGC	385.0	20537.7	-0.197
GGCCT	575.0	28649.7	-0.197
ACTAC	134.0	6851.1	-0.194
CGGCT	203.0	11752.6	-0.193
CCGGA	149.0	8639.2	-0.189
CAGGC	693.0	34356.0	-0.189
CCGAA	57.0	3682.4	-0.186
CTGGT	348.0	23819.5	-0.185
TCAGT	294.0	17099.4	-0.180
GTAAA	252.0	12690.7	-0.177
AGATC	198.0	10733.3	-0.176
AATGG	309.0	16259.6	-0.176
GCTCC	458.0	22704.3	-0.175
GATTG	227.0	11770.2	-0.171
GCGAT	88.0	4571.0	-0.170
ACTCC	324.0	16237.1	-0.165
ACTAG	126.0	6482.7	-0.165
GGCTA	133.0	10218.0	-0.165
CATTG	289.0	14495.2	-0.164
CTCAA	283.0	14211.6	-0.163
GGGAT	377.0	20522.2	-0.162
CAGTG	561.0	31599.9	-0.162
TTGAT	296.0	14850.7	-0.162
GAATC	188.0	9566.3	-0.161
TCTAC	162.0	9653.1	-0.161
GTCAC	250.0	13616.4	-0.158
TACAG	293.0	16963.5	-0.158
AATGT	334.0	18875.9	-0.157
ATCCC	218.0	14759.3	-0.157
TGGCC	512.0	28411.9	-0.154
CGGAT	71.0	3914.5	-0.154
CTCCA	448.0	23900.1	-0.152
CTAAT	169.0	10744.4	-0.145
CTCAG	586.0	29086.4	-0.142
CCCGA	145.0	8235.3	-0.140
TAAGG	203.0	10346.9	-0.138
AGGTC	284.0	14617.5	-0.137
GAGTC	228.0	14536.6	-0.136
TTGGC	355.0	18547.4	-0.135
GAGGC	644.0	33456.4	-0.134
CCAGT	342.0	17645.3	-0.134
AAGAC	189.0	11557.8	-0.133
CTAGA	185.0	9479.5	-0.133
GGCTG	895.0	46174.0	-0.133
CAGGG	727.0	36440.8	-0.133
CCACT	347.0	18629.0	-0.132
TAAAG	262.0	13287.8	-0.132
GTTGA	219.0	12477.9	-0.130
GTTCT	321.0	17715.5	-0.130
AATGA	285.0	16402.2	-0.129
ATGAC	174.0	9817.5	-0.123
TTCTC	434.0	25008.9	-0.123
TCTCG	101.0	8221.1	-0.120
TAGAT	177.0	9723.4	-0.117
TTCGC	75.0	4041.5	-0.116
ACTGC	330.0	17968.0	-0.113
GTATC	134.0	7039.3	-0.112
TTGCT	297.0	21629.2	-0.112
TGGCT	580.0	30196.6	-0.111
GGGCT	625.0	31198.1	-0.109
ATGTT	406.0	21055.1	-0.107
ATGTC	251.0	12875.7	-0.106
ACTGG	361.0	18272.7	-0.104
CGCGG	292.0	14925.4	-0.103
ATTAC	177.0	11354.0	-0.103
AGTCT	295.0	16184.4	-0.103
GTTGC	243.0	13735.3	-0.103
CAATC	136.0	7224.2	-0.103
GTAAT	210.0	12030.4	-0.102
AGTCC	243.0	13697.2	-0.100
CCTAG	196.0	11485.6	-0.097
AGCCA	417.0	22689.5	-0.096
TCAAT	159.0	9262.1	-0.096
AGGCA	506.0	25491.9	-0.093
CGGAA	98.0	5271.5	-0.092
CCAAT	159.0	8356.2	-0.092
ATTTC	341.0	19749.6	-0.089
GCCCA	430.0	24874.4	-0.088
AGTCA	245.0	12616.4	-0.087
GTCAG	307.0	18054.5	-0.086
ACGGC	101.0	5453.9	-0.086
GTTTC	402.0	20426.9	-0.086
AAACC	250.0	12928.9	-0.082
GAAAC	257.0	14089.1	-0.081
ACGGT	84.0	4617.9	-0.079
CTAAA	221.0	11474.5	-0.078
ATGGT	274.0	17691.7	-0.077
GTAGA	186.0	12373.3	-0.077
GCTAA	177.0	9317.1	-0.073
AGTTC	201.0	13498.7	-0.071
GCGGA	148.0	10258.3	-0.069
TGTCA	342.0	18985.3	-0.069
GGCAA	221.0	13450.7	-0.068
GGTAT	167.0	9584.1	-0.066
AATGC	169.0	11499.7	-0.064
CGAAT	23.0	2300.0	-0.063
GCGCT	191.0	10093.9	-0.063
ATATC	151.0	8044.8	-0.063
ATTCC	247.0	12870.0	-0.062
GCCAC	376.0	21100.6	-0.061
GTGAT	370.0	19469.4	-0.058
GCTCG	131.0	7445.1	-0.057
GCTGA	396.0	22440.2	-0.056
TGGTA	189.0	12445.3	-0.053
AACCC	243.0	12868.2	-0.053
TGCCA	368.0	21017.6	-0.051
GTCTC	393.0	22161.2	-0.050
CTATG	154.0	9856.3	-0.048
ACATC	162.0	10463.4	-0.047
CCGGG	453.0	24715.0	-0.047
CTACT	214.0	11493.6	-0.046
TCGTT	63.0	3696.7	-0.043
GGTCA	287.0	15875.8	-0.040
TCGCT	107.0	6552.1	-0.039
TCCCG	239.0	13159.8	-0.039
GCAAC	181.0	10075.3	-0.038
TCACG	93.0	6347.5	-0.038
CCAGG	788.0	41716.1	-0.037
CGCAA	38.0	3016.6	-0.036
TCCAA	238.0	12623.0	-0.036
CCCGG	358.0	22359.7	-0.035
CACGG	118.0	8425.9	-0.034
CAAGG	335.0	17554.2	-0.033
CAACG	50.0	3037.1	-0.032
CCCAG	820.0	43773.4	-0.031
AAGGC	267.0	15102.5	-0.031
GGCGA	151.0	8314.4	-0.026
AGGCC	402.0	23184.4	-0.025
CTCGT	62.0	5539.0	-0.024
CTCGG	235.0	12955.8	-0.024
ATGGC	263.0	14942.2	-0.022
TGGTC	328.0	17955.0	-0.021
CGCCA	151.0	8467.8	-0.019
CACTA	133.0	7637.8	-0.019
TAATG	223.0	12364.4	-0.018
GTCTA	136.0	7647.6	-0.016
ACGCC	126.0	7636.7	-0.016
GCTCA	359.0	20166.4	-0.014
GATAT	150.0	10119.5	-0.014
AAGCC	261.0	14125.3	-0.014
GTCAA	142.0	8508.4	-0.013
GCGAC	81.0	5107.2	-0.011
CCGAG	223.0	12607.3	-0.010
CGACA	10.0	3504.5	-0.010
ATGCC	239.0	13839.0	-0.009
ACCAC	241.0	14619.9	-0.008
CCAAG	329.0	17803.3	-0.008
TCGCG	62.0	4449.4	-0.008
TGCTC	331.0	19425.7	-0.008
GCAAT	161.0	9828.3	-0.007
GACAT	173.0	11470.1	-0.006
GCCGA	138.0	8002.0	-0.006
CCACG	167.0	9561.3	-0.005
GCGAA	37.0	3568.4	-0.004
CTACA	167.0	10623.2	-0.002
GCTAC	137.0	8444.9	-0.002
GCCAA	190.0	13316.9	-0.002
CTACG	37.0	2762.6	-0.001
AATCC	187.0	11996.1	-0.001
CAATG	181.0	11448.9	-0.000
