OligoSequence	Target Occurences	Background Occurences	Enrichment(ln p, up to 2 mismatches)
GCGAT	49.0	5655.2	-15.170
GCCTC	198.0	35256.7	-13.578
CGATC	42.0	4807.0	-13.562
GGAGT	137.0	23188.1	-13.088
TCAAG	111.0	19214.2	-10.533
CCCCC	76.0	12353.6	-9.420
CAAGC	81.0	13690.7	-8.878
AGCCT	132.0	24802.6	-8.839
GTAGC	76.0	12742.2	-8.581
AGATG	109.0	19953.3	-8.237
GATTC	87.0	15498.8	-8.120
TGGAG	141.0	27127.9	-8.073
TCCCG	51.0	7912.4	-7.935
AAGCG	32.0	4307.0	-7.935
CCTCC	192.0	38841.5	-7.770
TGTTG	174.0	34651.4	-7.757
CGCAA	20.0	2197.9	-7.738
CCAGG	148.0	28961.8	-7.614
AGTGG	107.0	20102.3	-7.535
TGAGA	143.0	27944.2	-7.513
CTTTT	367.0	77881.9	-7.483
TTTCG	38.0	5532.5	-7.448
GTTCA	104.0	19784.4	-7.077
CCTAT	61.0	10564.3	-7.031
CGCGA	18.0	1979.1	-6.964
GCTGG	171.0	35102.7	-6.883
GGTTC	81.0	14990.3	-6.524
CTCCC	152.0	31230.8	-6.377
CAGTG	123.0	24915.6	-6.058
AGGCT	128.0	25985.4	-6.044
GAGTG	97.0	18961.7	-6.034
CAAGT	86.0	16590.4	-5.898
TTTTG	397.0	87761.8	-5.856
GTACC	38.0	6175.8	-5.675
TACGT	22.0	3082.7	-5.560
TGCCT	159.0	33803.5	-5.443
CAGCC	118.0	24085.0	-5.438
AGTGC	104.0	21051.5	-5.433
ATTAC	90.0	17861.1	-5.423
TCGGT	19.0	2521.6	-5.357
ATGGG	72.0	13720.6	-5.353
GTAAA	75.0	14603.5	-5.335
TGATC	92.0	18273.6	-5.296
GGATT	111.0	22849.1	-5.289
TCTTG	155.0	33189.7	-5.276
GGCTC	91.0	18302.3	-5.259
GTGCA	99.0	19984.9	-5.153
GGGTT	104.0	21312.3	-5.132
AATGT	111.0	23039.2	-5.083
GAGTA	65.0	12494.6	-5.052
TCAGC	110.0	22735.0	-5.044
CGAGT	25.0	4079.5	-4.975
AGTAG	95.0	19597.5	-4.852
ACCAG	60.0	11581.3	-4.734
GCAAT	70.0	13864.7	-4.729
CAGGC	136.0	29191.6	-4.690
TTGAG	135.0	28864.3	-4.646
CTCAC	104.0	21818.4	-4.585
GATCT	89.0	18239.5	-4.576
GCGCG	30.0	4977.1	-4.567
ACTGC	91.0	18886.9	-4.564
TCTCG	54.0	10319.2	-4.555
GTGAT	102.0	21578.9	-4.486
TGCGA	20.0	3000.8	-4.412
GCAAC	57.0	10994.0	-4.360
CTGGA	121.0	25905.3	-4.332
TTTTC	331.0	75950.8	-4.257
ACAGT	75.0	15451.3	-4.214
GCCAG	80.0	16374.9	-4.206
AGCTG	104.0	22301.6	-4.103
ATCAA	59.0	11772.4	-4.047
TCGTA	14.0	1870.9	-3.964
GATGT	71.0	14801.7	-3.909
TCGCG	2.0	1414.2	-3.887
GGGAT	82.0	17285.4	-3.881
CGGCT	41.0	7804.4	-3.875
GATGG	85.0	17950.3	-3.847
GCTCA	98.0	21253.1	-3.813
CGATT	27.0	4596.9	-3.802
TGACC	61.0	12570.9	-3.750
ATGTG	101.0	22051.8	-3.701
TGGCG	32.0	5877.5	-3.673
TGCAG	118.0	26007.3	-3.626
TAAGC	43.0	8515.4	-3.582
GTTTT	282.0	66444.4	-3.578
TTCGT	24.0	4237.6	-3.542
AGCGA	26.0	4477.8	-3.539
GCAGA	63.0	13034.9	-3.537
GTTGC	73.0	15434.9	-3.535
TTTTT	1662.0	316197.0	-3.512
GCAGT	91.0	19959.4	-3.465
CAATG	62.0	12843.7	-3.415
TGGGA	119.0	26683.3	-3.381
CGCAT	14.0	2044.0	-3.356
ACCGA	12.0	1628.7	-3.341
GATTA	84.0	18145.3	-3.331
TCACG	12.0	4450.6	-3.324
TATGC	48.0	9783.5	-3.323
AAGGC	48.0	9792.8	-3.310
CCCGA	26.0	4660.9	-3.160
CGGGT	25.0	4418.2	-3.155
TGTGA	105.0	23819.6	-3.092
CAAAC	57.0	11974.9	-3.068
GCGCA	18.0	3051.3	-3.031
CGCCT	46.0	9471.9	-3.004
TGCAA	99.0	22192.2	-3.000
ATAAT	91.0	20494.3	-2.997
CATAA	57.0	12064.9	-2.966
TTTGT	304.0	72810.2	-2.941
CCTTT	155.0	36500.5	-2.908
CTGCC	117.0	26975.5	-2.901
AAAAA	224.0	53253.8	-2.899
TCATG	82.0	18315.7	-2.883
TCTCC	124.0	28579.3	-2.832
GACTT	67.0	14588.8	-2.829
CGATG	8.0	2329.5	-2.829
CGGTC	12.0	1784.4	-2.815
AGACC	41.0	8528.6	-2.795
TGTAC	49.0	10487.8	-2.792
GCATC	44.0	9097.5	-2.772
CCATA	46.0	9659.2	-2.768
GAGAT	84.0	18788.1	-2.759
TCGAG	14.0	2929.9	-2.745
CCAGT	71.0	15916.9	-2.745
AAGTG	96.0	21855.6	-2.727
TTACG	15.0	2488.4	-2.719
GTTGA	67.0	14723.6	-2.699
GCTAC	33.0	6723.9	-2.688
TACGC	7.0	1318.2	-2.663
ATTAA	88.0	19948.2	-2.627
CCGCC	45.0	12313.0	-2.600
ACGCG	2.0	1030.6	-2.587
CATGG	62.0	13625.3	-2.583
ACAAG	48.0	10405.9	-2.561
TTCAA	114.0	26760.1	-2.550
GACGG	28.0	5519.1	-2.534
TTGCC	99.0	22834.4	-2.521
ACGCC	27.0	5286.8	-2.497
TGTAA	89.0	20506.6	-2.460
CTCAG	119.0	28041.9	-2.453
GGCTG	119.0	28045.1	-2.451
GACCA	40.0	8529.7	-2.450
TCGAA	17.0	3086.7	-2.425
GCTGC	69.0	15680.7	-2.402
TATCA	62.0	13824.4	-2.397
CTCCG	32.0	6680.6	-2.376
CAAGG	31.0	10735.3	-2.369
AACCA	53.0	11753.6	-2.368
CCTCA	105.0	24849.4	-2.365
GACTA	40.0	8618.1	-2.345
ACCCA	65.0	14836.6	-2.321
CAACC	52.0	12238.6	-2.320
CCCAG	133.0	31786.7	-2.315
GTTGG	70.0	16111.7	-2.307
GTCCG	12.0	1971.7	-2.291
GTACG	9.0	1302.0	-2.290
CGGTA	9.0	1303.9	-2.283
CTCCT	147.0	35585.2	-2.264
ACGAT	16.0	2927.4	-2.258
CACCC	66.0	15229.7	-2.254
TACAG	91.0	21489.7	-2.250
TTGTT	246.0	60573.8	-2.248
GACGT	5.0	2486.7	-2.233
ACGGC	12.0	1996.0	-2.226
ATCGA	6.0	1689.1	-2.206
GGCGT	24.0	5370.7	-2.180
AGTCC	42.0	9330.3	-2.180
CCCAA	74.0	17243.3	-2.176
GCCGC	11.0	5582.2	-2.175
CGTAA	3.0	1914.4	-2.174
GTTCG	6.0	2203.7	-2.139
GAAGC	47.0	10524.7	-2.135
CGGAT	7.0	1969.6	-2.124
GATGC	20.0	9083.4	-2.115
CGCGT	7.0	1352.2	-2.101
ATGCG	10.0	2211.2	-2.095
TAACC	35.0	7736.9	-2.080
TTCAC	92.0	21767.2	-2.068
AGTCG	7.0	1775.6	-2.067
ATACT	54.0	12390.6	-2.055
CGATA	2.0	1373.3	-2.050
GACTC	20.0	8587.8	-2.041
CCGAT	5.0	1695.2	-2.035
TCACA	67.0	15512.9	-2.030
CTTTG	144.0	35234.0	-2.027
CGTGA	29.0	6145.7	-2.025
CAGAA	78.0	18454.9	-2.013
GACGC	11.0	1859.3	-1.996
TAGCT	82.0	19515.0	-1.975
TGCGT	19.0	3829.6	-1.972
TTGTA	122.0	29676.9	-1.970
ACGGA	19.0	3834.7	-1.964
TTGGT	107.0	25899.6	-1.959
CTATA	48.0	11007.7	-1.958
GTGCG	19.0	3841.4	-1.952
ATCTC	90.0	21623.7	-1.941
CACCG	22.0	4621.9	-1.941
AGACG	29.0	6233.1	-1.916
CGGTT	9.0	2730.3	-1.914
TCGCC	24.0	5167.9	-1.910
ATGGA	68.0	15994.8	-1.908
AAGCA	67.0	15677.4	-1.907
CGTTT	29.0	6246.2	-1.900
AAACA	85.0	20334.8	-1.885
CTGCA	103.0	24943.9	-1.877
GATCA	45.0	10335.9	-1.863
GAGAC	77.0	18353.3	-1.858
TAAAG	70.0	16731.7	-1.844
GCCTT	81.0	19382.2	-1.843
TCCGC	29.0	6297.9	-1.839
GCGAC	10.0	1743.5	-1.826
CCGGG	33.0	7414.6	-1.823
TAGCC	41.0	9532.7	-1.821
GAACG	11.0	1937.8	-1.818
TCGGA	8.0	2037.0	-1.818
AGCCG	7.0	3595.1	-1.809
GATAA	50.0	11506.2	-1.784
CTCAA	73.0	17475.8	-1.783
GCGTC	10.0	2527.1	-1.783
GCTCG	11.0	3168.8	-1.782
GCCTA	30.0	8449.5	-1.770
CTCGA	20.0	4294.8	-1.760
CAGTC	51.0	11842.1	-1.755
GTACA	34.0	9375.2	-1.753
ATGTT	127.0	31318.8	-1.749
GGTTT	127.0	31320.4	-1.748
CCGCA	16.0	3214.2	-1.736
TGCCG	11.0	3259.9	-1.730
TACGA	6.0	1497.7	-1.722
AGTAC	25.0	7841.0	-1.716
GGATA	41.0	9525.3	-1.710
CTCGG	36.0	8097.4	-1.700
GCAGC	44.0	12288.9	-1.699
CCCGG	37.0	9302.6	-1.698
ACGTT	19.0	4012.0	-1.695
CCAAG	56.0	14030.1	-1.693
AAGCC	44.0	10569.0	-1.691
CTGTT	128.0	31856.9	-1.688
GGGGT	47.0	13101.1	-1.673
GTGTA	55.0	13184.0	-1.664
TCACC	73.0	17664.0	-1.663
GTGGA	53.0	12585.7	-1.651
CGCAG	16.0	3524.0	-1.639
ACTAC	38.0	8754.5	-1.621
GCTCT	86.0	21141.0	-1.615
CCGAG	26.0	5677.9	-1.613
GGATC	21.0	7540.0	-1.609
CTGAC	54.0	12972.8	-1.593
TTTGG	144.0	36244.1	-1.592
GGCAT	57.0	13597.7	-1.590
ACTTT	133.0	33315.7	-1.587
TCCTG	141.0	35408.9	-1.586
AACGA	11.0	2056.4	-1.574
ACTTG	63.0	15208.2	-1.570
ATAAG	47.0	11184.1	-1.561
CCGTG	20.0	4376.6	-1.560
CACGC	27.0	6004.6	-1.554
GCGTT	10.0	2967.6	-1.552
TAGGA	49.0	11818.7	-1.540
TCGTG	19.0	4129.6	-1.537
CCACG	25.0	5480.7	-1.528
AAAGG	62.0	14957.7	-1.525
TTGCG	13.0	2872.5	-1.521
GCGAG	7.0	2984.3	-1.516
GCCCA	78.0	19291.3	-1.496
GGCCA	57.0	13736.5	-1.495
CGTAT	12.0	2352.9	-1.489
GTATA	52.0	12517.9	-1.478
CCACC	96.0	23913.2	-1.470
AAGCT	63.0	15368.9	-1.468
GCTTT	123.0	31175.0	-1.464
TAGGC	23.0	7944.2	-1.463
TACGG	4.0	1545.4	-1.461
AATCT	80.0	19699.6	-1.460
CGTAC	7.0	1142.3	-1.458
GTTCT	88.0	21793.1	-1.456
ATTTT	384.0	99451.8	-1.450
GAGTC	46.0	13308.4	-1.436
CGTGT	22.0	5020.7	-1.433
TTAAC	56.0	13518.0	-1.432
TTGTC	86.0	21496.3	-1.428
CATGT	89.0	22203.9	-1.428
CTACG	6.0	1690.4	-1.427
CGTGC	18.0	3954.5	-1.422
TGGAC	39.0	9280.2	-1.422
TAATG	67.0	16432.4	-1.415
CTAGT	42.0	10180.9	-1.413
TGGTG	91.0	22951.1	-1.412
TCCTA	55.0	13573.4	-1.396
TGTCG	16.0	4365.1	-1.396
AGCGT	4.0	2757.6	-1.395
ACCTC	85.0	21222.2	-1.390
ACCCG	15.0	3694.2	-1.375
GCCAC	62.0	16507.9	-1.375
TTCGC	15.0	3199.2	-1.373
CAGCT	87.0	21968.3	-1.370
TCAAC	22.0	9513.1	-1.358
GGTGT	65.0	16209.6	-1.354
AGGCA	68.0	16869.3	-1.353
ATGTA	69.0	17207.0	-1.349
CAGAC	40.0	9674.4	-1.346
GTAAC	18.0	7054.7	-1.341
GCATG	58.0	14313.6	-1.330
GTCCA	38.0	9106.4	-1.327
CGACT	7.0	1978.9	-1.324
TTTGA	173.0	44747.3	-1.321
TTTAT	244.0	63203.1	-1.311
AAACG	13.0	3070.0	-1.310
CCCTT	77.0	19315.8	-1.304
GGACA	38.0	9138.0	-1.303
TTGAA	110.0	28033.1	-1.303
CTTGC	71.0	17966.6	-1.300
TCGGC	27.0	6902.5	-1.293
AGGCC	29.0	10577.3	-1.286
CTACT	48.0	11878.8	-1.285
GGCCT	42.0	16565.5	-1.279
TACCG	7.0	1537.6	-1.278
ACCCC	31.0	8953.8	-1.278
AGACT	41.0	12838.8	-1.270
ACGCT	11.0	2435.5	-1.268
ATCAT	67.0	16696.6	-1.267
ATGCC	55.0	13791.7	-1.262
TAGTC	35.0	8611.7	-1.256
ATTCT	134.0	34605.8	-1.256
GGGCT	54.0	13498.6	-1.248
AGCCA	72.0	18543.0	-1.246
CTTGG	83.0	21174.9	-1.245
ACCGC	11.0	3244.3	-1.241
CCCCG	22.0	6335.1	-1.239
CGAAC	9.0	2354.5	-1.237
CCGTA	3.0	1589.4	-1.223
GTCTT	103.0	26358.9	-1.210
CTGGG	122.0	31439.8	-1.209
CGACG	5.0	763.3	-1.208
AAGTT	83.0	21262.2	-1.204
ATATC	48.0	12006.5	-1.204
TGCAC	48.0	12009.9	-1.202
CGACC	7.0	1939.2	-1.193
CCTGT	80.0	20253.7	-1.185
GTGTC	56.0	13925.2	-1.185
GCGTG	27.0	6387.7	-1.184
GAAGT	58.0	14566.5	-1.184
CTCGC	20.0	5379.4	-1.179
TCCAG	60.0	19788.9	-1.173
GTAAG	38.0	9319.0	-1.171
AACCT	61.0	16756.1	-1.168
TAAGA	55.0	13968.0	-1.160
ATGGC	50.0	12389.9	-1.160
GCTGA	60.0	15260.8	-1.159
GACCC	28.0	6703.8	-1.159
ATCAC	34.0	11098.3	-1.158
AGTCT	86.0	22080.0	-1.157
CGGAA	10.0	2045.5	-1.157
AGTGT	69.0	17583.0	-1.155
CGCCC	32.0	10943.6	-1.147
TATCC	44.0	10868.8	-1.145
CCCCA	56.0	15926.0	-1.139
TCAAA	83.0	21426.7	-1.132
TCGAT	9.0	2845.5	-1.128
CGAAG	11.0	2326.9	-1.127
CAGCG	7.0	3546.4	-1.125
TTCTG	147.0	38469.1	-1.125
TGTAG	55.0	16773.0	-1.124
AACAT	69.0	17645.4	-1.124
GAAAC	47.0	11844.0	-1.114
ACCTA	33.0	8214.4	-1.114
ACGCA	10.0	2074.1	-1.112
AGCCC	44.0	10927.7	-1.108
AGATC	21.0	10307.3	-1.108
GAAAA	93.0	24031.2	-1.099
CTATT	82.0	21150.7	-1.099
GTCGC	13.0	3630.8	-1.098
CAGTA	50.0	12498.1	-1.096
ATAAC	36.0	8836.7	-1.092
GCGTA	7.0	1395.8	-1.090
GGCTT	67.0	17048.1	-1.089
TAATC	50.0	12512.3	-1.088
CAGGG	59.0	15070.4	-1.088
TAACG	3.0	1792.7	-1.083
AGCTC	64.0	16395.6	-1.083
CACGG	8.0	2958.7	-1.079
CCAGC	68.0	20196.5	-1.076
GGCTA	39.0	11031.7	-1.076
TGTTT	260.0	68744.5	-1.074
AATGG	62.0	15760.7	-1.070
AACCG	6.0	1582.2	-1.069
TCCGA	5.0	2192.8	-1.064
TTTGC	127.0	33111.1	-1.058
TCCAC	57.0	14490.6	-1.053
GGATG	35.0	12463.8	-1.052
CCTTA	48.0	12265.1	-1.051
GACCT	48.0	12268.6	-1.049
AAAAC	72.0	18485.4	-1.049
AGGTG	44.0	17019.1	-1.041
GGGTC	22.0	8945.7	-1.037
TGATG	78.0	21069.2	-1.030
GCTAT	29.0	11032.8	-1.018
CTTAA	63.0	16208.9	-1.014
GGTAT	42.0	10779.4	-1.013
GGAAT	49.0	14411.1	-1.010
GCAAG	27.0	9942.2	-1.001
ACACC	37.0	9275.7	-1.001
AGTTG	60.0	15578.2	-0.999
TATCG	6.0	1603.9	-0.992
GATGA	54.0	13967.2	-0.991
ACCAC	57.0	14617.7	-0.990
TGGTT	98.0	25814.7	-0.989
AGCGC	12.0	2701.1	-0.987
CTACA	47.0	12067.5	-0.987
TCTGA	79.0	20725.5	-0.983
AACAA	60.0	15624.5	-0.978
ATAGA	48.0	12406.0	-0.975
TGAAG	67.0	18999.3	-0.971
CATCA	53.0	13692.3	-0.968
GCTGT	47.0	17950.9	-0.967
GTGCC	42.0	12669.7	-0.966
CATGC	49.0	14732.3	-0.965
AGAAA	102.0	27025.6	-0.964
TAAAA	127.0	33424.8	-0.963
GGTGC	37.0	11068.8	-0.961
TTGCA	84.0	21851.7	-0.960
CGTTG	10.0	3185.5	-0.959
ACGAG	10.0	2185.6	-0.957
TACCT	50.0	12757.6	-0.957
TTGCT	129.0	34282.7	-0.957
GCCTG	70.0	21470.0	-0.954
CTACC	26.0	7986.3	-0.952
CGAAA	10.0	2189.0	-0.952
TTGAC	42.0	12929.9	-0.952
TGAGC	62.0	17313.0	-0.945
TGCGC	8.0	3598.8	-0.943
GGACT	43.0	11328.7	-0.933
ACGGT	7.0	2273.8	-0.926
GGACG	10.0	2213.2	-0.922
AACTT	78.0	20532.1	-0.920
CGCCA	22.0	5821.4	-0.920
ATCTA	45.0	11568.8	-0.919
ACTAG	17.0	6706.8	-0.918
GCCAT	47.0	14461.6	-0.916
ACGTG	17.0	4248.3	-0.914
GCTTC	53.0	15257.8	-0.912
CTCCA	61.0	20350.3	-0.910
TTTTA	299.0	80286.5	-0.908
TATGG	45.0	11593.3	-0.906
ATACG	9.0	1959.3	-0.902
TGTAT	113.0	29962.0	-0.901
CCATG	61.0	19152.4	-0.897
CTGCG	15.0	4814.6	-0.892
ACTAT	44.0	11314.4	-0.888
GCCCC	36.0	11683.1	-0.887
TCAGA	66.0	17512.8	-0.884
TATAC	39.0	10093.6	-0.878
AACGT	7.0	3089.4	-0.876
AATAA	88.0	23170.0	-0.876
GGCGC	29.0	7381.1	-0.875
TGGCT	92.0	27164.6	-0.873
GAATG	58.0	15200.4	-0.872
TTAGC	38.0	13101.4	-0.870
AGGTC	35.0	9193.9	-0.869
GAGCT	37.0	12672.7	-0.868
GTTTA	79.0	21030.4	-0.867
CTAGG	32.0	9847.1	-0.861
GAATA	52.0	13594.3	-0.861
ACATG	43.0	14670.0	-0.854
AGTTC	62.0	16239.8	-0.853
CCTCG	13.0	6387.5	-0.848
CTTGA	74.0	19671.8	-0.848
GATTT	112.0	31932.4	-0.840
ATTTG	104.0	34330.7	-0.840
TTTCA	148.0	45672.4	-0.840
TGTCT	108.0	29838.1	-0.840
CTTCT	105.0	33629.7	-0.840
TTCTT	264.0	73512.3	-0.840
TCTTT	274.0	77738.4	-0.840
AATTT	180.0	52472.5	-0.840
TTGAT	90.0	27009.6	-0.840
TTTCT	308.0	86496.0	-0.840
ATTTA	120.0	37300.6	-0.840
TTTAA	172.0	49619.2	-0.840
TTCTC	146.0	39313.2	-0.840
CTTTA	86.0	27116.8	-0.840
TTATT	219.0	61541.3	-0.840
CATTT	165.0	46544.5	-0.840
ATTTC	125.0	35611.6	-0.840
ATCTT	102.0	28215.4	-0.840
CTTTC	91.0	38752.9	-0.840
TCTCT	118.0	40942.8	-0.840
TTTCC	126.0	40837.5	-0.840
TATTT	275.0	75542.9	-0.840
AGTTT	123.0	38717.2	-0.840
CTCTT	108.0	33696.1	-0.840
TTCCT	116.0	41434.8	-0.840
ATATT	95.0	32302.5	-0.840
TTTAG	98.0	30375.0	-0.840
TTGTG	77.0	28027.8	-0.840
GTGTT	70.0	23683.7	-0.840
TCACT	105.0	28193.3	-0.839
CACGA	13.0	3113.1	-0.839
TTGGG	73.0	19348.0	-0.838
TAAAC	37.0	12331.9	-0.837
CGAGC	10.0	2807.1	-0.831
ACGAC	6.0	1223.0	-0.829
GTGGC	57.0	16436.0	-0.825
TTCGG	12.0	2852.4	-0.821
AAGGG	19.0	10875.4	-0.818
TCCCC	62.0	16326.5	-0.818
ACCAA	33.0	10253.6	-0.817
GGTCT	66.0	17687.6	-0.815
CCTAC	26.0	7418.9	-0.807
TGGGC	55.0	14692.6	-0.807
TGACT	61.0	16363.2	-0.803
CACTG	90.0	24125.1	-0.803
CACCA	82.0	21937.6	-0.801
TGGAT	68.0	18070.7	-0.799
GCCGA	5.0	2936.9	-0.798
TCTGC	89.0	23770.8	-0.798
TGCAT	69.0	20382.9	-0.782
AGAAC	40.0	10589.9	-0.781
GGGAG	56.0	14756.9	-0.780
TAGAT	56.0	14761.8	-0.778
CCCGT	11.0	3198.5	-0.777
TTCGA	12.0	2897.6	-0.777
ACTCC	38.0	13919.2	-0.777
TGCTG	109.0	29203.0	-0.775
GACAA	33.0	8762.3	-0.770
AAACC	45.0	11876.2	-0.768
CCGCG	9.0	4398.6	-0.767
CGGCC	6.0	6829.2	-0.765
GCCCG	17.0	7766.2	-0.764
CAATC	33.0	10031.2	-0.759
GCGGT	6.0	2745.9	-0.756
ATGGT	63.0	16826.9	-0.754
CTAGC	19.0	7170.8	-0.748
GCATA	24.0	8963.3	-0.747
GTAGA	43.0	14462.9	-0.741
AGCGG	7.0	2715.7	-0.739
CCAGA	46.0	14379.9	-0.734
TCGCA	8.0	1921.9	-0.734
TATGA	54.0	14542.8	-0.734
CTAAG	35.0	9445.2	-0.733
GCTCC	38.0	12655.8	-0.726
CGTGG	14.0	4060.7	-0.721
AAAAG	85.0	22928.2	-0.717
CGCTT	7.0	3762.4	-0.714
ATGTC	38.0	14022.4	-0.712
CCCAC	48.0	14486.0	-0.711
CACGT	7.0	4212.5	-0.711
ACCAT	63.0	16948.7	-0.710
GATCG	7.0	1901.3	-0.708
AAATA	111.0	30258.4	-0.707
GCAGG	30.0	13248.9	-0.704
GTTAA	36.0	13188.9	-0.704
AAACT	71.0	19384.5	-0.704
TACTC	34.0	9204.2	-0.700
GTTGT	74.0	20536.2	-0.699
TTGGA	71.0	20329.9	-0.698
ATGCT	47.0	16621.8	-0.697
TACCC	23.0	7652.9	-0.697
TGAAC	48.0	13161.3	-0.696
AAGAA	84.0	22630.7	-0.696
TTGGC	81.0	21904.9	-0.696
GTCAA	20.0	8777.9	-0.695
CGTAG	8.0	1854.3	-0.694
GAGCC	51.0	13662.8	-0.693
TAACA	48.0	13020.6	-0.690
CCTGG	95.0	26307.0	-0.688
GTCAG	43.0	11763.2	-0.678
TTAAT	113.0	30799.0	-0.673
AGGTT	70.0	19129.8	-0.673
GGTGG	42.0	15187.6	-0.672
CACAG	55.0	15039.2	-0.671
CTGAT	61.0	16732.3	-0.666
CGGCG	15.0	3891.0	-0.660
CCTGC	73.0	22379.8	-0.659
TTACA	90.0	24615.2	-0.658
GTATC	32.0	8948.2	-0.658
TGCCC	72.0	19556.2	-0.649
GAGTT	69.0	19039.9	-0.648
ATGCA	47.0	13833.4	-0.647
ACAAT	33.0	13287.5	-0.647
AATGC	42.0	12848.8	-0.647
AAAAT	140.0	38593.5	-0.645
AGGAC	31.0	8406.0	-0.639
AGCTT	69.0	18885.2	-0.639
TTCAG	61.0	25113.1	-0.639
CCTAA	25.0	10356.5	-0.637
TGGGG	64.0	17673.3	-0.635
ATAAA	84.0	24947.9	-0.634
TGGGT	70.0	19263.3	-0.630
CTGAG	78.0	21405.3	-0.629
AAGGT	44.0	11890.8	-0.626
CTGCT	87.0	23996.6	-0.623
GAGGC	41.0	13340.5	-0.623
ATCAG	47.0	12872.7	-0.621
GTGAA	54.0	14847.6	-0.621
CTGAA	53.0	18431.4	-0.619
CAACG	3.0	1792.9	-0.617
GTGCT	65.0	17920.8	-0.615
CAACA	44.0	11932.4	-0.609
TGGTC	45.0	15400.8	-0.609
CGGAG	19.0	5524.0	-0.608
AAGTA	55.0	15555.6	-0.606
CGCTC	20.0	5445.7	-0.606
AGGGT	35.0	12930.3	-0.605
CCGTT	10.0	3285.1	-0.600
CTGGT	45.0	18434.5	-0.599
CTATG	42.0	11640.7	-0.598
ACTGG	32.0	12295.6	-0.597
GACTG	26.0	10727.9	-0.597
CTTGT	85.0	23358.7	-0.595
GGTTG	40.0	13329.5	-0.595
GCGAA	7.0	1665.1	-0.591
TGTGC	66.0	18350.6	-0.589
TCGAC	2.0	1386.3	-0.588
ACCCT	39.0	10999.0	-0.586
GAATC	28.0	9869.6	-0.586
GTAGT	34.0	11752.3	-0.584
GATAC	16.0	6557.5	-0.584
TGACG	7.0	2399.5	-0.583
TACAA	42.0	13309.6	-0.582
CCCGC	31.0	8530.7	-0.581
GGAGC	25.0	9858.0	-0.581
CTGTA	60.0	17688.3	-0.579
GCGCT	7.0	3421.5	-0.578
GGTCA	29.0	9253.8	-0.577
ATTGC	53.0	15320.6	-0.577
TACTG	50.0	13649.1	-0.576
GTCGT	8.0	1971.7	-0.574
AACTA	36.0	9797.5	-0.573
AGAAG	56.0	16941.4	-0.568
GTAAT	36.0	13899.8	-0.568
AGGCG	21.0	6803.6	-0.567
GTCTC	82.0	22737.8	-0.565
CCGGT	7.0	1968.1	-0.565
CTTCA	76.0	20920.2	-0.564
GATTG	32.0	12933.4	-0.564
ACCTG	46.0	14522.0	-0.563
TGGAA	66.0	20237.4	-0.560
ATACC	18.0	7768.7	-0.560
TAGAG	38.0	16055.2	-0.558
ACAGG	75.0	20952.9	-0.555
GTCGA	4.0	1364.6	-0.554
CTATC	31.0	8593.4	-0.554
AACCC	32.0	8906.5	-0.553
CGAGG	14.0	3754.4	-0.552
TTAAG	63.0	18068.5	-0.551
TAGAA	58.0	16088.9	-0.545
AGTGA	69.0	19294.9	-0.544
TCTGT	142.0	39572.4	-0.543
CAGCA	34.0	16128.3	-0.541
TGACA	28.0	13416.1	-0.540
TCCCA	100.0	27783.0	-0.540
TATTA	83.0	23209.4	-0.539
TCCGG	11.0	2901.6	-0.530
GCTTG	37.0	13931.3	-0.530
GCAAA	36.0	13516.0	-0.527
ACATT	84.0	23258.4	-0.527
TGAAT	85.0	23638.1	-0.525
CTCTA	48.0	13479.4	-0.523
GGTAA	33.0	9293.5	-0.523
CACAA	34.0	12152.9	-0.522
CAGGT	69.0	19289.5	-0.522
GGTAC	20.0	5600.2	-0.521
ACGTA	5.0	2395.0	-0.521
ACTCG	8.0	2032.2	-0.519
AACAC	34.0	9622.4	-0.517
GAACC	20.0	7160.2	-0.517
TTCAT	117.0	32752.0	-0.516
ACCTT	57.0	16404.7	-0.515
CCGAA	8.0	2063.4	-0.514
AGCAG	47.0	14785.3	-0.513
GGCGA	10.0	2631.1	-0.512
TGCTC	58.0	18140.7	-0.511
GTTAT	55.0	15527.0	-0.510
AGCTA	34.0	11977.1	-0.509
CGAGA	10.0	3124.0	-0.509
TACCA	40.0	11240.5	-0.508
GTTTG	106.0	29527.4	-0.506
GGTTA	33.0	9365.4	-0.505
ATGAT	69.0	19358.5	-0.504
GTATT	89.0	24875.3	-0.500
CTTAG	43.0	12246.0	-0.497
ACACT	40.0	11273.1	-0.497
AACGG	7.0	1768.2	-0.492
TCTAT	69.0	19414.0	-0.490
AAGAC	32.0	10313.8	-0.488
AACTG	48.0	13595.5	-0.486
AAATG	88.0	26041.8	-0.486
ACAAC	27.0	7792.1	-0.485
CGTCA	9.0	2372.3	-0.484
GTCTA	30.0	9035.5	-0.483
GACGA	7.0	1781.0	-0.480
CTGGC	54.0	18548.1	-0.479
TCCAA	38.0	14701.6	-0.479
CATCC	41.0	12166.1	-0.478
CCCTA	27.0	7937.6	-0.475
TGGCC	67.0	18774.0	-0.473
CGGCA	9.0	2389.7	-0.471
TGAAA	81.0	25200.4	-0.470
ACTGT	45.0	17569.6	-0.470
GTGAC	33.0	9443.8	-0.466
CGGGA	8.0	3463.5	-0.464
CAAAA	73.0	22428.4	-0.463
TCCGT	13.0	3600.8	-0.463
ATGAC	26.0	9410.0	-0.460
GAGCG	8.0	3231.4	-0.458
GCTTA	39.0	11070.2	-0.457
AAAGT	74.0	23925.2	-0.455
TAAGG	35.0	10116.3	-0.454
GGGGC	34.0	9797.1	-0.453
CACCT	61.0	18616.5	-0.453
AGCAT	45.0	14481.3	-0.453
CGCTG	16.0	4523.6	-0.453
GCATT	62.0	18182.4	-0.452
TACAC	28.0	7913.4	-0.450
TGCCA	69.0	19582.4	-0.449
AAAGC	34.0	13233.4	-0.446
TGCTA	48.0	13730.4	-0.446
TAACT	49.0	14065.9	-0.446
TCTAG	46.0	13067.1	-0.446
CCTAG	34.0	9820.9	-0.445
AACAG	43.0	13446.6	-0.443
CCTGA	62.0	20227.9	-0.442
GCCGG	9.0	4776.4	-0.442
ACAGC	26.0	10485.5	-0.441
AGACA	62.0	17520.8	-0.436
CACAC	25.0	13134.9	-0.434
TGTCC	49.0	14703.3	-0.428
TCAGG	48.0	17680.8	-0.427
TCTAC	36.0	10716.3	-0.426
GTGGT	63.0	17918.6	-0.424
AAGAT	51.0	16024.0	-0.419
ATGAG	50.0	14977.1	-0.418
ATCCT	55.0	17345.7	-0.416
ATCCA	49.0	14180.5	-0.414
GATCC	34.0	10372.2	-0.414
ATGAA	65.0	19671.8	-0.408
ATATG	58.0	16595.4	-0.407
TTACC	38.0	11254.7	-0.405
CGGTG	9.0	3688.7	-0.402
GGCAG	46.0	14244.8	-0.396
CTAGA	31.0	10183.2	-0.395
TAGTG	32.0	12324.4	-0.395
AATGA	59.0	18958.9	-0.395
GTGAG	48.0	16703.3	-0.394
ATCGT	9.0	2504.1	-0.393
TACTA	33.0	9662.6	-0.392
AATAC	41.0	11937.7	-0.392
TAGAC	23.0	6817.5	-0.391
GAGGT	44.0	12602.5	-0.390
TTAAA	128.0	36495.2	-0.389
GCGGG	10.0	5378.6	-0.389
CTAAC	25.0	7140.4	-0.388
CTTCG	11.0	3136.4	-0.382
CCCTC	34.0	16401.6	-0.382
GCTAG	27.0	7803.3	-0.376
TCTGG	43.0	20724.8	-0.374
AGAGT	58.0	16741.2	-0.373
CAGTT	59.0	21891.6	-0.372
TAGTA	38.0	15293.0	-0.371
CGCTA	5.0	1615.2	-0.370
ATCGC	4.0	2094.1	-0.369
CCAAC	27.0	8981.9	-0.367
CCCAT	45.0	14259.0	-0.363
GAATT	67.0	21066.2	-0.362
CCCCT	49.0	14664.6	-0.361
AGGAT	52.0	15074.0	-0.361
CCACA	46.0	14821.0	-0.360
ATTGG	32.0	13954.6	-0.359
AGATT	71.0	20739.6	-0.356
CGACA	6.0	1636.6	-0.354
TGATT	104.0	30348.3	-0.353
TATGT	61.0	24538.8	-0.353
TCTTC	90.0	30479.5	-0.353
ATTGT	68.0	23099.6	-0.353
TGTTC	76.0	22087.4	-0.353
TCCTT	103.0	36192.1	-0.353
AAATT	109.0	34186.2	-0.353
TAATT	121.0	36306.4	-0.353
TGCTT	108.0	31684.5	-0.353
TGTGT	104.0	43244.7	-0.353
TTATA	72.0	24128.8	-0.353
TACTT	68.0	21247.5	-0.353
TTTAC	69.0	22461.0	-0.353
ATTAT	64.0	26697.7	-0.353
TTATG	68.0	20282.9	-0.353
GTTTC	72.0	28172.1	-0.353
TATCT	58.0	20595.3	-0.353
TGTTA	64.0	21987.5	-0.353
TATTG	74.0	21790.6	-0.353
TTACT	64.0	21295.9	-0.353
TCTTA	58.0	20338.2	-0.353
TTCTA	77.0	25173.1	-0.353
TCATT	84.0	32827.0	-0.353
AGGTA	37.0	10770.1	-0.352
ACCGG	5.0	1619.5	-0.351
CGTTA	8.0	2265.0	-0.351
CCGAC	6.0	1963.0	-0.351
AGAGG	33.0	13896.9	-0.351
GACCG	1.0	1705.9	-0.349
TTAGA	55.0	16696.1	-0.346
GGGCG	15.0	5528.3	-0.344
TGCGG	9.0	3301.1	-0.344
CTGTG	72.0	25507.0	-0.343
GAGAA	44.0	17015.1	-0.342
TAGGT	27.0	12261.1	-0.336
TCTCA	93.0	27661.7	-0.334
GAACA	32.0	11068.2	-0.332
CCGGC	17.0	6597.7	-0.332
GGAGG	55.0	16239.4	-0.331
AATCA	45.0	14590.7	-0.329
TATAA	64.0	18729.5	-0.326
TTATC	59.0	17315.4	-0.326
ATTCG	8.0	2309.2	-0.325
AGGGC	29.0	9244.3	-0.325
CAGGA	34.0	17204.2	-0.324
GTCGG	3.0	1964.0	-0.324
AGCAA	43.0	14498.2	-0.322
CAGAT	53.0	15593.2	-0.322
CCTTG	56.0	19769.1	-0.321
GGAGA	32.0	14393.8	-0.320
AAAGA	75.0	22065.8	-0.315
GATAT	45.0	13779.4	-0.313
TCCTC	57.0	22264.6	-0.313
GACAT	34.0	10796.4	-0.308
ACCGT	8.0	2971.8	-0.307
CTCAT	32.0	18393.1	-0.306
GTATG	40.0	11949.2	-0.304
GGGTG	37.0	12090.6	-0.304
CGCCG	4.0	3744.0	-0.303
TCAAT	49.0	14667.8	-0.300
GGGCC	30.0	9015.7	-0.300
GGTGA	37.0	13236.7	-0.299
ACTGA	45.0	13329.0	-0.296
GCACT	24.0	10715.3	-0.295
CGAAT	7.0	2050.8	-0.293
ATCTG	51.0	17593.3	-0.293
CCTCT	62.0	24902.6	-0.291
AGAAT	66.0	19652.5	-0.289
CATTG	55.0	18108.1	-0.286
CAACT	34.0	11243.4	-0.285
CCATT	78.0	23872.4	-0.282
ATAGG	31.0	9421.9	-0.279
TGAGT	56.0	19835.1	-0.277
AAGTC	36.0	11843.6	-0.275
ATTGA	59.0	17788.3	-0.272
CCGGA	4.0	2580.5	-0.272
TCAGT	44.0	19815.5	-0.272
TGTGG	57.0	21487.4	-0.270
ATCCG	9.0	2750.3	-0.264
CCGCT	12.0	3710.9	-0.263
TCATA	48.0	14518.7	-0.262
AATTA	73.0	21690.5	-0.257
GTGGG	46.0	13867.4	-0.256
AATCG	3.0	2027.0	-0.256
CTCTG	103.0	33344.8	-0.254
AGTAT	46.0	15180.4	-0.252
CAAGA	41.0	12535.1	-0.251
ATCGG	4.0	1454.4	-0.250
AGTAA	42.0	13194.3	-0.249
GCCAA	31.0	10329.7	-0.248
GAGGG	37.0	11209.1	-0.248
CTTAT	55.0	17793.9	-0.247
TATAG	42.0	12899.9	-0.246
TAGCA	31.0	10982.7	-0.246
ATCCC	32.0	11222.6	-0.246
GGGTA	13.0	7321.2	-0.244
AACGC	5.0	1684.9	-0.243
GCGCC	7.0	7261.1	-0.240
TCGTT	13.0	4294.0	-0.240
TGATA	49.0	14988.3	-0.240
CAATA	28.0	10915.2	-0.237
ACATA	44.0	13299.1	-0.235
TAATA	54.0	17909.9	-0.234
CGTCT	4.0	4057.4	-0.232
GCACC	25.0	9570.3	-0.231
CACTC	44.0	13322.0	-0.231
CTTCC	60.0	25973.6	-0.230
ACTTC	44.0	15079.1	-0.228
TATTC	53.0	19400.3	-0.223
CAAAG	59.0	18769.1	-0.222
TCGCT	18.0	5765.1	-0.221
CCAAA	63.0	19005.6	-0.221
CACTT	66.0	20102.0	-0.220
CAGAG	55.0	19285.5	-0.218
TTAGG	44.0	13406.4	-0.216
CCAAT	28.0	10557.5	-0.216
CTAAA	33.0	14526.6	-0.215
TGGTA	44.0	14952.8	-0.215
CGGGG	13.0	6411.3	-0.214
TCATC	42.0	15347.7	-0.212
ACAAA	60.0	18375.5	-0.208
CGCGC	13.0	4991.3	-0.208
CATGA	43.0	15943.5	-0.207
ACACG	8.0	2677.0	-0.204
GAAAT	67.0	20432.6	-0.204
CCACT	52.0	15917.2	-0.203
GGGGG	29.0	9115.1	-0.202
GTTAG	32.0	10113.7	-0.202
ACTCT	57.0	17355.4	-0.200
GAACT	44.0	13524.7	-0.197
GAGCA	22.0	11132.7	-0.196
ATTCA	55.0	20064.5	-0.193
GGCAA	30.0	9494.6	-0.193
GTACT	19.0	8221.1	-0.192
TGGCA	50.0	17421.1	-0.191
GCGGA	7.0	2605.6	-0.190
CGTTC	5.0	2885.1	-0.190
GTCCC	28.0	9340.2	-0.190
AAGGA	49.0	15493.4	-0.189
TAAAT	86.0	28134.4	-0.188
CAATT	56.0	18549.4	-0.187
TCTAA	52.0	16042.2	-0.185
TTCCC	61.0	23599.1	-0.182
CCCTG	52.0	17771.9	-0.181
GCACA	28.0	10827.6	-0.180
TACAT	51.0	17258.0	-0.176
TAAGT	50.0	15421.9	-0.174
GTGTG	82.0	31238.2	-0.171
TAGTT	70.0	22438.6	-0.167
GTCTG	50.0	15479.9	-0.167
GCACG	11.0	3690.8	-0.166
AGGAG	34.0	16327.2	-0.165
TAGCG	2.0	1581.2	-0.165
CATCT	59.0	20430.5	-0.161
CTCGT	10.0	4078.1	-0.161
ACGAA	5.0	2123.7	-0.159
GGCGG	20.0	6700.5	-0.158
AGAGA	55.0	22780.9	-0.157
GCTAA	37.0	12775.0	-0.157
CACTA	21.0	8514.2	-0.157
AACTC	36.0	14264.8	-0.156
CGGGC	7.0	5079.9	-0.154
CGTCC	4.0	2888.1	-0.153
GTCCT	35.0	13115.5	-0.153
CTCTC	66.0	23833.7	-0.153
ACAGA	53.0	18101.3	-0.151
ATAGT	29.0	14112.8	-0.151
TGTCA	62.0	20837.8	-0.151
TGAGG	50.0	16901.7	-0.149
CATAC	22.0	7417.5	-0.149
TCCAT	68.0	21117.7	-0.146
AATTG	51.0	17231.8	-0.145
AATAG	41.0	13207.7	-0.145
ACGGG	10.0	3669.8	-0.145
GCGGC	16.0	5447.8	-0.144
ATTAG	34.0	13103.0	-0.144
GGGAC	27.0	9645.2	-0.144
CGGAC	2.0	1515.9	-0.142
AGTCA	33.0	12459.4	-0.139
AATAT	77.0	24358.7	-0.137
CACAT	48.0	15383.7	-0.137
GCCGT	7.0	2488.5	-0.135
CGTCG	3.0	992.1	-0.135
TTCCG	5.0	3612.4	-0.135
GACAG	47.0	15050.6	-0.134
TATAT	79.0	27921.4	-0.134
GTAGG	13.0	7899.8	-0.131
CATAG	31.0	10234.0	-0.130
AGATA	42.0	14157.3	-0.130
GAAGA	35.0	15166.8	-0.129
CGCGG	5.0	3491.1	-0.128
CATAT	51.0	16736.7	-0.127
GGACC	8.0	6158.3	-0.127
TTAGT	70.0	22623.6	-0.127
CTGTC	55.0	20314.3	-0.126
TCCCT	62.0	23336.3	-0.125
GTCAT	40.0	13212.8	-0.125
ACATC	30.0	9948.6	-0.123
GTCAC	27.0	11114.4	-0.123
GCCCT	38.0	12417.7	-0.116
CAAAT	55.0	19159.1	-0.114
ACTAA	28.0	9821.7	-0.113
CGCAC	2.0	2476.5	-0.112
CATTA	35.0	14567.4	-0.112
AGGGA	41.0	13671.8	-0.111
AATCC	26.0	12054.3	-0.104
CATCG	6.0	2227.8	-0.102
CTTAC	26.0	10326.8	-0.101
GAAGG	32.0	12237.6	-0.099
ACTTA	38.0	12899.1	-0.096
GGGCA	27.0	10822.0	-0.096
CCATC	40.0	14140.4	-0.095
ATATA	54.0	21970.5	-0.092
ACACA	21.0	14552.4	-0.092
TTCCA	74.0	26509.0	-0.087
GGCCC	23.0	9787.5	-0.085
ATAGC	24.0	8580.2	-0.085
ACTCA	31.0	12038.5	-0.084
GGAAA	45.0	17586.9	-0.082
GTTCC	27.0	12471.2	-0.078
AGCAC	17.0	10169.1	-0.073
GAAAG	30.0	15749.9	-0.073
AATTC	52.0	18794.4	-0.069
GACAC	19.0	7082.7	-0.063
AGGGG	28.0	9878.2	-0.063
AGTTA	41.0	14134.0	-0.063
GGTCC	17.0	6579.9	-0.061
ATACA	40.0	13893.2	-0.058
GGTAG	8.0	8682.5	-0.058
CTAAT	48.0	17919.0	-0.057
AAATC	43.0	15913.4	-0.049
CCTTC	61.0	22843.6	-0.048
ATTCC	44.0	15770.2	-0.042
GTTAC	23.0	8952.7	-0.034
AAGAG	40.0	14770.4	-0.033
GGCAC	21.0	10137.4	-0.033
GAGAG	33.0	14006.3	-0.032
TCGGG	2.0	2947.4	-0.032
TCGTC	5.0	2511.5	-0.030
AGGAA	42.0	18370.8	-0.030
CATTC	49.0	18970.7	-0.027
GGAAG	39.0	14241.7	-0.026
TAGGG	21.0	8568.0	-0.021
GATAG	20.0	8208.0	-0.021
GGCCG	10.0	5132.6	-0.019
AGAGC	21.0	10712.4	-0.016
GGAAC	13.0	7552.9	-0.008
GAGGA	31.0	13627.8	-0.007
CCGTC	5.0	3027.0	-0.005
GGGGA	24.0	11057.6	-0.004
GGGAA	28.0	13137.5	-0.003
GGTCG	2.0	1758.9	-0.002
ACGTC	0.0	2228.7	1.000
