OligoSequence	Target Occurences	Background Occurences	Enrichment(ln p, up to 2 mismatches)
TTATT	36186.0	37131.0	-2247.452
TTTAT	34683.0	37388.8	-1837.451
TTGTT	33968.0	36642.8	-1818.112
ATTTA	20165.0	21450.1	-1451.810
TGTTT	35289.0	40849.5	-1359.030
GTAGC	12000.0	11840.1	-1296.006
GCAGT	15273.0	15984.6	-1272.066
TAGCT	14955.0	15785.3	-1213.247
GTGCA	15896.0	17150.3	-1166.581
TATTT	38835.0	47180.9	-1097.945
TGCAG	18584.0	21212.0	-1026.833
GCCTC	29208.0	35618.5	-964.351
GGAGT	17318.0	20253.8	-873.544
AGTGG	13927.0	15824.1	-851.327
CCTCC	30024.0	38222.2	-760.380
ACTAC	7160.0	7320.0	-745.097
GTTTT	31044.0	39858.5	-731.062
ACTGC	13995.0	16575.8	-703.256
CAGTG	15971.0	19452.3	-670.707
GAGTA	8938.0	9936.0	-655.184
TTTGT	34701.0	45728.8	-641.209
AGCCT	17536.0	21882.7	-626.126
GACTA	6436.0	6755.8	-617.380
CAGCC	17661.0	22233.3	-597.299
GCTGG	25692.0	33573.7	-593.141
GCTCA	15391.0	19172.6	-576.247
GAGTG	13009.0	15883.7	-567.985
AGCTG	14951.0	18685.5	-553.351
ACCAC	11339.0	13661.7	-546.951
TACAG	14839.0	18610.7	-539.501
CACCA	16065.0	20848.9	-461.394
GCGAT	5199.0	5647.5	-446.891
TGGAG	17077.0	22489.8	-435.899
CTGGG	21567.0	29012.4	-435.248
TCAGC	15532.0	20345.0	-422.928
CCACC	17815.0	23694.4	-418.265
ACAGG	15695.0	20618.6	-417.848
CTACA	7665.0	9149.7	-414.038
CTCAC	15733.0	20781.8	-403.004
GGACT	7637.0	9189.7	-395.978
TTTTG	40256.0	56606.0	-395.449
CACAC	10394.0	13124.0	-392.546
AGTGC	14191.0	18629.3	-389.913
TCAAG	12048.0	15570.6	-381.995
CAGGC	21564.0	29507.4	-380.205
TCACT	17272.0	23292.7	-369.193
AGTAG	13551.0	17866.2	-365.223
GTGGC	10514.0	13508.0	-355.668
GGGAC	7126.0	8688.2	-347.608
CACTG	15398.0	20756.1	-341.260
CTGCA	15480.0	20923.5	-335.768
CAAGC	9283.0	11910.0	-323.929
GGCTC	12489.0	16622.6	-320.740
GAGTC	8471.0	10809.9	-310.308
CCCAG	20609.0	28821.2	-306.313
GTTTG	12890.0	17407.6	-294.686
CTGGA	14782.0	20240.5	-292.562
TCCTG	21375.0	30122.4	-292.199
CGAGT	3478.0	3833.3	-291.202
GTCGC	2747.0	3296.5	-273.520
CTCAG	18093.0	25397.5	-272.194
CAAGT	9505.0	12575.0	-268.768
GCGCA	2184.0	2848.4	-268.033
GCCCA	12762.0	17441.2	-266.031
TTTTT	203948.0	230318.0	-264.925
AGTCT	12035.0	16388.3	-261.952
GGCAC	7135.0	9149.9	-259.878
TGGGA	16165.0	22693.0	-251.680
AGTCG	682.0	1328.5	-247.749
GGTTC	9408.0	12603.8	-243.467
AAGCG	3525.0	4063.4	-243.089
AGCGA	3561.0	4136.3	-236.736
CATGC	8555.0	11393.0	-234.743
CTCCT	22010.0	31827.6	-229.465
AAGTA	7154.0	9397.5	-222.099
CGATC	3837.0	4645.2	-206.709
CGATT	3242.0	3817.3	-203.219
ATGCC	7536.0	10103.9	-200.794
AGGCT	16181.0	23313.3	-194.904
ACGAC	547.0	906.4	-193.064
CACGC	4374.0	5828.6	-191.957
GCGAC	750.0	1312.6	-189.662
ACGCC	4079.0	5073.2	-189.032
TCCCG	6091.0	8028.5	-188.473
TCTTG	16100.0	23281.1	-187.062
CAATC	5662.0	7411.3	-185.235
CCGCC	6995.0	10512.5	-181.947
GGTGC	6747.0	9077.2	-177.537
CTCCC	20302.0	29980.6	-171.573
GCGTC	1003.0	1976.3	-169.535
GATTA	9886.0	13937.2	-165.799
ACACA	8253.0	11451.6	-164.695
CCTGG	15365.0	22482.3	-158.571
GCCGC	1948.0	3965.6	-155.250
GCCAC	10748.0	15384.5	-153.105
CCAGG	17955.0	26647.0	-149.011
AGCGG	1270.0	2294.4	-147.533
ACGGA	2657.0	3220.2	-146.129
GTTCA	10421.0	14961.0	-144.858
CGCAC	1476.0	2444.3	-144.304
CAGGT	11331.0	16412.6	-141.204
TTTTA	32085.0	48920.0	-140.564
CGCCT	6585.0	9121.2	-137.674
CGCAG	1399.0	2868.6	-137.283
CCCCC	6865.0	9563.0	-136.167
TTGAG	13353.0	19649.7	-133.920
CCCGA	3468.0	4474.0	-130.863
ACGAT	1849.0	2141.6	-129.773
TGCCT	18159.0	27280.2	-127.979
CTCCG	4484.0	6004.2	-127.959
CTTTT	30456.0	46722.5	-124.984
GTGCC	7419.0	10547.3	-120.370
GCAAC	6727.0	9504.5	-117.462
CCGAG	3889.0	5179.0	-117.095
CAACC	6748.0	10813.4	-115.410
CCTCA	15212.0	22840.5	-114.159
TGTCG	2765.0	3527.8	-113.674
CGTGC	2367.0	3465.6	-112.032
GAGAC	10529.0	15506.1	-110.416
TGCCG	1618.0	2585.0	-108.259
TGGCA	8627.0	12546.5	-108.191
TGGCG	3921.0	5291.6	-106.912
GCACC	5982.0	8446.6	-106.783
GGCTG	16251.0	24657.7	-103.110
TGCCC	11268.0	16777.6	-101.689
ACACG	953.0	2142.2	-100.219
ATTAC	9483.0	14019.2	-96.914
GACTC	3176.0	6333.9	-96.098
CGGAG	3461.0	4668.8	-95.945
TGAGA	12651.0	19069.5	-94.426
ACCGC	1329.0	2946.9	-93.948
GGCGC	4781.0	6699.0	-93.855
GCAGC	6896.0	9999.7	-92.712
TCTCG	6801.0	9852.7	-92.431
GCTCG	1163.0	2347.7	-90.414
CGGCT	5441.0	7759.6	-89.492
ACTGG	4161.0	8515.1	-86.390
TTCTT	27721.0	43334.5	-86.199
CTGCC	15847.0	24317.7	-85.406
GGGTC	5169.0	7375.8	-85.068
CACCG	1972.0	4532.8	-84.222
GTGCG	2631.0	3496.1	-82.969
GATTC	7277.0	10718.3	-81.358
TTTGA	17113.0	26425.4	-81.144
CACCC	9195.0	14121.5	-79.395
GGGGG	5258.0	7566.7	-79.291
CTCGG	4791.0	7780.8	-77.917
GCACA	5965.0	8688.1	-77.778
CAGTC	5636.0	8924.7	-77.713
TACCG	471.0	1104.2	-74.599
GTTGC	7393.0	10988.4	-73.823
GTTAT	4614.0	8360.0	-72.976
GGTAC	2321.0	3686.9	-70.919
CGCCA	3862.0	5472.0	-70.030
CGCCC	6395.0	9465.7	-68.809
ATTCT	14671.0	22750.5	-67.834
CCACG	3562.0	5030.0	-67.299
TGCAA	10985.0	16830.5	-66.619
TCGCC	3396.0	4781.5	-66.321
ACAGC	3584.0	7704.4	-66.292
AGCCG	1292.0	2824.0	-66.065
TGTGC	8515.0	12888.5	-65.175
CCCAC	7440.0	12648.9	-64.199
CCGGG	4122.0	6737.3	-64.188
TAGCG	626.0	1189.8	-60.909
TGCGA	1644.0	2194.1	-60.724
CCTCG	2392.0	5751.8	-59.440
GCACT	3522.0	7891.0	-58.437
AGGTG	8962.0	13715.0	-57.830
GCAGG	4897.0	10472.2	-57.783
ACGCA	812.0	1621.1	-57.708
TTCAA	10975.0	16982.6	-56.682
GTACA	3921.0	5914.4	-56.237
TGCAC	6338.0	9526.0	-56.068
GCCTA	3052.0	5758.2	-55.635
GCGGT	1136.0	2285.0	-55.179
GGCAT	6903.0	10457.2	-54.062
AGGCG	4490.0	6608.9	-53.937
TTACA	11653.0	18144.6	-53.334
CCCGG	5901.0	8987.4	-53.223
TAGTT	6088.0	12346.5	-52.873
CGACT	868.0	1503.4	-52.412
CTAGC	2714.0	4604.6	-51.941
TCGCG	524.0	1064.5	-51.640
ACTCC	5991.0	11743.7	-50.974
GGAGC	3169.0	7338.2	-50.584
GTACC	2242.0	3806.4	-49.864
AGTAC	2943.0	4982.2	-49.821
CGCGC	1538.0	3618.5	-49.413
GGCGT	3123.0	5005.5	-49.338
AGACT	4571.0	8396.6	-49.332
TCCGC	3964.0	5827.3	-49.066
CACGA	1828.0	2493.1	-48.954
AATCT	7561.0	11597.2	-48.599
TGCCA	9121.0	14124.1	-48.385
GCCCC	4525.0	8888.3	-47.682
CAGCG	1644.0	2999.3	-47.541
CACAG	6016.0	11932.2	-47.131
CTACC	3505.0	5914.4	-46.932
AGGCA	8945.0	13869.9	-46.644
CTCGC	3365.0	4907.5	-46.423
GCACG	2429.0	3439.4	-46.277
ATCCT	7279.0	11176.6	-46.213
ACACC	5399.0	8153.1	-45.830
ATAGC	3560.0	5228.3	-45.097
GGGAT	9388.0	14618.3	-44.966
CGGCG	1728.0	2379.6	-43.273
TTAGT	5826.0	15480.6	-43.221
GTCAC	5845.0	8916.2	-42.485
GACAG	7700.0	11934.1	-41.585
CCAAG	6823.0	10522.9	-40.875
GCAAT	6518.0	10029.5	-40.836
CTTGC	7895.0	12268.0	-40.698
TCGAG	1167.0	2100.5	-40.381
AAGTG	9092.0	15870.6	-39.792
GTCTC	12429.0	19696.4	-39.618
ACCTC	12822.0	20345.8	-39.432
CCTAC	2805.0	5327.6	-39.293
ACCAT	8120.0	12670.7	-38.567
GGGGT	6445.0	11102.8	-38.097
TTGAT	6371.0	13380.6	-37.965
GTTTA	6270.0	11542.2	-37.922
CATCC	4314.0	8259.7	-37.066
GACTG	3956.0	7334.5	-36.874
AGACG	3671.0	5500.7	-36.476
GTGAT	9530.0	15024.5	-36.035
TCACG	1870.0	3455.2	-35.652
AGCTA	5656.0	8716.0	-35.470
TATAT	9038.0	15950.9	-35.432
CCGGC	3390.0	6291.3	-34.783
AAGCA	6477.0	10062.6	-34.641
CCTGC	12251.0	19537.0	-34.103
CAGAC	3687.0	6941.2	-34.073
GGGCT	6970.0	10884.9	-33.647
TCGCT	3351.0	5022.4	-33.477
TCCAG	6780.0	13723.1	-33.238
CCCCA	6426.0	12300.0	-33.054
AGCGT	1077.0	1973.0	-32.331
TTAAT	9041.0	16347.8	-32.302
GCGGG	2156.0	4350.3	-32.106
TGGTT	8635.0	15162.1	-31.984
CTGCG	1604.0	3931.1	-31.308
CGCAA	1304.0	1811.2	-31.124
GGGGC	3693.0	8050.0	-30.961
GCATC	2974.0	5976.7	-30.923
CAGGG	6799.0	12802.5	-30.806
CTGGC	8893.0	15329.1	-30.778
CCAGC	8337.0	16302.9	-29.920
TGATT	9285.0	16592.7	-29.484
GTATT	6485.0	16723.9	-29.361
CACTA	3811.0	6073.4	-29.144
AAGCT	4908.0	9546.4	-29.093
TCGTT	1531.0	2694.9	-29.027
ATCTC	10314.0	16483.1	-28.566
GACAC	2253.0	5063.6	-27.905
GGTGG	6005.0	11819.1	-27.733
TAATT	12102.0	22917.2	-27.479
CGGGG	2744.0	5792.0	-27.327
GTTGT	7155.0	11998.6	-27.304
TATAC	3834.0	5884.6	-27.171
GCGTA	622.0	1011.1	-27.086
GACGG	3320.0	5054.9	-26.902
TGAGT	8268.0	13148.3	-26.891
ATTAT	9664.0	15458.5	-26.588
GTAGT	3897.0	7042.6	-26.253
GCATG	6966.0	11023.7	-25.999
CGGGT	2864.0	4335.8	-25.638
AACCT	8122.0	12944.8	-25.378
CGTAG	584.0	1271.7	-25.065
GTAAC	2465.0	4142.0	-24.593
TCTCC	14490.0	23516.1	-24.562
TCACC	7874.0	15553.4	-24.406
CGTCC	1046.0	2210.8	-24.183
AGTGA	8046.0	12849.2	-23.987
TATTG	5413.0	11823.9	-23.720
AGACA	8132.0	13000.2	-23.625
TAGCC	3150.0	6856.9	-23.444
GGAAT	4434.0	8581.6	-23.244
GGATT	10653.0	17198.1	-22.741
TCGGC	4274.0	6674.9	-22.402
CTCCA	8168.0	15337.8	-22.277
CGCGA	1198.0	1851.5	-22.254
TTATG	5698.0	10784.0	-21.419
CCACA	7119.0	12131.6	-20.448
TCTTT	27860.0	45979.2	-20.369
GCTGC	5304.0	11439.3	-20.262
CGGCA	769.0	1975.4	-19.897
ACCCA	7374.0	11847.4	-19.477
CTAGG	4506.0	7197.8	-19.305
TTTAA	16067.0	26338.4	-19.248
CCCCG	2347.0	4623.0	-19.099
TAACT	4700.0	7762.7	-18.937
ATGCA	4350.0	8404.5	-18.821
CGGCC	2609.0	6104.1	-18.288
GATCT	8723.0	14126.1	-18.121
GGGTG	5041.0	9252.2	-18.072
AGCAG	5472.0	10290.8	-18.033
GAAGT	3987.0	8005.7	-18.008
GCTCC	4367.0	9738.7	-17.947
TGGCT	12068.0	20104.6	-17.801
TTATA	7674.0	14022.8	-17.798
GGTTT	10979.0	21159.6	-17.692
GTCTT	10801.0	17605.0	-17.649
TATGT	7344.0	13180.6	-17.252
GTGGG	5353.0	10279.6	-17.172
TTGGT	8469.0	15293.4	-17.077
GTGGA	4180.0	8233.1	-16.861
TGTAT	8285.0	19098.6	-16.730
GCGTG	3615.0	5694.3	-16.719
ATACT	4291.0	6817.1	-16.241
CGACC	946.0	1661.0	-16.127
TTTAG	8419.0	19966.8	-16.035
CTGTC	9874.0	16115.3	-15.886
GTGTG	14673.0	24150.9	-15.796
CGTCA	1060.0	1554.9	-15.744
CGCCG	1270.0	2554.3	-15.679
TCTCA	12780.0	20984.7	-15.676
ACGGC	739.0	1696.9	-15.247
TCCCA	14159.0	23314.2	-15.171
ATCTT	10000.0	16353.1	-15.086
GCGGC	2292.0	3572.1	-13.860
AGTTG	4985.0	8786.3	-13.718
TAGGT	4115.0	7467.2	-13.568
TGCGC	1894.0	3302.8	-13.421
CCGCA	1217.0	2743.5	-13.012
CTTAT	4733.0	10107.0	-12.957
TGAAG	4863.0	10049.5	-12.563
GTGTT	8165.0	15269.9	-12.476
TGTTG	13843.0	23115.3	-11.789
TGTTA	6490.0	12488.6	-11.675
ACAAC	2719.0	4857.6	-11.573
CCTAG	4190.0	6964.1	-11.332
CGCTG	1881.0	3745.6	-11.309
TTACT	7341.0	12578.6	-11.188
TACAT	5983.0	9759.3	-11.174
TAGGC	3744.0	6022.1	-11.125
GCTTG	4114.0	9087.8	-10.695
AGTGT	5980.0	11239.4	-10.577
CATAC	2933.0	4690.8	-10.480
GCTGT	6180.0	12063.7	-10.405
CGTTT	1873.0	3872.3	-10.382
CAGCT	10286.0	17715.2	-10.316
ATGTG	7591.0	12486.5	-10.265
TGGGT	8246.0	13596.5	-10.011
ACAGT	6179.0	10127.6	-9.955
TCGAC	732.0	1091.8	-9.829
GGGTT	10623.0	17611.3	-9.753
TGCTG	9029.0	20235.6	-9.598
ACTAT	4317.0	7020.7	-9.474
TCAGG	6097.0	13368.9	-9.426
TATTA	7317.0	13362.6	-9.338
CATAG	3718.0	6023.0	-9.334
ACGTA	624.0	1287.5	-9.318
TGGGG	7881.0	13734.9	-9.308
TGTGT	16174.0	29577.4	-9.134
GGGCA	3717.0	7961.7	-9.046
GGCAG	5297.0	10778.6	-9.046
CAGCA	4595.0	11394.7	-9.046
AGCCA	6785.0	14373.4	-9.046
CCAGT	4596.0	10743.0	-9.046
GTGTC	4017.0	9276.4	-9.046
ACGGG	1487.0	3464.6	-9.046
GGCCT	6088.0	13934.4	-9.046
TTTCT	29390.0	51023.8	-9.046
CCCTG	6246.0	13676.0	-9.046
TGCTT	8908.0	17792.4	-9.046
TTCAG	7700.0	15082.2	-9.046
GATTT	8568.0	17298.3	-9.046
ATTTT	35655.0	62632.3	-9.046
GCGCC	3733.0	6269.0	-9.046
TACTG	4398.0	8193.1	-9.046
CGTGG	1271.0	3210.4	-9.046
ATGTT	8839.0	17816.2	-9.046
GCCGT	1025.0	1969.2	-9.046
CACGT	1481.0	3205.5	-9.046
TCATG	5454.0	10613.1	-9.046
TGTCT	8944.0	19213.1	-9.046
CTTTA	7464.0	14952.8	-9.046
AGTTA	3877.0	7575.0	-9.046
TTATC	4247.0	9542.1	-9.046
TATCT	5992.0	11394.9	-9.046
TCTTA	6551.0	11731.7	-9.046
AGGGG	4217.0	7706.9	-9.046
CACGG	1082.0	2534.9	-9.046
TACAC	2847.0	5211.1	-9.046
CACCT	9627.0	16224.9	-9.046
TCCTC	9122.0	16854.2	-9.046
GCCTG	9215.0	17393.8	-9.046
GTGAC	3116.0	6128.6	-9.046
GAGGC	4790.0	10248.9	-9.046
GTTCT	6727.0	12692.9	-9.046
AGCTT	5920.0	11609.7	-9.046
TTTTC	24573.0	44100.3	-9.046
CTGTT	10613.0	19621.0	-9.046
CTCGA	1744.0	3834.1	-9.046
AATGC	3617.0	7051.1	-9.046
ATATT	8384.0	17350.5	-9.046
TATTC	5222.0	10946.3	-9.046
GAGCC	4894.0	11201.1	-9.046
TGTTC	6050.0	12996.4	-9.046
CTGAG	9252.0	16074.7	-9.046
AGCTC	7228.0	12505.7	-9.046
CCCGC	3723.0	6579.3	-9.046
GGCTA	5806.0	9736.2	-9.046
GATTG	3326.0	6979.5	-9.046
TACAA	3974.0	7794.9	-9.046
ACAAG	3259.0	6387.7	-9.046
AATTA	6157.0	11414.8	-9.046
CTATT	5684.0	12077.4	-9.046
ATTTG	9049.0	17768.0	-9.046
TTTGG	11115.0	20919.7	-9.046
CGGGA	1282.0	2971.5	-9.046
GGTTG	4433.0	8109.3	-9.046
ATTGT	6483.0	12480.6	-9.046
ATTAA	5040.0	9970.4	-9.046
TCACA	4647.0	10614.7	-9.046
CTTGT	7332.0	14345.4	-9.046
TTGTG	7266.0	15919.5	-9.046
GTGCT	5862.0	12747.6	-9.046
TCATT	9191.0	18652.2	-9.046
GTTTC	8344.0	19649.1	-9.046
TGACT	4856.0	9757.1	-9.046
TCGTG	1181.0	3116.5	-9.046
GCTAC	2153.0	4642.0	-9.046
ACTCA	4145.0	8398.6	-9.046
CGGTG	1286.0	2948.3	-9.046
CACTC	5534.0	11186.8	-9.046
TCGGA	645.0	1323.1	-9.046
AACTA	3051.0	5250.6	-9.046
ACTAG	2150.0	4087.7	-9.046
GCCGG	1825.0	3797.8	-9.046
ACCTG	5580.0	10874.6	-9.046
TTGCT	11763.0	20403.6	-9.046
TAGAG	5808.0	12893.8	-9.046
CGACA	640.0	1107.1	-9.046
ACCCC	3373.0	7016.5	-9.046
TCAGT	6588.0	12268.8	-9.046
GTTGG	6574.0	11564.3	-9.046
GTGTA	4427.0	7715.2	-9.046
TCCGG	1280.0	2641.0	-9.046
ATATA	6820.0	11879.5	-9.046
TGGAA	6288.0	11549.0	-9.046
GATCA	3746.0	6364.5	-9.046
CGGGC	2168.0	3878.7	-9.046
ATCAC	3685.0	7709.5	-9.046
GGGTA	2722.0	4673.5	-9.046
TTGTA	7885.0	19211.0	-9.046
TGTAG	5772.0	10467.6	-9.046
ACGCG	462.0	867.5	-9.046
AACTG	4367.0	8007.5	-9.046
TACCT	4568.0	8207.1	-9.046
CGCGT	571.0	1039.5	-9.046
GGATC	2780.0	5299.3	-9.046
TACTT	7137.0	12255.1	-9.046
ATGTA	5139.0	8829.1	-9.046
ATCTA	3336.0	6265.5	-9.046
ACTTA	3803.0	7165.0	-9.046
GTTCG	794.0	1528.6	-9.046
TACGG	600.0	1199.2	-9.046
CTACG	692.0	1228.9	-9.046
TTAAA	10766.0	17896.4	-8.868
CGATA	535.0	786.1	-8.783
GCCCG	4143.0	6766.5	-8.220
CACAA	4793.0	7860.9	-8.098
GGCGG	2982.0	4843.1	-7.491
CTCAA	7987.0	13291.5	-6.990
GTATA	4100.0	6734.2	-6.903
AGGGT	6004.0	9951.3	-6.695
TTGCC	9484.0	15854.0	-6.440
GGTGT	7138.0	11915.9	-5.731
GATAG	2742.0	4498.7	-5.433
AGAGT	6731.0	11257.1	-5.106
CGTAC	483.0	745.2	-4.897
ATCAT	5486.0	9159.4	-4.802
CAACT	4186.0	7010.7	-3.605
TCGTC	987.0	1603.6	-3.566
ATAGG	3573.0	5973.7	-3.553
GGTCG	834.0	1347.1	-3.538
ACCCG	1831.0	3048.0	-2.840
TCATA	4777.0	8064.1	-2.760
GCTAA	6217.0	10530.3	-2.657
TGATC	8078.0	13720.2	-2.572
ACTCG	983.0	1621.1	-2.559
AACTT	6451.0	10940.7	-2.529
TGGGC	6755.0	11470.9	-2.401
TGTAC	3736.0	6314.4	-2.326
TACGA	514.0	838.8	-2.266
TACGC	602.0	998.2	-1.839
CGGTT	1153.0	1934.2	-1.787
ACATA	4367.0	7432.7	-1.772
CGCTC	2822.0	4794.4	-1.640
CCCAA	8146.0	13955.6	-1.431
AGGAG	5532.0	11321.4	-1.386
TTCAT	8566.0	17889.9	-1.317
GGGGA	4725.0	8086.7	-1.309
ACACT	3435.0	7618.9	-1.279
TTCCG	1523.0	2594.8	-1.207
TTCGT	1431.0	2620.7	-1.202
GGGAG	5776.0	11399.4	-1.192
GCTCT	9043.0	15546.4	-1.103
AGTTT	10352.0	22517.2	-1.098
TCTGC	8310.0	17633.0	-1.086
ATACA	4387.0	8167.4	-1.086
TACCA	4078.0	6998.0	-1.079
ACCGA	603.0	1191.2	-1.025
TCTGG	6822.0	13731.9	-1.022
TTTAC	6862.0	13168.2	-1.002
CTGTG	8203.0	17684.3	-0.985
GTACG	520.0	887.4	-0.926
CTCAT	5753.0	11834.0	-0.908
CTGGT	6628.0	13662.2	-0.890
TAGGA	4119.0	7090.5	-0.887
CTTGG	8876.0	15389.5	-0.866
AACCG	622.0	1065.7	-0.855
TTCTG	11363.0	22566.8	-0.805
CTTCC	9363.0	18504.2	-0.782
CTTTG	9115.0	20208.4	-0.747
ACAAT	4460.0	7701.2	-0.714
GACCA	2754.0	5761.8	-0.697
AACGA	647.0	1120.6	-0.642
GGCTT	5658.0	11028.4	-0.639
CAATG	3324.0	7764.1	-0.617
CGCTA	701.0	1216.2	-0.604
ATGAT	5770.0	9985.6	-0.594
TCTGT	15476.0	26775.2	-0.575
TTAAC	4201.0	7281.1	-0.534
ATTGC	3777.0	8841.2	-0.524
AGGTA	3845.0	6674.0	-0.489
CCCTC	6519.0	13642.0	-0.455
ATTGA	4016.0	8788.8	-0.447
AGTAA	4048.0	7034.2	-0.446
CTTAC	3756.0	6529.2	-0.439
AATAG	4011.0	6973.3	-0.422
TGCTC	7472.0	12973.5	-0.420
TCTAT	4903.0	10981.2	-0.415
GTAGG	2901.0	5051.6	-0.414
CTCTG	15358.0	26636.8	-0.407
TTGGA	6597.0	11461.6	-0.403
CGTAA	633.0	1113.0	-0.399
TTGGG	7304.0	12876.1	-0.393
CTCTC	8548.0	18514.5	-0.361
ACCGG	732.0	1449.1	-0.340
CTCTT	10774.0	21975.9	-0.328
CTATC	3032.0	5296.4	-0.324
AGCAA	5200.0	9061.6	-0.323
GTCTG	4835.0	10538.6	-0.299
TGTGA	7167.0	14136.2	-0.297
AGCGC	1065.0	2195.2	-0.282
CTTAA	5020.0	8763.9	-0.273
GAGCA	3374.0	7406.7	-0.252
TTTGC	8424.0	18891.2	-0.231
CAGGA	4940.0	12281.9	-0.227
AGGTT	7399.0	12919.1	-0.217
TGCGG	1078.0	2609.2	-0.187
ACTTC	5463.0	9567.8	-0.182
TCTCT	12414.0	27979.1	-0.176
TGCAT	5297.0	11950.1	-0.166
GCTTA	3453.0	6504.4	-0.165
AGGGA	4402.0	9312.5	-0.163
GTCCA	2762.0	6239.9	-0.149
GACGT	804.0	1443.6	-0.146
CGACG	265.0	567.0	-0.145
GTGGT	7157.0	12540.7	-0.139
TTCCT	11793.0	26042.8	-0.137
TAAGC	2600.0	5115.7	-0.135
TGACG	799.0	1437.1	-0.132
GCTGA	4938.0	10256.6	-0.130
AATTT	14777.0	30644.9	-0.128
ATACC	2618.0	4629.8	-0.127
CTGAC	3781.0	9989.3	-0.123
TTAAG	5764.0	10124.4	-0.120
TTGTC	6542.0	12692.6	-0.112
ACATG	4984.0	8773.5	-0.106
TCAAC	2848.0	5800.1	-0.106
ATGCG	877.0	1603.2	-0.104
ATAAC	2524.0	4476.8	-0.101
AGAGG	4450.0	9467.3	-0.094
CCATG	8265.0	14509.7	-0.091
TCCCC	6723.0	12464.1	-0.085
TAACC	2583.0	4588.0	-0.085
AAGCC	3576.0	7032.9	-0.085
CAAAC	4097.0	7834.5	-0.084
GCTTT	9033.0	17282.6	-0.083
AAACT	6209.0	10933.1	-0.079
CAGTA	4227.0	7471.2	-0.077
TTGCA	5466.0	12998.5	-0.076
AGCAC	2973.0	7336.4	-0.073
CATTT	12013.0	26317.4	-0.070
TTTCA	11520.0	27344.2	-0.067
GTCGG	824.0	1501.8	-0.062
GAATA	3673.0	6842.7	-0.058
CCAAC	2737.0	6104.3	-0.057
CAACG	672.0	1237.7	-0.048
GCTTC	5132.0	10330.6	-0.046
CTGCT	6913.0	16005.2	-0.045
CGAAA	653.0	1206.3	-0.043
ACAGA	6742.0	11910.9	-0.042
ACGAA	615.0	1138.2	-0.042
GGGCG	1729.0	4242.7	-0.041
CTTCT	9918.0	20883.5	-0.037
CGTCG	376.0	711.2	-0.035
AACTC	5990.0	10610.9	-0.033
ACCCT	3775.0	7982.0	-0.033
CCGGA	1153.0	2103.0	-0.032
GTCGA	410.0	776.9	-0.030
GCTAG	3138.0	5611.2	-0.029
GTCGT	683.0	1330.7	-0.028
CCGTC	1307.0	2380.6	-0.028
TGCGT	1327.0	2705.0	-0.028
ACCAG	3743.0	7861.3	-0.027
CCGGT	949.0	1745.9	-0.027
ACGCT	753.0	1795.7	-0.025
GAGTT	5420.0	11880.0	-0.023
GAAGC	3009.0	6595.8	-0.022
GCGCG	2190.0	3954.1	-0.021
CGAGC	1033.0	1902.3	-0.019
TCCGA	766.0	1428.9	-0.017
CCACT	6529.0	12266.8	-0.017
ATTTC	9234.0	19606.8	-0.014
GCAAG	3302.0	6977.6	-0.010
CCGAT	572.0	1088.1	-0.009
ACTGT	6327.0	11279.7	-0.008
GGTCT	7995.0	14724.6	-0.008
TTTCG	2020.0	3780.0	-0.008
GAGCG	1177.0	2340.1	-0.008
TCGCA	736.0	1415.8	-0.008
TGTCA	7580.0	13487.1	-0.008
ATGCT	4665.0	9651.0	-0.006
TGAGC	5957.0	12966.6	-0.006
TAGGG	3174.0	5742.0	-0.005
GTACT	2816.0	5111.7	-0.005
CTTCG	1224.0	2275.9	-0.005
CTTGA	6462.0	12269.5	-0.005
CTTCA	6431.0	12450.7	-0.004
TGGAC	2839.0	5983.8	-0.004
GGAAC	2582.0	4772.1	-0.004
CTACT	3393.0	7930.3	-0.003
TATCG	539.0	1044.9	-0.003
GTTAA	3650.0	6600.1	-0.003
TAAAG	4691.0	8741.8	-0.003
GACCG	676.0	1294.7	-0.003
CCGCG	1331.0	3097.3	-0.003
ACGTG	1612.0	2983.3	-0.003
TGACA	3755.0	7960.3	-0.003
AATAC	3113.0	6374.7	-0.003
TCCTT	10335.0	22308.0	-0.003
GCTAT	3668.0	6645.4	-0.002
TAAAT	7657.0	13687.1	-0.002
ATTCA	5180.0	10851.3	-0.002
AACGT	877.0	1666.1	-0.002
GTCCC	3272.0	7020.4	-0.002
TGTGG	5963.0	13669.1	-0.001
TACTA	3172.0	5782.6	-0.001
AGTCA	3852.0	7809.5	-0.001
TCGGG	1292.0	2425.8	-0.001
TTCTA	6621.0	13777.4	-0.001
ATCTG	4775.0	10809.3	-0.001
TACCC	2785.0	5100.1	-0.001
AACCA	3270.0	6539.8	-0.001
ATAGT	4122.0	7479.2	-0.001
TTCGG	1031.0	1957.8	-0.001
TAGTG	4021.0	7306.9	-0.001
CTAAG	3021.0	5560.0	-0.001
AGCAT	4186.0	8790.0	-0.001
TCGGT	888.0	1743.1	-0.001
GCCTT	6888.0	13384.3	-0.001
CTTAG	4113.0	7481.9	-0.001
CCTGA	8206.0	15674.9	-0.001
GGTAT	3477.0	6360.3	-0.000
TCGTA	580.0	1146.0	-0.000
GTTAC	3071.0	5638.9	-0.000
CCGTG	1759.0	3677.3	-0.000
TCCGT	1289.0	2449.7	-0.000
CATGA	5381.0	9769.8	-0.000
TTGCG	821.0	1800.9	-0.000
CGAAT	649.0	1286.7	-0.000
CTAAC	2114.0	4343.2	-0.000
TCTTC	8970.0	18452.7	-0.000
CGCAT	756.0	1484.3	-0.000
TCTAG	3977.0	7709.0	-0.000
ATACG	584.0	1169.5	-0.000
CTGTA	5800.0	11198.1	-0.000
AAACG	896.0	1748.8	-0.000
CCTTC	7280.0	15734.9	-0.000
CAACA	3409.0	7208.2	-0.000
CCGTA	528.0	1071.7	-0.000
CCTAA	3403.0	6284.8	-0.000
ACCAA	2818.0	5919.5	-0.000
CGGAA	738.0	1467.1	-0.000
GATGG	6521.0	12996.2	-0.000
CTGAA	4971.0	10131.1	-0.000
CGTTG	1050.0	2044.6	-0.000
CCGAA	716.0	1427.1	-0.000
GGCCC	4034.0	7751.4	-0.000
TAAGA	3949.0	7271.2	-0.000
GTCTA	2463.0	5346.6	-0.000
GAGGG	4553.0	8354.0	-0.000
ACCTA	2691.0	5021.3	-0.000
TTCTC	15135.0	27628.1	-0.000
CAGTT	6829.0	13375.9	-0.000
TAAGT	4574.0	8398.4	-0.000
TTACG	732.0	1540.5	-0.000
CCTCT	10179.0	19630.2	-0.000
GGACC	2426.0	4561.0	-0.000
CCCGT	1225.0	2380.4	-0.000
TCCTA	4549.0	8541.1	-0.000
CAAGG	3628.0	7451.4	-0.000
TATAG	4146.0	7659.1	-0.000
CATCA	4157.0	8580.2	-0.000
ATGGG	4777.0	9349.8	-0.000
GATAC	1993.0	3788.4	-0.000
GATCC	4263.0	7875.1	-0.000
ACTCT	6769.0	12515.8	-0.000
TGGTG	8546.0	16088.3	-0.000
TAACG	495.0	1037.3	-0.000
GTGAA	3853.0	8030.7	-0.000
TCCAC	5671.0	11410.4	-0.000
ACTGA	3632.0	7956.4	-0.000
GATGC	2364.0	5567.4	-0.000
TAATG	4488.0	8297.2	-0.000
CGGAC	571.0	1182.6	-0.000
TCAAT	3366.0	7854.7	-0.000
GGTAG	2936.0	5526.4	-0.000
GTATG	3429.0	6417.7	-0.000
TGATA	3954.0	7368.9	-0.000
TTCAC	6389.0	15541.1	-0.000
TTGGC	7857.0	15865.3	-0.000
GCAGA	3673.0	8637.9	-0.000
GGCGA	982.0	1967.1	-0.000
GCCAG	4563.0	12870.8	-0.000
CCATA	2942.0	5549.0	-0.000
TTCGA	889.0	1820.5	-0.000
GCCAT	5421.0	10015.8	-0.000
CGTCT	1502.0	2936.3	-0.000
CGATG	662.0	1372.2	-0.000
GACGA	559.0	1176.3	-0.000
CCATC	5257.0	9957.3	-0.000
TTAGC	3819.0	8759.0	-0.000
AGATG	6992.0	13514.1	-0.000
CGGAT	654.0	1361.0	-0.000
CGGTC	798.0	1632.7	-0.000
CCCCT	5803.0	11444.1	-0.000
ACTTT	10430.0	19288.0	-0.000
ATCGG	445.0	966.3	-0.000
AGTAT	4056.0	8026.9	-0.000
AGCCC	3746.0	8234.3	-0.000
CGTGT	1909.0	3707.3	-0.000
TTCGC	1262.0	2517.0	-0.000
CCGTT	1027.0	2088.4	-0.000
GACGC	711.0	1492.3	-0.000
CGTAT	652.0	1381.8	-0.000
CTCGT	1432.0	3013.8	-0.000
GGTTA	2993.0	5756.2	-0.000
AATTC	5795.0	10788.0	-0.000
GCGAA	460.0	1017.4	-0.000
CAGAG	7363.0	13815.9	-0.000
AGGAT	4392.0	9466.9	-0.000
CTTTC	11609.0	23370.0	-0.000
TGGAT	4671.0	9904.5	-0.000
CGCGG	1210.0	2452.7	-0.000
TAGCA	3371.0	6619.1	-0.000
ATAGA	3400.0	6480.9	-0.000
CGTTA	614.0	1323.7	-0.000
GCCGA	1033.0	2123.6	-0.000
TACGT	810.0	1792.7	-0.000
CTAGA	3109.0	6419.5	-0.000
CTATA	3298.0	6306.6	-0.000
TCCCT	7445.0	16693.6	-0.000
TTAGA	4837.0	9235.2	-0.000
AATCG	539.0	1224.8	-0.000
ACTAA	2815.0	5437.7	-0.000
AGGCC	3163.0	8203.7	-0.000
ACGTC	675.0	1454.8	-0.000
GGTCA	2978.0	6658.5	-0.000
GAGAG	4185.0	8975.0	-0.000
AACAC	2604.0	5911.9	-0.000
CATGG	4011.0	9003.6	-0.000
CGTTC	952.0	1994.0	-0.000
GTTGA	3221.0	7460.1	-0.000
ATATG	4462.0	8468.6	-0.000
TAGAT	3808.0	7441.9	-0.000
CGAGG	1085.0	2871.6	-0.000
TATGC	2963.0	5740.2	-0.000
CGTGA	2618.0	5106.9	-0.000
GCGGA	963.0	2025.8	-0.000
ATCGT	733.0	1585.6	-0.000
ATAAT	5419.0	10224.3	-0.000
GGATG	3463.0	7812.9	-0.000
CCTTT	11123.0	22604.8	-0.000
ATTGG	3616.0	7671.6	-0.000
CTAAT	7089.0	13266.2	-0.000
GAGCT	3885.0	8406.0	-0.000
TGCTA	3809.0	7765.6	-0.000
AACGC	464.0	1071.5	-0.000
AAATG	6660.0	12513.9	-0.000
TGAAA	6401.0	12047.1	-0.000
CATGT	7650.0	14698.9	-0.000
AGTTC	4787.0	9623.9	-0.000
CCGAC	691.0	1523.2	-0.000
GTGAG	5362.0	12085.3	-0.000
TCAGA	4678.0	9941.6	-0.000
AAGTC	2895.0	6846.0	-0.000
ATCGA	408.0	968.7	-0.000
AAAAC	4593.0	8789.4	-0.000
CGGTA	373.0	899.0	-0.000
AACAG	3640.0	7879.7	-0.000
GTAGA	4070.0	11160.0	-0.000
AAATT	8987.0	16780.8	-0.000
ATCCC	3214.0	7486.3	-0.000
ATGGA	5244.0	9997.8	-0.000
AAAGT	6606.0	13977.7	-0.000
GTCAT	3907.0	7594.8	-0.000
AATTG	4429.0	8518.4	-0.000
GGAGG	6449.0	12506.4	-0.000
GCATT	4737.0	10408.5	-0.000
CCTGT	6434.0	14432.8	-0.000
GGGAA	4329.0	8344.1	-0.000
AATCA	3949.0	7648.6	-0.000
GCAAA	3667.0	7130.1	-0.000
GCGCT	1154.0	2715.4	-0.000
GAAAT	5216.0	9983.3	-0.000
TTAGG	4155.0	8046.3	-0.000
GTAAT	4040.0	7836.4	-0.000
CTAAA	3700.0	7529.7	-0.000
TGTAA	5446.0	11001.0	-0.000
TACTC	3167.0	6233.8	-0.000
TATGA	3745.0	7300.2	-0.000
CATAA	3233.0	6360.8	-0.000
AAATA	7672.0	14479.1	-0.000
TTGAA	7441.0	14336.1	-0.000
TAACA	3527.0	6911.3	-0.000
GCCAA	2788.0	6543.0	-0.000
AATGT	5949.0	11355.9	-0.000
GACTT	4360.0	8448.5	-0.000
GAACT	4727.0	9121.1	-0.000
CATCG	646.0	1480.6	-0.000
GAATC	2491.0	5500.7	-0.000
TAATC	3675.0	7209.4	-0.000
CCCAT	4389.0	9464.0	-0.000
CCGCT	1399.0	2952.7	-0.000
CTAGT	3099.0	6148.4	-0.000
GGCAA	2721.0	5950.4	-0.000
TCTGA	5778.0	12388.4	-0.000
ACTTG	4319.0	8750.1	-0.000
TAAAA	8227.0	15557.6	-0.000
GCGAG	976.0	2148.5	-0.000
AGATA	3730.0	7334.3	-0.000
ATTCG	566.0	1336.7	-0.000
GTATC	2454.0	4968.9	-0.000
TATAA	4919.0	9540.6	-0.000
TCATC	4333.0	9166.9	-0.000
CGAAG	632.0	1477.2	-0.000
AAGTT	5619.0	10832.2	-0.000
AAGGT	3595.0	7103.3	-0.000
GAACG	424.0	1058.0	-0.000
CATAT	4715.0	9182.7	-0.000
ATTAG	3420.0	7581.7	-0.000
CATTG	4690.0	10442.2	-0.000
AGATT	5865.0	11318.0	-0.000
TTTCC	10990.0	24570.2	-0.000
GGAAA	4757.0	9278.5	-0.000
GAGAT	6649.0	13390.7	-0.000
AGAGA	6991.0	16466.5	-0.000
CCTTA	3774.0	7466.5	-0.000
GATGT	4015.0	7907.4	-0.000
TCTAC	3148.0	6907.7	-0.000
AGAGC	3150.0	7126.4	0.000
GTCAG	3588.0	8087.4	0.000
TGAGG	5414.0	11621.2	0.000
GAGGA	4215.0	9135.9	0.000
AGGAC	2774.0	5795.0	0.000
GGACG	658.0	1671.0	0.000
GGGCC	3463.0	7311.6	0.000
GCCCT	3876.0	9187.8	0.000
CCCTT	5673.0	12507.6	0.000
TGTCC	4615.0	9872.7	0.000
GTCCT	4197.0	8805.2	0.000
TTCCC	7534.0	16084.0	0.000
CAGAT	4540.0	9247.9	0.000
TGGTA	4064.0	8318.4	0.000
GGTAA	2267.0	5021.1	0.000
GTAAA	3549.0	7270.8	0.000
GGCCG	1654.0	3914.4	0.000
ACCGT	1075.0	2413.7	0.000
TGGCC	6342.0	14873.1	0.000
ATCCG	640.0	2188.1	0.000
ATCCA	3969.0	9102.6	0.000
TCCAT	5240.0	12691.3	0.000
CCATT	6702.0	14760.1	0.000
CATTC	5939.0	11860.4	0.000
ATTCC	3845.0	9458.1	0.000
ATGTC	3452.0	7993.9	0.000
GGTGA	3987.0	9228.1	0.000
ACCTT	5207.0	10740.2	0.000
TGGTC	5216.0	12374.5	0.000
GGTCC	2107.0	5033.7	0.000
TGACC	3518.0	9652.3	0.000
AGGGC	3255.0	6955.9	0.000
AGACC	2595.0	5736.1	0.000
GACCT	3988.0	9647.6	0.000
CCTTG	6007.0	13169.7	0.000
CAAGA	3048.0	7459.6	0.000
AAGAG	3947.0	8640.2	0.000
TCCAA	4013.0	8606.8	0.000
GTTCC	3301.0	8028.5	0.000
CCAAA	5839.0	12496.0	0.000
CAAAG	5246.0	12396.4	0.000
AAAGC	3581.0	7114.5	0.000
GCGTT	864.0	2064.9	0.000
TGAAT	5484.0	11460.1	0.000
GAATG	4091.0	8059.4	0.000
CACTT	6007.0	13040.4	0.000
TCGAA	905.0	2419.5	0.000
CGAAC	766.0	2027.3	0.000
AGTCC	3095.0	6460.9	0.000
ATCAG	3407.0	7371.5	0.000
CTGAT	4569.0	10003.9	0.000
GATAT	3147.0	6830.1	0.000
CAATT	5360.0	10664.3	0.000
GGCCA	3808.0	10891.1	0.000
CAAAA	5503.0	11002.8	0.000
AAAAT	9218.0	17913.0	0.000
CCTAT	2434.0	6252.1	0.000
TAGTC	2616.0	5389.1	0.000
GAGGT	3859.0	8720.4	0.000
CGCTT	1236.0	2739.5	0.000
ATGAG	4253.0	9024.0	0.000
GAAAA	5613.0	11113.4	0.000
AAAAG	5581.0	10995.8	0.000
GACAT	2797.0	6149.5	0.000
ACATT	6084.0	12960.6	0.000
TCTAA	4238.0	8449.3	0.000
TAATA	4698.0	9281.9	0.000
AATAA	5502.0	10749.1	0.000
TAGAA	3946.0	8651.2	0.000
AGAAA	6084.0	13552.7	0.000
AAAAA	13375.0	25565.4	0.000
AGAAT	4694.0	10029.8	0.000
AATAT	5872.0	12187.0	0.000
CATTA	4153.0	8261.4	0.000
GAAGA	3836.0	7935.1	0.000
AGGAA	4785.0	10409.6	0.000
GAACC	1962.0	4446.5	0.000
AACCC	2352.0	5743.4	0.000
ATGGC	3920.0	8149.1	0.000
CTATG	3320.0	7264.8	0.000
TATGG	2900.0	6682.0	0.000
ATCAA	2688.0	5894.9	0.000
TCAAA	5580.0	11806.2	0.000
TAGAC	1895.0	4258.1	0.000
ATGAC	2320.0	5139.6	0.000
AACAT	4502.0	9198.3	0.000
ATGGT	4207.0	10444.9	0.000
GGAGA	4929.0	9786.4	0.000
GAGAA	4195.0	9673.9	0.000
ATCGC	639.0	1530.1	0.000
TGAAC	3882.0	7918.1	0.000
CGAGA	976.0	2274.6	0.000
AGATC	2522.0	6000.8	0.000
GAAAC	3117.0	6874.1	0.000
CATCT	6091.0	12795.8	0.000
AAAGA	5322.0	11001.3	0.000
AACGG	499.0	1243.2	0.000
AATGG	4702.0	9242.0	0.000
TAAAC	3157.0	6401.5	0.000
AACAA	3771.0	8029.7	0.000
GAACA	2760.0	6115.9	0.000
GGAAG	4433.0	9113.6	0.000
CCCTA	2523.0	5513.4	0.000
AATGA	4329.0	9056.4	0.000
ATGAA	4293.0	8959.3	0.000
GACCC	2080.0	4916.6	0.000
ACAAA	4527.0	9838.4	0.000
AAGAT	4067.0	8099.6	0.000
GATAA	2611.0	5390.5	0.000
GTCCG	646.0	1544.4	0.000
CCAAT	2386.0	5915.1	0.000
CCAGA	4593.0	9563.9	0.000
AAGAC	2856.0	5967.6	0.000
AGAAG	4220.0	9651.1	0.000
GGATA	2259.0	5008.6	0.000
GTCAA	2156.0	4900.9	0.000
AAACA	4808.0	10794.0	0.000
AAACC	3067.0	6439.8	0.000
GAAAG	4021.0	8110.0	0.000
CAAAT	4817.0	10029.9	0.000
GAATT	5063.0	10943.4	0.000
AAAGG	4101.0	8184.1	0.000
AAGGA	4168.0	8524.2	0.000
ATAAA	5709.0	11667.6	0.000
CAGAA	4099.0	10010.9	0.000
GAAGG	3352.0	7749.0	0.000
TTCCA	6756.0	15792.5	0.000
GGACA	2607.0	6249.1	0.000
TGATG	4933.0	10710.4	0.000
CACAT	4739.0	9976.2	0.000
ACATC	2614.0	5987.6	0.000
AAATC	3636.0	7871.3	0.000
AGGTC	2708.0	6397.2	0.000
AGAAC	2614.0	6033.6	0.000
TATCC	3047.0	6274.8	0.000
GTTAG	2669.0	6507.6	0.000
GTAAG	2344.0	4923.8	0.000
TTGAC	3691.0	7520.5	0.000
AAGGG	3350.0	7056.7	0.000
TAAGG	2690.0	5528.5	0.000
TTACC	3515.0	7047.9	0.000
AATCC	3443.0	7553.3	0.000
CTCTA	3818.0	8628.6	0.000
GCATA	2491.0	5244.4	0.000
ATAAG	2664.0	5696.8	0.000
GACAA	2390.0	5129.7	0.000
AAGGC	2692.0	6237.6	0.000
AAGAA	5321.0	10920.2	0.000
ACGTT	1061.0	2389.0	0.000
TATCA	3360.0	7537.9	0.000
TCGAT	653.0	1785.6	0.000
GATGA	3159.0	6937.0	0.000
ATATC	3155.0	6442.9	0.000
ACGGT	626.0	1638.7	0.000
CAATA	2396.0	5701.9	0.000
TAGTA	4220.0	11108.0	0.000
ACGAG	537.0	1446.8	0.000
GATCG	506.0	1298.2	0.000
