OligoSequence	Target Occurences	Background Occurences	Enrichment(ln p, up to 2 mismatches)
GCATG	2069.0	19897.2	-639.446
TGCAT	1862.0	24802.4	-326.283
AACGA	406.0	4584.9	-129.748
AAAAA	5150.0	106343.9	-107.252
ATGCA	1273.0	22845.2	-104.864
ACGAT	280.0	3169.1	-91.926
GGGGG	1294.0	24285.3	-89.233
CATGC	897.0	16419.0	-73.975
CATGA	1014.0	19089.5	-73.149
CCGAT	230.0	2767.3	-68.383
CATGT	1260.0	25025.0	-68.093
CGGTA	225.0	2693.3	-67.286
CGAAA	315.0	4403.9	-66.178
GAATG	1069.0	21103.6	-61.646
TCGCT	314.0	4559.3	-60.137
TTGCA	981.0	19471.0	-56.262
CGATC	194.0	2432.6	-53.477
AGCAT	1006.0	20478.3	-50.807
TACCG	203.0	2709.2	-49.439
GCGTT	284.0	4307.9	-49.136
GAGAG	1373.0	29551.1	-47.146
CGATA	175.0	2231.9	-46.802
TTCCG	339.0	5557.4	-46.617
GTGCA	865.0	17735.0	-43.331
GTCGG	293.0	4707.3	-42.982
TAACG	212.0	3090.6	-41.735
GAACG	282.0	4538.6	-41.319
GCACG	291.0	6019.4	-39.624
CATGG	900.0	18938.2	-38.978
GTGAA	920.0	19524.4	-37.939
CCCGT	279.0	4661.8	-36.974
AAGCG	286.0	4872.0	-35.338
CCGTT	238.0	3876.7	-34.362
CGCAT	143.0	3563.2	-34.197
TTGAC	611.0	12413.8	-34.013
GGCGT	343.0	6219.3	-33.439
ATGCG	231.0	3818.6	-32.269
TTGTA	1029.0	22797.6	-31.763
GGCGC	481.0	9522.1	-31.394
CCGAA	251.0	4352.7	-29.666
TACGC	147.0	2154.6	-29.550
CGATG	238.0	4110.9	-28.638
GGTAA	620.0	13125.2	-28.030
TCTCG	274.0	4975.9	-27.324
AATGC	780.0	17115.7	-27.306
TCGTA	163.0	2557.7	-27.138
GCGAA	207.0	3499.4	-26.925
GGTTC	549.0	11510.9	-26.442
CGTTC	223.0	3925.7	-25.310
ACGAG	253.0	4651.4	-24.426
GTTCC	602.0	13051.5	-23.784
GCTAA	566.0	12186.3	-23.711
AAACG	303.0	5901.5	-22.547
CCGTA	113.0	2546.7	-22.447
GGCCC	595.0	13009.1	-22.304
ATGAC	627.0	13815.0	-22.195
CGTTA	168.0	2860.2	-22.160
TGGCG	383.0	7864.9	-21.977
ACCGT	202.0	3637.4	-21.717
ACGCG	185.0	3256.7	-21.680
AGAGA	1542.0	37266.7	-21.413
CGCCG	330.0	6685.3	-20.652
TAGCT	665.0	14982.9	-20.275
GTACG	152.0	2598.1	-20.102
CGTAA	138.0	2923.2	-20.058
ACCGA	181.0	3913.1	-19.634
AGTCG	201.0	3721.7	-19.534
AGTGC	651.0	14725.5	-19.461
ACCCG	268.0	5324.1	-18.913
CGAAG	264.0	5222.1	-18.870
GTGGA	817.0	19034.7	-18.630
GGTCG	224.0	4315.3	-18.227
GCTTG	722.0	16673.9	-18.153
CGCTA	146.0	2549.0	-18.005
CGCAA	164.0	2964.3	-17.721
GTAAC	444.0	9712.5	-17.679
AGCGT	242.0	4785.2	-17.631
CCGGT	207.0	4859.8	-17.591
CCTAC	403.0	8693.6	-17.537
ATGGG	766.0	17908.2	-17.262
GGAAT	748.0	17493.6	-16.891
CTTAA	821.0	19423.7	-16.544
GAAAC	821.0	19432.6	-16.474
TCCGA	214.0	4195.0	-16.435
TTCGT	232.0	4635.1	-16.351
CCCCC	660.0	15326.1	-16.260
TAAAC	759.0	17882.2	-16.220
ATTCG	178.0	3364.0	-16.093
TCGGA	219.0	4355.4	-15.899
CCGAC	184.0	3528.3	-15.806
GGCAT	579.0	14765.3	-15.778
CTCGC	268.0	5555.4	-15.541
CACGA	178.0	3995.7	-15.532
CGTCG	85.0	2386.3	-15.488
CGTTG	211.0	4182.3	-15.408
TGACT	769.0	18246.3	-15.296
CTAAG	597.0	13852.4	-15.101
CGTGC	235.0	6739.1	-14.993
GCGAT	120.0	3215.7	-14.441
TAATC	511.0	11751.7	-14.332
TCCGG	309.0	6682.6	-13.967
GTCCA	323.0	11052.1	-13.884
AACAA	1066.0	32840.8	-13.884
GCCTA	308.0	9247.6	-13.884
CCTAA	428.0	12522.4	-13.884
AAGGC	528.0	17025.1	-13.884
GAGGG	756.0	22965.2	-13.884
AGGGG	638.0	20062.0	-13.884
GGGGC	583.0	18824.6	-13.884
GCATT	663.0	17975.6	-13.884
TTCAT	955.0	27260.4	-13.884
CAAAA	1070.0	35778.7	-13.884
AAAAT	1766.0	59308.9	-13.884
GACAG	680.0	19469.4	-13.884
TTCGG	147.0	4831.4	-13.884
TATAC	473.0	13561.9	-13.884
TAAAA	1787.0	55591.5	-13.884
AAATT	1313.0	39955.8	-13.884
ATTGG	503.0	15483.8	-13.884
TTGGA	786.0	21960.6	-13.884
TCATG	664.0	18991.5	-13.884
GCAAG	517.0	15857.0	-13.884
GGATG	608.0	18517.2	-13.884
GATGA	627.0	18426.0	-13.884
CACGC	195.0	6125.2	-13.884
CGTGA	204.0	5476.7	-13.884
TATTT	1723.0	50974.2	-13.884
ATTTT	1938.0	59674.8	-13.884
TTTTT	4094.0	107299.1	-13.884
TTTTA	1842.0	57030.0	-13.884
TTTAA	1742.0	50013.0	-13.884
ATGTA	1018.0	29406.5	-13.884
AGTGG	698.0	19928.3	-13.884
TGGAT	625.0	20323.6	-13.884
TTAGC	428.0	12056.5	-13.884
TTTGT	1606.0	48834.9	-13.884
GGGGT	568.0	16718.7	-13.884
TTTCT	1590.0	48802.4	-13.884
AATTT	1181.0	40364.4	-13.884
TTTTG	1666.0	47488.5	-13.884
TATCG	70.0	2038.4	-13.884
ATCGA	129.0	3182.8	-13.884
TTGTT	1203.0	44598.3	-13.884
TTAAA	1777.0	49639.8	-13.884
AAAAG	1356.0	41189.6	-13.884
CACGT	194.0	6013.1	-13.884
AAAGA	1362.0	45553.8	-13.884
AAGAA	1552.0	47528.1	-13.884
AGAAA	1637.0	53977.4	-13.884
TTCTT	1364.0	41756.7	-13.884
TCTTT	1421.0	41186.7	-13.884
CATAC	385.0	12265.1	-13.884
TACAT	715.0	23669.2	-13.884
CTGCA	710.0	21211.8	-13.884
AAGCC	555.0	15458.0	-13.884
ATCGC	80.0	2762.1	-13.884
TCGCA	97.0	3132.3	-13.884
AACGC	149.0	3492.5	-13.884
TTTAT	1564.0	47911.4	-13.884
GCCTG	767.0	21030.8	-13.884
ATTGC	514.0	13317.0	-13.884
GAAAA	1413.0	44847.3	-13.884
TGTTT	1770.0	53162.9	-13.884
TCGAC	48.0	2198.4	-13.884
CGACA	92.0	3177.7	-13.884
CCATG	649.0	18104.4	-13.884
AATAA	1283.0	42729.2	-13.884
AACGT	147.0	4867.0	-13.884
ACGTA	121.0	3665.8	-13.884
CGTAC	104.0	2012.6	-13.884
GTACC	238.0	7879.2	-13.884
ATAAA	1392.0	46120.8	-13.884
AAATA	1599.0	50080.0	-13.884
ACAAA	1078.0	35713.3	-13.884
TTATT	1359.0	43406.2	-13.884
GTATG	752.0	20457.5	-13.884
TGGCT	784.0	24284.1	-13.884
TAACC	372.0	9705.2	-13.884
AACCA	617.0	18830.5	-13.884
TAGAC	371.0	10573.5	-13.884
TGCAG	840.0	23129.4	-13.884
GCAGG	670.0	21621.9	-13.884
GTTTT	1503.0	44259.8	-13.884
GCTTT	832.0	24747.1	-13.884
ACTAG	321.0	10089.8	-13.884
GTAAG	485.0	14157.8	-13.884
ACATG	685.0	22470.3	-13.884
TTGGC	506.0	14925.4	-13.884
GTGAC	410.0	13494.7	-13.884
TGTCG	102.0	3853.0	-13.884
TGAAT	918.0	26373.2	-13.884
TTACC	364.0	10052.8	-13.884
AATGG	754.0	21482.4	-13.884
AAACA	1295.0	40102.6	-13.884
GGTTG	450.0	15014.0	-13.884
AGGCA	693.0	21885.4	-13.884
CAAGC	386.0	12894.2	-13.884
GATTC	308.0	11574.1	-13.884
TTCGC	122.0	3298.3	-13.884
TTAAC	511.0	14610.2	-13.884
CCTAT	360.0	10145.0	-13.884
AGTGA	727.0	21064.9	-13.884
CTTGA	607.0	18179.6	-13.884
GATGG	685.0	20130.6	-13.884
ACCGG	165.0	4716.4	-13.884
GGTGC	415.0	13527.1	-13.884
CCCTT	549.0	16029.0	-13.884
AGCTT	708.0	19253.5	-13.884
GAGCG	269.0	8325.0	-13.884
AGCGA	219.0	5453.0	-13.884
TGCAA	589.0	18184.3	-13.884
GCATC	400.0	12365.4	-13.884
GTGGT	657.0	19612.1	-13.884
GGGAA	837.0	24371.1	-13.884
GCATA	465.0	13353.4	-13.884
AGAGC	625.0	19279.6	-13.884
TTGCC	440.0	14275.4	-13.884
GGTCA	361.0	12159.1	-13.884
TGCAC	542.0	15116.4	-13.884
GGGTA	350.0	11444.9	-13.884
GTAAT	576.0	15457.3	-13.884
ATGCC	497.0	13749.2	-13.884
AAAAC	1131.0	35773.3	-13.884
GACCG	208.0	4437.8	-13.884
TTGCG	97.0	3927.6	-13.884
TGCGT	190.0	6244.3	-13.884
ACGCT	92.0	3999.9	-13.884
CGGGG	451.0	12459.7	-13.884
GTCGA	64.0	2380.7	-13.884
GCGTG	274.0	9474.1	-13.884
CGGCC	258.0	8039.4	-13.884
GATAG	443.0	12473.5	-13.884
TCCGT	201.0	4660.9	-13.884
CGAAT	130.0	3253.1	-13.884
CTAAC	296.0	9091.3	-13.884
ACGAC	106.0	2897.6	-13.884
CGGTC	128.0	4077.8	-13.884
TCGGT	125.0	4259.0	-13.884
CGGTG	230.0	7360.1	-13.884
CTTGC	563.0	15574.1	-13.884
ACGGT	120.0	3755.0	-13.884
CGGTT	127.0	4435.5	-13.884
ATGGA	647.0	22966.1	-13.884
GTAGC	384.0	10432.3	-13.884
ACGTT	162.0	4545.3	-13.884
CGTTT	227.0	6095.8	-13.884
GTTCG	158.0	3834.4	-13.884
AGCCG	200.0	7021.7	-13.884
CTATT	573.0	16597.3	-13.884
GACGC	107.0	4556.7	-13.884
GACGA	150.0	4025.2	-13.884
GAATC	366.0	11149.6	-13.884
AACCG	141.0	3698.2	-13.884
ACGTG	253.0	7194.8	-13.884
ACCAT	520.0	15821.5	-13.884
TCCCG	268.0	7761.1	-13.884
TGCCG	168.0	5788.2	-13.884
ATCGT	109.0	3186.6	-13.884
TCGTT	143.0	4304.4	-13.884
TGACG	182.0	4366.2	-13.884
GTCCG	167.0	4319.2	-13.884
CCCGC	242.0	9735.7	-13.884
TACGA	99.0	2449.3	-13.884
GGGCG	465.0	12844.6	-13.884
GGCGA	203.0	5931.9	-13.884
TAGCG	109.0	2821.8	-13.884
TACGG	106.0	2797.5	-13.884
AGGCG	218.0	8265.5	-13.884
GATCG	115.0	3034.1	-13.884
ACGCC	113.0	4679.1	-13.884
ATCGG	102.0	2892.1	-13.884
ACTCG	95.0	3949.6	-13.884
GTCGT	122.0	3201.0	-13.884
TTACG	123.0	2843.8	-13.884
ACGGC	139.0	4028.4	-13.884
GGCGG	402.0	15547.4	-13.884
CGCGT	67.0	3566.1	-13.884
GCGGA	150.0	7246.8	-13.884
GCCGT	180.0	4510.7	-13.884
CGTAG	124.0	3138.4	-13.884
TCGCG	81.0	3133.6	-13.884
CGAAC	122.0	3036.3	-13.884
CGACG	65.0	2329.8	-13.884
CGATT	175.0	3429.7	-13.660
ACGGA	223.0	4587.7	-13.607
CGCGA	163.0	3158.1	-13.599
GGTGG	998.0	24570.5	-13.289
CCGGG	518.0	12128.5	-12.733
AAAGC	886.0	21736.7	-12.712
CTCTT	930.0	22899.3	-12.631
ATGTG	1309.0	32974.4	-12.605
TCGAT	155.0	3051.5	-12.458
CCGTC	193.0	3943.9	-12.421
TGTAG	793.0	19381.8	-12.159
TAAGC	481.0	11224.6	-12.142
ATAAC	571.0	13581.4	-12.114
ACTAA	636.0	15280.2	-12.089
CGGCG	362.0	8190.3	-12.043
TGACC	523.0	12342.5	-12.027
ATACG	140.0	2709.7	-11.949
TGCTT	1112.0	27875.3	-11.905
TCAAC	442.0	10264.9	-11.851
TGTGC	932.0	23207.7	-11.384
AATCG	153.0	3072.3	-11.315
GTGAT	654.0	15885.3	-11.125
CTGTT	923.0	23008.0	-11.106
CTTTT	1566.0	40184.8	-11.093
ACGCA	207.0	4397.3	-10.878
TTCGA	193.0	4071.0	-10.670
CCGGC	358.0	8263.1	-10.574
CCGTG	311.0	7066.3	-10.511
GCTTA	497.0	11916.4	-10.161
ATCCG	169.0	3538.0	-10.123
CTAGC	403.0	9494.4	-9.879
CTGGT	705.0	17466.0	-9.844
TCCAT	733.0	18231.8	-9.743
GCGGT	254.0	5695.4	-9.681
GCGTA	118.0	2328.7	-9.609
ATAGC	489.0	11788.1	-9.541
TATGC	572.0	13973.5	-9.484
ACCTA	452.0	10844.8	-9.480
CGTAT	147.0	3048.4	-9.401
CCATA	502.0	12158.5	-9.359
ATGGC	643.0	15895.4	-9.289
AACCT	601.0	14782.6	-9.278
TGAAG	1033.0	26346.2	-9.266
CGGGC	418.0	9971.0	-9.212
TTCCC	755.0	18928.4	-9.141
TGAAC	644.0	15980.4	-8.994
TCGAA	172.0	3708.5	-8.938
TTAAT	1201.0	31020.6	-8.701
TTTGC	902.0	23000.9	-8.544
ACGAA	197.0	4356.6	-8.527
GTAGT	479.0	11697.0	-8.511
TCGGC	221.0	4961.4	-8.455
CGGGT	269.0	6217.5	-8.422
TGTAC	574.0	14227.3	-8.360
CCCGA	261.0	6002.4	-8.327
GATTG	546.0	13508.7	-8.233
TTTTC	1510.0	39542.5	-8.208
AACTA	630.0	15782.9	-8.094
GGGTT	666.0	16755.1	-8.065
GTTAA	655.0	16487.3	-7.894
AGAGG	993.0	25622.3	-7.870
AAGCA	956.0	24610.9	-7.842
GTTGA	595.0	14909.4	-7.658
AACGG	178.0	3956.3	-7.602
TCTTA	783.0	19988.9	-7.581
ATGTT	1082.0	28105.6	-7.528
TGCCT	900.0	23167.9	-7.525
GCCGA	216.0	4947.3	-7.516
ATACC	403.0	9831.0	-7.457
CACAC	980.0	25420.3	-7.188
ACCGC	188.0	4269.5	-7.166
TGTGA	1040.0	27099.2	-7.077
GATGT	684.0	17439.3	-7.047
TGCGG	298.0	7141.0	-6.947
TTAAG	806.0	20792.3	-6.870
CCCCT	579.0	14639.0	-6.853
AAACC	744.0	19123.5	-6.763
CTACC	360.0	8791.4	-6.756
ACGGG	218.0	5087.4	-6.742
GCCCG	371.0	9095.2	-6.739
GACTG	602.0	15298.1	-6.687
TTGTG	1043.0	27290.7	-6.679
AATCC	514.0	12929.2	-6.656
CGACC	166.0	3751.2	-6.638
CTCGT	177.0	4026.3	-6.608
TAATT	1153.0	30326.3	-6.607
CCTTT	969.0	25299.4	-6.522
TAGTG	570.0	14494.5	-6.435
CAAGT	634.0	16226.6	-6.402
TGGTG	953.0	24918.1	-6.395
ATGTC	580.0	14790.5	-6.279
GAAGC	689.0	17771.0	-6.181
TTGAA	1127.0	29817.4	-5.928
GCAGT	622.0	16034.5	-5.765
CTAAT	558.0	14344.1	-5.604
GCTCG	248.0	6004.9	-5.534
GCTCT	693.0	18037.5	-5.522
ACACC	459.0	11693.9	-5.487
ATCTA	557.0	14351.6	-5.425
AGTTG	681.0	17761.3	-5.382
TCGTG	204.0	4906.6	-5.217
TTTCG	191.0	4550.1	-5.142
AAGTC	562.0	14551.3	-5.130
ACACG	221.0	5357.0	-5.037
GCAAT	467.0	11985.6	-5.001
CCCGG	439.0	11231.7	-4.967
GATGC	508.0	13124.3	-4.935
GGGGA	869.0	23066.7	-4.827
GTGTA	783.0	20712.6	-4.771
CGTCC	191.0	4601.8	-4.750
GTTGC	454.0	11694.3	-4.726
TCCTA	515.0	13391.3	-4.625
CTCTC	777.0	20613.4	-4.624
AGACG	209.0	5104.0	-4.603
CGGAC	167.0	4013.9	-4.523
AATTC	723.0	19165.4	-4.469
TAGAG	629.0	16580.2	-4.413
CATCT	733.0	19465.0	-4.409
AACTT	848.0	22716.1	-4.203
TGTAA	945.0	25392.5	-4.189
ATGCT	757.0	20179.0	-4.177
CGAGA	236.0	5902.3	-4.102
ATGGT	723.0	19278.5	-4.098
TAACT	622.0	16465.0	-4.097
GCGCC	327.0	8379.6	-4.079
CGTGG	342.0	8777.2	-4.072
ACTGG	610.0	16168.4	-4.062
CGCCC	349.0	8999.6	-4.037
AAAGT	1048.0	28347.3	-4.010
GATTA	522.0	13750.4	-3.982
GTACA	512.0	13510.4	-3.898
CGGAA	228.0	5737.8	-3.867
GGGCA	637.0	16949.6	-3.851
AATGT	1102.0	29908.0	-3.827
GTTCA	565.0	14993.1	-3.809
GGACA	601.0	15972.4	-3.805
TAGCA	575.0	15296.1	-3.690
GTAAA	826.0	22270.6	-3.688
ATCCA	573.0	15230.5	-3.685
GCCGG	362.0	9423.7	-3.650
TACTG	554.0	14754.7	-3.595
TCTAG	524.0	13935.7	-3.553
CGCTT	190.0	4780.2	-3.523
AATAG	668.0	17934.5	-3.476
CCTGT	735.0	19816.0	-3.448
GTATT	712.0	19179.8	-3.435
TACGT	151.0	3741.5	-3.426
CTAGT	398.0	10492.4	-3.369
AGGCC	563.0	15086.0	-3.275
ACAAG	634.0	17080.7	-3.227
ACACA	1219.0	33499.6	-3.155
CTTAG	548.0	14724.5	-3.144
CACCA	612.0	16503.6	-3.100
GACGG	190.0	4852.2	-3.099
ACTTA	606.0	16342.6	-3.069
TAGGC	350.0	9255.0	-3.059
GAAAG	1153.0	31706.4	-3.046
GCCCA	520.0	13960.4	-3.026
CTTGT	747.0	20300.9	-3.016
TGGGT	812.0	22144.0	-2.971
ACCCC	419.0	11214.2	-2.824
GCGCA	252.0	6593.3	-2.807
GACTA	360.0	9573.0	-2.794
CATTC	564.0	15279.4	-2.794
CCAAA	747.0	20414.5	-2.734
GGTGA	631.0	17208.4	-2.680
TCGTC	130.0	3294.0	-2.647
CGCTC	235.0	6156.6	-2.615
TGATG	799.0	21934.7	-2.600
ATTCC	539.0	14656.8	-2.551
TGAAA	1306.0	36316.8	-2.529
GGTTA	423.0	11444.4	-2.495
TGTAT	1206.0	33488.1	-2.477
AAGTG	807.0	22276.3	-2.420
CCCTC	570.0	15597.2	-2.394
CAGTA	536.0	14659.3	-2.362
CTTAT	574.0	15715.9	-2.352
GTGCT	713.0	19642.1	-2.350
CACGG	220.0	5833.1	-2.332
GACAC	451.0	12280.5	-2.327
AAGTT	866.0	23980.4	-2.312
CTGGC	714.0	19713.1	-2.274
CTTTG	1015.0	28231.1	-2.226
TAATG	742.0	20581.7	-2.123
GATCT	484.0	13282.4	-2.112
TACCT	473.0	12987.6	-2.103
TGCTA	565.0	15587.0	-2.084
CAGTG	801.0	22267.2	-2.064
TATTC	598.0	16524.8	-2.064
ACTTT	988.0	27572.2	-2.058
TTTGA	1178.0	32997.6	-2.041
CAAGA	707.0	19611.1	-2.033
GGAAA	1132.0	31702.2	-2.026
AACAC	583.0	16128.7	-2.021
AGACC	475.0	13061.2	-1.997
AGGTG	712.0	19784.5	-1.974
ACTGT	712.0	19816.5	-1.912
TAAGG	522.0	14439.7	-1.905
ACTTG	646.0	17962.7	-1.904
CTTAC	398.0	10954.2	-1.858
GAGGT	591.0	16430.2	-1.817
TGTTG	923.0	25879.6	-1.802
CACTT	635.0	17700.3	-1.792
ATTAA	1070.0	30107.9	-1.752
AAGGG	698.0	19509.4	-1.741
TACCC	306.0	8388.7	-1.737
AGTAT	614.0	17133.1	-1.733
AGATT	753.0	21088.2	-1.716
TAAGT	659.0	18414.1	-1.713
TCTTG	770.0	21570.3	-1.711
TTCTC	851.0	23899.6	-1.705
GAAGG	846.0	23778.5	-1.656
TTATC	515.0	14351.1	-1.649
GGAGC	668.0	18714.2	-1.619
GATAA	590.0	16499.1	-1.608
TGGGG	927.0	26124.2	-1.604
ACCTC	418.0	11613.0	-1.596
AAATC	746.0	21011.4	-1.534
TAGTT	658.0	18480.2	-1.528
GTTTA	747.0	21015.2	-1.528
ATCAG	530.0	14855.1	-1.521
CCTTA	450.0	12570.5	-1.516
ATTGT	804.0	22665.6	-1.506
TCACC	412.0	11492.1	-1.497
CAGAT	648.0	18219.7	-1.485
TGGTT	855.0	24159.1	-1.480
CATAT	739.0	20825.3	-1.479
GACCC	397.0	11075.4	-1.478
ACAGA	924.0	26146.6	-1.460
CGAGG	293.0	8114.3	-1.453
AAGAC	638.0	17957.7	-1.446
ACCAC	460.0	12885.0	-1.415
TTGCT	914.0	25874.6	-1.404
GACGT	124.0	4212.7	-1.384
CGAGT	158.0	5047.0	-1.374
CTGTA	693.0	19586.6	-1.362
GTGTT	848.0	24053.6	-1.358
GACCT	445.0	12515.9	-1.355
GTAGA	524.0	15250.5	-1.352
AGTTT	1039.0	29509.0	-1.348
TGTTC	665.0	19360.4	-1.346
CCCTA	305.0	9544.9	-1.340
GTTGG	579.0	16471.3	-1.321
TGGTA	552.0	16017.0	-1.316
TGGCA	663.0	19254.8	-1.314
TGACA	659.0	18646.8	-1.310
TGTCA	655.0	18547.1	-1.298
TCGCC	111.0	4776.5	-1.297
TATAG	545.0	15391.5	-1.291
TAGTC	296.0	9388.6	-1.266
GAAGT	600.0	19426.9	-1.259
CTTGG	718.0	20384.3	-1.256
TTTCC	920.0	27000.5	-1.252
AAGCT	643.0	18670.3	-1.250
TTGTC	524.0	16776.6	-1.245
ACCTT	551.0	15594.3	-1.238
GACCA	442.0	12482.2	-1.224
TGATC	406.0	11744.7	-1.223
AAGAG	846.0	27195.4	-1.197
ATTTA	1183.0	37109.1	-1.193
TAAAT	1276.0	38219.2	-1.193
CCGCC	376.0	10624.3	-1.191
CGGAT	99.0	3656.9	-1.191
AATAC	572.0	16219.2	-1.181
CCGAG	206.0	8406.9	-1.166
GTACT	376.0	11160.2	-1.164
CAGGT	548.0	17177.4	-1.159
GGTAG	399.0	12269.5	-1.159
AGCCT	657.0	18718.4	-1.147
TGCCC	423.0	15208.7	-1.144
ATGAA	1108.0	32079.4	-1.132
TTAGA	709.0	20225.5	-1.118
CATTA	545.0	17145.2	-1.103
GCCAA	451.0	12818.2	-1.100
ATTGA	704.0	20110.4	-1.076
CATTT	1192.0	35893.8	-1.075
CTAAA	715.0	20409.6	-1.068
ATTAG	529.0	15079.7	-1.068
ATATA	1251.0	35880.2	-1.063
AGATG	856.0	24518.6	-1.057
TAAGA	758.0	21677.3	-1.054
CATTG	626.0	18014.0	-1.049
CTGAT	480.0	16058.3	-1.042
TAAAG	879.0	26803.8	-1.040
ATGAT	720.0	21128.8	-1.032
AATCA	650.0	18586.3	-1.030
AGCGC	142.0	6817.1	-1.030
GATAC	304.0	8614.1	-1.023
TAGCC	349.0	10665.5	-1.018
GTCAA	375.0	11115.9	-0.994
CTTTC	770.0	25074.7	-0.991
GTATA	603.0	17339.6	-0.979
CAAAT	836.0	23971.7	-0.979
TGATT	814.0	23360.1	-0.978
AAACT	916.0	26303.4	-0.978
CTGAC	485.0	13872.9	-0.977
GTGCC	451.0	12903.0	-0.962
AATGA	940.0	29770.2	-0.955
TAGTA	464.0	13938.0	-0.954
TGGCC	566.0	16233.2	-0.953
TCCCC	556.0	15920.8	-0.951
ATTAC	400.0	12758.5	-0.951
ACTAC	309.0	8812.6	-0.947
CCAAT	329.0	11643.7	-0.939
GCGCT	228.0	7353.0	-0.931
GTCTT	669.0	19205.9	-0.931
ATCTC	492.0	14108.1	-0.930
ATGAG	697.0	20153.8	-0.926
AGCTA	496.0	14449.1	-0.919
CAATG	550.0	15769.1	-0.918
CGACT	127.0	3591.9	-0.914
GCCCC	499.0	14330.9	-0.906
TTTAC	621.0	19099.0	-0.903
CCCAT	481.0	13788.1	-0.900
ACCAG	542.0	15577.9	-0.896
CCTTG	505.0	18247.8	-0.888
AGTCC	350.0	11882.1	-0.887
ATTCA	652.0	20555.3	-0.886
ACCCT	392.0	13592.8	-0.885
TACAC	447.0	12898.8	-0.881
AGGGC	577.0	16604.8	-0.879
GGCAA	452.0	13893.5	-0.878
TATTG	650.0	19351.2	-0.878
CGCAC	173.0	5078.2	-0.878
TGGAG	862.0	25488.3	-0.875
GGGAG	880.0	26919.8	-0.874
AGAGT	649.0	19496.1	-0.870
GTCTG	633.0	18209.9	-0.869
CTACT	419.0	12029.4	-0.864
CAATA	522.0	15016.7	-0.860
AGTTC	569.0	17293.4	-0.857
CGTGT	267.0	7654.5	-0.850
GTTAG	419.0	12043.7	-0.843
GAGTG	635.0	19024.5	-0.838
TAACA	616.0	17740.6	-0.832
GCGGG	428.0	13892.0	-0.829
AACCC	393.0	12912.0	-0.829
GAACC	313.0	11017.6	-0.828
CTGAA	749.0	23640.9	-0.826
TACTT	672.0	20113.4	-0.823
CCATT	612.0	18066.9	-0.822
GGAGT	548.0	15809.8	-0.821
ATAGT	525.0	15917.0	-0.805
TCACG	117.0	4282.8	-0.801
AACTC	410.0	15783.0	-0.800
ACACT	562.0	16211.6	-0.800
TCGGG	222.0	6701.9	-0.799
CCCCG	315.0	9433.5	-0.787
GTGGC	530.0	17152.3	-0.780
CTATA	466.0	13467.6	-0.779
AGCGG	255.0	7352.1	-0.766
GATCA	385.0	11119.0	-0.739
ATACA	681.0	23356.0	-0.738
TCCCT	634.0	19156.7	-0.730
ACTGC	464.0	13739.1	-0.728
TACTA	422.0	12225.1	-0.727
GTAGG	406.0	11818.7	-0.726
CGTCA	127.0	3663.2	-0.718
CGGCA	185.0	5346.3	-0.718
GTTGT	640.0	19775.7	-0.718
GTTAC	321.0	9462.4	-0.709
GCTAG	340.0	10650.2	-0.708
CATAG	414.0	13703.4	-0.708
AGTAG	479.0	14394.8	-0.706
TGTGT	1992.0	73781.5	-0.703
TTACA	628.0	20811.0	-0.697
CATCC	446.0	13923.4	-0.694
CGAGC	155.0	6257.3	-0.688
GAGAC	483.0	16039.3	-0.685
CAGTT	666.0	19487.0	-0.676
GGAGA	764.0	24629.1	-0.663
AGGTT	527.0	17131.6	-0.659
TCTCC	637.0	18509.9	-0.658
TACAG	620.0	18041.6	-0.658
GGAGG	848.0	28872.0	-0.657
GGGCC	492.0	14321.0	-0.654
GGCTA	396.0	11516.7	-0.650
GCGTC	162.0	4703.5	-0.645
GAGCA	651.0	19014.3	-0.639
ATACT	507.0	14748.6	-0.639
TCTAA	535.0	17669.3	-0.636
GTGGG	853.0	24841.7	-0.623
CACCC	427.0	12970.2	-0.620
GGAAC	374.0	14491.1	-0.604
CCAGT	535.0	15617.3	-0.602
TTCAC	413.0	14133.7	-0.601
GTCGC	135.0	3985.7	-0.588
TGGAC	414.0	12811.2	-0.588
TGTTA	698.0	21371.2	-0.586
ATCTT	726.0	22308.0	-0.585
TCAGA	768.0	22434.9	-0.585
GGCTC	519.0	15147.2	-0.583
CGGCT	238.0	6972.7	-0.558
CGTCT	162.0	4749.6	-0.558
TCACT	469.0	16237.8	-0.553
TGTCC	487.0	15747.5	-0.539
CAGAG	968.0	28332.8	-0.537
AATTG	704.0	20624.6	-0.534
ATTCT	818.0	23954.1	-0.531
TTTAG	714.0	23408.9	-0.531
AACTG	657.0	19270.7	-0.528
GCCTT	606.0	17751.4	-0.527
TTCCT	912.0	28510.3	-0.527
TTGGG	742.0	21753.5	-0.526
ATTTG	1014.0	29716.0	-0.514
CCCAC	452.0	14712.4	-0.512
GGATT	502.0	16713.1	-0.510
GAGGC	676.0	19846.1	-0.506
CCGCT	139.0	6004.8	-0.504
GGTAT	364.0	12322.4	-0.502
CCTGA	544.0	18323.3	-0.499
GGCTT	593.0	18083.1	-0.497
TTAGT	588.0	18179.4	-0.495
CTTTA	859.0	25255.5	-0.492
GTTCT	679.0	20179.6	-0.490
AGTAC	374.0	11022.1	-0.488
TCTCT	1022.0	29966.6	-0.487
GTTTC	594.0	20195.1	-0.485
TAGGA	531.0	15606.1	-0.479
AAGTA	708.0	21621.1	-0.479
TTCTA	617.0	22546.2	-0.468
TGGGC	542.0	17540.8	-0.462
GCCAT	479.0	15009.7	-0.461
TATAA	905.0	26602.8	-0.461
CGCCA	133.0	5674.7	-0.456
GGATC	337.0	9962.8	-0.454
GTTTG	947.0	27864.8	-0.449
GCGAG	250.0	7410.0	-0.441
TATCC	319.0	10100.0	-0.441
ACTGA	632.0	18998.3	-0.439
ACCCA	441.0	15275.7	-0.438
GACTC	363.0	10742.5	-0.435
GCCCT	467.0	14987.9	-0.429
TATGA	578.0	19860.6	-0.428
ATCCC	320.0	12187.3	-0.423
GTCAG	508.0	15010.8	-0.422
GCACT	437.0	12944.8	-0.420
TTACT	628.0	18535.6	-0.420
TTGAG	639.0	21866.6	-0.410
CCAAG	568.0	16799.0	-0.402
GTCCC	328.0	12334.8	-0.402
ACGTC	80.0	3442.9	-0.390
TCTGT	1017.0	30026.7	-0.384
AGAAC	634.0	18769.7	-0.384
GAGAT	538.0	18666.9	-0.382
GGACG	109.0	5808.7	-0.381
TCAAG	509.0	15803.9	-0.378
GAGTT	693.0	20508.9	-0.377
CCATC	455.0	14521.6	-0.377
AGACT	549.0	17065.3	-0.376
CAATT	433.0	15978.6	-0.374
GAGAA	943.0	29621.0	-0.373
CTGTC	581.0	18487.0	-0.372
CATCG	84.0	3899.2	-0.371
CAGGC	495.0	18305.2	-0.370
TCCTT	802.0	24472.4	-0.369
CACTA	324.0	10602.5	-0.368
GACTT	510.0	16853.5	-0.368
CATCA	422.0	15793.2	-0.365
CACCG	188.0	5660.5	-0.363
CCTCT	649.0	20345.3	-0.357
TTCCA	768.0	23032.3	-0.356
GATTT	870.0	25760.1	-0.352
TTCTG	1052.0	31092.6	-0.352
TGAGA	786.0	26101.3	-0.352
TGGAA	966.0	28969.6	-0.347
CCCAA	493.0	14695.6	-0.344
TCAAT	441.0	14829.3	-0.342
ACAGT	602.0	18662.8	-0.340
ACCAA	539.0	16035.4	-0.340
GAATT	665.0	22821.1	-0.337
TGCGA	102.0	3825.4	-0.337
CGGGA	251.0	9130.1	-0.336
TCAGT	633.0	18808.8	-0.336
AGCTG	781.0	23184.6	-0.336
TTGAT	712.0	22070.8	-0.335
TGGGA	741.0	25623.1	-0.335
TTTCA	1010.0	30751.0	-0.335
AGGAT	595.0	17685.6	-0.335
TCATC	454.0	13532.4	-0.334
AAGGT	572.0	17760.6	-0.334
AAAGG	859.0	27146.1	-0.333
CTTCG	167.0	5058.1	-0.330
ACTAT	470.0	14024.5	-0.327
GTCTA	357.0	10699.0	-0.324
TTATG	677.0	21921.9	-0.323
CAGAC	491.0	14657.3	-0.322
TAGAT	598.0	17819.4	-0.319
ATAGA	682.0	20274.5	-0.318
TGCTG	904.0	28674.0	-0.315
TCTAT	509.0	17780.1	-0.313
ACTCT	525.0	15656.0	-0.311
ATCTG	565.0	18945.1	-0.310
GGCAC	381.0	11422.9	-0.309
TCATT	842.0	25025.3	-0.307
AATCT	567.0	18356.5	-0.302
ATATT	1123.0	33292.4	-0.301
GCTGT	687.0	20820.6	-0.294
TCTGA	718.0	23359.9	-0.292
CAAAC	555.0	18317.6	-0.290
AAATG	1211.0	40803.7	-0.289
GGCCT	454.0	15702.1	-0.289
CCTGC	644.0	19224.7	-0.286
GGCCA	526.0	15876.5	-0.284
TATGT	931.0	32920.3	-0.275
AGTCT	561.0	16789.3	-0.271
GGCCG	302.0	9144.0	-0.270
TCTTC	721.0	23353.3	-0.270
GGTTT	751.0	24544.6	-0.266
TATAT	1287.0	38216.3	-0.266
TGTGG	822.0	27421.5	-0.260
GGGTG	715.0	21367.3	-0.256
AGCCA	702.0	20994.0	-0.256
CTTCC	713.0	21333.7	-0.255
GTCAT	444.0	13381.0	-0.253
GCTAT	393.0	11842.4	-0.252
ACCTG	540.0	16438.8	-0.250
AGACA	751.0	24025.1	-0.248
TATCT	561.0	18603.5	-0.248
CAAAG	769.0	22998.5	-0.241
TTTGG	950.0	28435.8	-0.237
AGCAC	436.0	15335.0	-0.236
AGTTA	583.0	17926.3	-0.235
AGAAT	873.0	26701.3	-0.234
CTCAC	451.0	13622.8	-0.233
AGTAA	630.0	20188.2	-0.230
GCAAA	654.0	20046.0	-0.225
CCCCA	578.0	17389.5	-0.221
AGAAG	987.0	31510.4	-0.220
TTCAA	755.0	22668.9	-0.219
GCAGC	646.0	19438.4	-0.219
AGCAG	803.0	24060.3	-0.218
GAGGA	761.0	25196.8	-0.217
GGGAT	509.0	15747.4	-0.217
GCGCG	215.0	9545.6	-0.217
GGAAG	861.0	28184.2	-0.216
TGGTC	442.0	13379.2	-0.215
TCGAG	131.0	4859.9	-0.215
GAAGA	1012.0	30265.6	-0.215
CCTTC	582.0	17742.4	-0.214
CCAAC	340.0	10357.5	-0.213
CAAGG	495.0	16855.1	-0.213
GCTGA	605.0	18244.4	-0.212
TAGGT	389.0	13145.8	-0.211
TGAGG	651.0	21816.9	-0.211
ATAAG	539.0	16949.2	-0.210
GCTTC	550.0	16592.5	-0.208
TACCA	388.0	12476.5	-0.207
GGTCC	275.0	10809.6	-0.206
GCTCA	472.0	14757.6	-0.206
CCTGG	704.0	24872.7	-0.205
CATAA	587.0	18611.3	-0.202
AGTGT	741.0	22301.1	-0.199
AATTA	963.0	28871.7	-0.197
CCTAG	383.0	11674.2	-0.193
TGTCT	896.0	26896.4	-0.193
GAATA	571.0	18716.8	-0.190
CTCTA	357.0	13362.8	-0.184
CTCCC	587.0	18529.2	-0.183
GCACA	513.0	17236.9	-0.175
GAGTA	394.0	12517.3	-0.174
CAACT	411.0	12741.7	-0.174
CTTCT	791.0	26406.1	-0.173
TTGGT	722.0	22149.4	-0.172
ATATC	339.0	13294.6	-0.172
GTTAT	478.0	15646.9	-0.171
TAGAA	754.0	24841.0	-0.168
TGAGC	548.0	17699.4	-0.167
ATCCT	512.0	15586.3	-0.167
GGTAC	224.0	7894.1	-0.165
TTAGG	487.0	14816.5	-0.164
CACCT	451.0	14205.8	-0.163
TAGGG	339.0	12475.0	-0.162
ATTTC	831.0	26386.0	-0.161
GAACT	596.0	18083.9	-0.160
ATAGG	375.0	11534.5	-0.159
GACAT	487.0	14831.7	-0.158
ACATT	810.0	25253.9	-0.157
AGATA	644.0	20650.1	-0.155
CACTC	334.0	11809.6	-0.153
CCGGA	192.0	6799.2	-0.151
GAAAT	994.0	30437.5	-0.151
TATTA	796.0	25695.3	-0.148
GAGCT	556.0	18326.9	-0.148
AGCTC	503.0	15357.0	-0.146
TCATA	436.0	16767.4	-0.142
GAGTC	391.0	12028.0	-0.141
CGCGC	218.0	8346.5	-0.140
CAACA	550.0	16777.0	-0.137
AGCAA	657.0	22130.9	-0.136
AGGGA	740.0	23677.5	-0.136
TCTAC	330.0	11581.3	-0.135
AGGGT	440.0	16441.0	-0.134
AAGAT	807.0	24495.6	-0.130
CAACG	84.0	3361.0	-0.130
CTATC	290.0	9142.6	-0.129
CGCCT	114.0	7078.9	-0.129
AACAG	660.0	20425.4	-0.127
TGATA	550.0	18143.7	-0.126
GAACA	572.0	18630.9	-0.125
TTATA	890.0	27076.1	-0.123
GGATA	381.0	12224.6	-0.122
TAATA	795.0	26018.5	-0.121
TATGG	440.0	15466.6	-0.118
AAGGA	913.0	27884.8	-0.115
AGGAA	1082.0	32738.4	-0.113
TTCAG	712.0	22552.6	-0.112
TCAAA	767.0	24788.2	-0.110
AGGAC	468.0	15378.7	-0.107
TCCTG	671.0	23577.1	-0.106
ACATA	717.0	23054.5	-0.105
CTATG	408.0	14566.3	-0.105
ATCAT	539.0	17965.3	-0.100
ACAGC	524.0	16863.1	-0.099
AACAT	720.0	23843.3	-0.099
GCTGG	692.0	24743.9	-0.096
CTAGA	438.0	14107.9	-0.094
ACTTC	426.0	15456.5	-0.093
ATCAC	336.0	11185.7	-0.089
TACTC	281.0	9393.1	-0.089
GGGTC	359.0	11979.0	-0.087
CCAGA	643.0	20027.3	-0.086
TCTGC	648.0	19937.3	-0.086
GTGAG	616.0	21893.5	-0.086
ATCAA	525.0	16403.1	-0.085
ATAAT	866.0	27795.6	-0.084
GGCAG	762.0	23351.8	-0.083
AGATC	336.0	12968.9	-0.081
TCAGC	401.0	15177.2	-0.081
ATTAT	814.0	27497.9	-0.081
TCCAA	503.0	15596.0	-0.078
TGCGC	183.0	7159.4	-0.078
CGGAG	289.0	9582.7	-0.078
AGTCA	524.0	16246.3	-0.077
AGGTA	477.0	15474.3	-0.077
GTATC	273.0	8951.3	-0.077
ACTCA	430.0	16766.4	-0.076
CTACA	475.0	14754.5	-0.076
CTCAA	501.0	15538.3	-0.075
GACAA	490.0	15221.8	-0.075
TGCTC	505.0	16951.4	-0.074
ACAGG	529.0	18493.7	-0.074
CAGTC	388.0	12708.9	-0.070
ACAAC	371.0	13325.7	-0.070
CTGCT	705.0	23367.4	-0.068
CAATC	258.0	8984.8	-0.067
AGCCC	485.0	15134.7	-0.064
GGACT	392.0	13582.0	-0.061
GCAGA	666.0	21444.2	-0.060
CCTCC	572.0	19511.2	-0.058
GATCC	291.0	9615.9	-0.057
CCACC	495.0	15491.9	-0.057
GTGTG	1480.0	62071.7	-0.056
AGGTC	383.0	12096.3	-0.054
CTCAT	456.0	15723.6	-0.054
GCAAC	225.0	9254.2	-0.054
TCCAG	628.0	20659.8	-0.052
CAACC	325.0	10324.7	-0.052
CTACG	84.0	2977.4	-0.051
GGTCT	453.0	14214.1	-0.051
ATATG	685.0	25235.9	-0.048
GGACC	319.0	11330.9	-0.046
CACAT	664.0	21047.8	-0.046
CGCGG	208.0	8069.7	-0.046
GCCAG	600.0	19084.2	-0.045
CTTCA	612.0	20325.4	-0.045
CAGAA	889.0	28922.6	-0.044
CTGCC	628.0	20593.4	-0.044
CTCGA	123.0	4184.3	-0.044
GGTGT	565.0	18107.1	-0.044
AGGAG	796.0	26032.0	-0.044
CAGGA	745.0	23160.2	-0.040
GATAT	416.0	15695.1	-0.040
GGGCT	533.0	18798.1	-0.039
CAGCC	623.0	19476.1	-0.038
CAGCT	616.0	20274.0	-0.037
CACTG	612.0	19409.0	-0.035
GCTAC	294.0	9470.3	-0.035
CTGTG	947.0	29332.6	-0.034
CAGCA	727.0	23074.0	-0.034
GAGCC	515.0	16271.3	-0.033
CTCGG	240.0	7833.0	-0.033
CTGGG	669.0	26926.0	-0.033
TGCCA	520.0	17318.1	-0.030
GTCCT	483.0	15310.8	-0.030
TGAGT	761.0	23749.3	-0.029
TCTGG	695.0	22008.8	-0.028
CAGGG	592.0	21775.5	-0.027
CCTCA	487.0	15447.9	-0.027
TATCA	470.0	14952.8	-0.026
CCACT	443.0	14168.3	-0.023
AATAT	955.0	32987.7	-0.020
CCACA	523.0	17491.8	-0.020
CTCCA	565.0	17976.9	-0.018
TCTCA	608.0	19678.1	-0.015
TACAA	518.0	17796.7	-0.014
TCCCA	526.0	19113.0	-0.014
ACAAT	531.0	17249.8	-0.014
CCGCA	125.0	5479.0	-0.014
CACAA	540.0	17525.4	-0.013
CTGGA	609.0	23673.8	-0.012
CCTCG	194.0	6618.7	-0.010
CTCTG	830.0	27109.7	-0.008
GGCTG	629.0	24510.4	-0.007
GTCTC	413.0	14515.6	-0.007
CCCTG	642.0	21189.7	-0.007
ACTCC	341.0	11349.3	-0.006
ACATC	382.0	12625.7	-0.006
AGGCT	584.0	19250.4	-0.006
GTCAC	333.0	11101.5	-0.005
CACAG	618.0	22287.9	-0.004
CTGAG	790.0	25415.8	-0.003
GTGTC	452.0	14965.9	-0.003
TCCAC	366.0	12800.3	-0.003
CGCTG	196.0	8422.0	-0.002
GCTCC	341.0	14833.7	-0.002
TCCGC	145.0	5497.0	-0.002
CAGCG	197.0	8381.5	-0.002
GCGAC	112.0	4225.2	-0.001
GCGGC	329.0	11256.7	-0.001
CTCCT	543.0	20119.4	-0.001
CGCAG	199.0	8002.9	-0.001
TCAGG	534.0	17786.0	-0.001
TCACA	545.0	18057.0	-0.001
CTAGG	334.0	12286.9	-0.001
CTCCG	194.0	7602.3	-0.001
GCCTC	440.0	16620.1	-0.001
GTGCG	207.0	7874.3	-0.001
CCAGC	595.0	19704.7	-0.001
TCCTC	466.0	18103.2	-0.001
GCACC	304.0	10724.6	-0.001
CCAGG	645.0	22531.6	-0.001
CTGCG	243.0	8714.2	-0.000
CCACG	158.0	6268.6	-0.000
CTCAG	588.0	21753.4	-0.000
CCGCG	178.0	7213.0	-0.000
GCTGC	525.0	20970.6	-0.000
GCCGC	244.0	9785.2	-0.000
GGGAC	371.0	14475.3	-0.000
CCCAG	649.0	22566.5	-0.000
GCCAC	345.0	12970.7	-0.000
