OligoSequence	Target Occurences	Background Occurences	Enrichment(ln p, up to 2 mismatches)
GCCTC	3084.0	36200.3	-222.329
GCGAT	670.0	5764.6	-159.974
TCAAG	1726.0	20819.6	-135.573
AAGCG	499.0	4337.4	-119.948
GCTCA	1759.0	21960.6	-119.803
CCTCC	3015.0	40943.8	-116.146
CAAGC	1206.0	14403.3	-106.211
AGCGA	488.0	4554.8	-99.801
CTCAG	2163.0	29357.4	-94.651
TCCTG	2512.0	35302.5	-86.538
TCAGC	1757.0	23628.0	-85.387
CGATT	468.0	4620.0	-84.034
CGATC	470.0	4697.2	-81.188
AGCCT	1880.0	25906.7	-78.971
CAGCC	1745.0	24241.1	-71.484
CCTCA	1907.0	26814.8	-71.458
ACCTC	1665.0	23241.4	-67.477
AGTGC	1503.0	20952.9	-62.882
AAGTG	1558.0	21836.2	-62.654
GGTTC	1068.0	14159.8	-61.970
CTCAC	1686.0	23918.5	-61.852
GATTC	1126.0	15150.9	-60.329
GGCTC	1256.0	17276.4	-58.533
TCACT	1992.0	29528.3	-52.809
CTCCT	2458.0	37694.1	-47.474
TTTTA	4918.0	79050.8	-43.222
TGATC	1226.0	17824.7	-41.991
GATCT	1223.0	17774.2	-41.728
GTGAT	1343.0	19890.6	-39.931
CCGCC	498.0	8170.5	-39.870
CTGCC	1714.0	26133.4	-39.013
TTTTT	25947.0	321157.1	-38.034
CAAGT	1150.0	16964.5	-36.383
GTTCA	1284.0	19282.0	-35.101
GGAGT	1496.0	22881.2	-34.331
ACTGC	1278.0	19243.4	-34.121
GCAGT	1263.0	19026.5	-33.642
ATTTT	5966.0	98720.1	-32.866
CTCCC	2068.0	32716.3	-32.836
CTCAA	1309.0	19894.8	-32.693
GCAAC	826.0	11866.6	-32.677
TGCCT	2076.0	33029.6	-31.100
CACTG	1582.0	24658.7	-30.814
GCGTC	86.0	1814.7	-30.286
GTGCA	1252.0	19160.8	-29.752
TTCAA	1735.0	27423.9	-29.236
TCGGC	467.0	6270.7	-28.884
CAACC	905.0	13436.9	-28.581
GAGTG	1204.0	18454.3	-28.532
GCCGC	76.0	2244.8	-28.026
CTGGG	1883.0	30227.7	-26.843
GACTC	465.0	8946.0	-25.962
TCACG	195.0	4143.2	-25.772
GCTGG	2075.0	33816.5	-24.761
TCCCG	524.0	7410.1	-24.407
CTTTT	4459.0	75529.8	-23.055
CGCCT	552.0	8525.5	-23.040
AACCT	1138.0	17848.5	-22.973
CTCGG	489.0	7437.3	-22.780
TTTTG	4833.0	82095.4	-22.779
CCTCG	314.0	5710.9	-21.803
CTCCG	400.0	5811.4	-21.143
GGGTT	1215.0	19360.7	-21.079
AGTGG	1188.0	18926.8	-20.729
TGGAG	1629.0	26610.5	-20.438
CCTGC	1324.0	21304.6	-20.390
TCCCA	1706.0	27962.8	-20.333
GTTTT	3539.0	60188.3	-20.171
ACGAT	226.0	2852.6	-19.841
GATCC	661.0	9985.3	-19.820
AAGCA	1058.0	16776.3	-19.657
TCCGC	375.0	5274.0	-18.842
GCAAT	920.0	14542.2	-18.145
AGTGA	1190.0	19233.7	-18.086
CCCCA	692.0	14884.5	-17.293
CGCCC	326.0	7593.5	-17.293
AAAGC	704.0	13618.9	-17.293
GCGCA	147.0	2457.8	-17.293
CGCAG	125.0	2472.3	-17.293
GGACT	615.0	11358.7	-17.293
ACTGG	625.0	11936.0	-17.293
TGGAC	430.0	8507.2	-17.293
CACCC	817.0	15361.1	-17.293
CCTTT	1703.0	35264.8	-17.293
TTTGC	1339.0	29488.6	-17.293
TGCCA	865.0	18383.2	-17.293
TGTTT	3140.0	60266.8	-17.293
TTTTC	4247.0	73593.9	-17.293
TTTCT	3757.0	83254.2	-17.293
TTCTG	1672.0	34338.7	-17.293
GCCTG	859.0	20018.6	-17.293
CCTGA	1033.0	20251.0	-17.293
CTGAC	635.0	12958.6	-17.293
ACTCA	650.0	13356.2	-17.293
CAAAC	674.0	12985.4	-17.293
AGATC	495.0	10320.1	-17.293
GATCA	564.0	10525.5	-17.293
TTTAA	2754.0	49321.3	-17.293
AAAAA	2821.0	58547.7	-17.293
AAATT	1725.0	34867.0	-17.293
AATTT	2586.0	52330.3	-17.293
ATTTC	1317.0	33520.0	-17.293
TTTCC	1850.0	39316.3	-17.293
TGAGC	923.0	17019.1	-17.293
GAGCT	589.0	11533.8	-17.293
GCTGC	521.0	12806.2	-17.293
ACAGC	546.0	10731.3	-17.293
CAGCT	1110.0	21539.2	-17.293
GCTCC	451.0	10933.0	-17.293
TCCTC	1146.0	23086.8	-17.293
CTCTT	1447.0	33214.6	-17.293
GCCCC	387.0	8341.3	-17.293
CTGGC	834.0	17355.6	-17.293
CCCCG	169.0	3492.8	-17.293
CCGCG	56.0	1534.5	-17.293
CGCTG	150.0	3301.1	-17.293
TAATT	1645.0	35802.6	-17.293
ATTAT	1365.0	26319.8	-17.293
TTATT	3148.0	60083.5	-17.293
TATTT	3867.0	73324.6	-17.293
TTTGT	3214.0	64092.2	-17.293
TTGTT	2753.0	52959.7	-17.293
TTTGA	2395.0	43118.6	-17.293
TGATT	1453.0	27845.9	-17.293
GATTT	1572.0	30359.3	-17.293
TTCTT	3186.0	70096.5	-17.293
CTGAG	1094.0	20882.6	-17.293
TGGCC	856.0	17296.1	-17.293
CCCGG	436.0	7255.5	-17.293
CCGGC	202.0	4700.3	-17.293
CGGCC	269.0	4733.0	-17.293
GGCCT	862.0	15537.2	-17.293
CGTCC	97.0	2182.3	-17.293
TCCAG	802.0	18957.9	-17.293
AGCCG	112.0	2603.6	-17.293
CGTGC	183.0	3403.3	-17.293
CAGAC	514.0	10029.3	-17.293
GACCT	641.0	11834.2	-17.293
CCTAG	470.0	9606.7	-17.293
TAGTG	540.0	10971.6	-17.293
GTGCC	571.0	11857.5	-17.293
TGCCG	121.0	2659.0	-17.293
TGACC	639.0	11948.6	-17.293
CTCGT	174.0	3639.1	-17.293
TCGTG	202.0	3631.3	-17.293
GCCAC	788.0	16312.9	-17.293
CACCG	188.0	4182.4	-17.293
ACCGC	139.0	2686.6	-17.293
CCGCA	127.0	2534.1	-17.293
CATGC	680.0	14158.3	-17.293
TCTTT	3415.0	74728.8	-17.293
CTTTG	1327.0	31275.8	-17.293
AACCG	85.0	1578.5	-17.293
CGCAA	140.0	2213.2	-17.293
CCAAG	736.0	14159.6	-17.293
AGCAT	656.0	14167.7	-17.293
GCATC	390.0	8592.6	-17.293
GGGGT	514.0	11184.4	-17.293
GCCTA	384.0	8255.8	-17.293
CCTAC	387.0	7644.9	-17.293
ACTTT	1750.0	33153.7	-17.293
CTTTA	1131.0	26098.4	-17.293
CACGT	180.0	3854.5	-17.293
GCTTC	691.0	13986.6	-17.293
TTCGA	152.0	2616.6	-17.293
TCTCT	1439.0	41345.9	-17.293
GCAAG	462.0	9986.6	-17.293
AAGCT	809.0	15018.4	-17.293
CACGC	239.0	5455.8	-17.293
TTCTC	1961.0	38946.2	-17.293
AACTC	848.0	15833.8	-17.293
ACTCC	777.0	15404.8	-17.293
CGACC	94.0	1673.4	-17.293
TCAGG	830.0	16745.0	-17.293
AACTG	698.0	13931.8	-17.293
TTTAT	3141.0	61082.6	-17.293
AGAGT	818.0	16451.9	-17.293
CTCCA	859.0	20331.6	-17.293
TCAAC	499.0	9905.8	-17.293
TCCGA	114.0	1960.8	-17.293
CGAGC	94.0	1731.5	-17.293
ACTAC	485.0	9163.3	-17.293
TTTAG	1337.0	29187.8	-17.293
TTCAG	1165.0	23995.8	-17.293
ATGTT	1374.0	27299.9	-17.293
TGAAC	692.0	13053.4	-17.293
CCAGC	708.0	18990.2	-17.293
TCACA	788.0	16437.0	-17.293
TTATA	1153.0	23348.3	-17.293
GAGCG	106.0	2118.1	-17.293
CTCGC	247.0	4555.2	-17.293
CACAG	778.0	15428.2	-17.293
TTCCT	1723.0	40458.0	-17.293
CTCAT	858.0	18372.2	-17.293
GTCGC	182.0	3379.4	-17.293
GTGAC	468.0	8621.3	-17.293
GCTGA	700.0	14473.5	-17.293
TGACT	817.0	15729.0	-17.293
GAGAT	968.0	18723.2	-17.293
GAGTC	715.0	13260.2	-17.293
TCAGA	874.0	17495.5	-17.293
TCACC	985.0	18217.7	-17.293
CAAGG	497.0	10771.9	-17.293
TAGCG	74.0	1465.3	-17.293
GGCTT	728.0	15277.7	-17.293
TCAGT	927.0	19109.1	-17.293
TCATG	853.0	17048.4	-17.293
AGCGC	90.0	1881.0	-17.293
CGCGA	111.0	1592.4	-17.293
CAACT	583.0	11749.8	-17.293
GATCG	88.0	1801.1	-17.293
TCGAG	140.0	2543.6	-17.293
CCGAA	118.0	2024.7	-17.293
GAAGT	697.0	13973.4	-17.293
GGATC	345.0	7287.9	-17.293
TTTCA	2065.0	43999.2	-17.293
CATTT	2163.0	44651.1	-17.293
TGAAG	975.0	18003.9	-17.293
CGTCA	110.0	2232.2	-17.293
GTACA	454.0	8788.9	-17.293
AGCTT	920.0	18074.7	-17.293
TGGAA	1035.0	19294.6	-17.293
AAGCC	532.0	10555.7	-17.293
CTCGA	198.0	4325.3	-17.293
TACTG	732.0	13098.6	-17.293
AGTTT	1665.0	36211.4	-17.293
GTGAA	613.0	13972.0	-17.293
CTTCT	1296.0	31741.2	-17.293
TAAGC	508.0	8377.5	-17.293
CTGAA	990.0	18598.9	-17.293
GGAAT	728.0	13521.9	-17.293
ATTGT	1012.0	20421.8	-17.293
ACTGA	734.0	13908.9	-17.293
ATATT	1422.0	30959.8	-17.293
GCGAC	55.0	1374.9	-17.293
AATCG	92.0	1961.0	-17.293
ATTTG	1354.0	31181.1	-17.293
TCGGA	104.0	1779.7	-17.293
CGGAT	93.0	1758.1	-17.293
CGGTT	104.0	2472.6	-17.293
CTACC	443.0	8082.3	-17.293
GAATC	488.0	9468.9	-17.293
CATCC	473.0	11672.7	-17.293
TAGCC	457.0	9272.9	-17.293
ATTTA	1561.0	37450.0	-17.293
CTAGG	483.0	9351.7	-17.293
CTAAG	483.0	9334.6	-17.293
GCACT	490.0	10905.5	-17.293
TCGCA	92.0	1825.1	-17.293
AGACT	759.0	13598.5	-17.293
CCTAA	532.0	10572.7	-17.293
ACCTG	681.0	14331.8	-17.293
CGACT	102.0	1803.4	-17.293
TAAAG	902.0	16697.9	-17.293
CGAGT	234.0	3856.2	-17.293
GCGTT	138.0	2430.7	-17.293
TCGCG	26.0	773.1	-17.293
CGCGT	41.0	771.8	-17.293
AGCGT	120.0	2402.0	-17.293
TACGA	81.0	1515.8	-17.293
GGTCA	443.0	8800.0	-17.293
CTGCG	157.0	3355.4	-17.293
CCGAT	72.0	1546.4	-17.293
GCGGT	101.0	2109.4	-17.293
GGTAC	246.0	5055.6	-17.293
CGGTC	74.0	1540.8	-17.293
CAGCG	117.0	2873.5	-17.293
TCCGG	131.0	2473.1	-17.293
ACGGC	80.0	1658.5	-17.293
AACGT	167.0	2939.8	-17.293
TACCG	89.0	1445.8	-17.293
ACCGA	103.0	1626.7	-17.293
GCGCT	90.0	2149.0	-17.293
ACGTG	161.0	3690.6	-17.293
CACGG	112.0	2668.5	-17.293
GCTCG	81.0	2108.9	-17.293
GGTCT	1029.0	16647.5	-16.093
TGCAA	1378.0	22776.0	-16.001
ATTCT	1963.0	33216.5	-15.540
CCTGG	1530.0	25533.2	-15.521
CAGGC	1767.0	29727.2	-15.500
CCCAG	1846.0	31145.4	-15.457
TGCAG	1503.0	25217.3	-14.463
GGGCT	731.0	11660.3	-14.021
CGGGT	279.0	3975.6	-13.771
CACGA	211.0	2902.4	-12.982
TCTTG	1796.0	30757.8	-12.568
TCTCA	1718.0	29451.9	-12.009
CCGGG	345.0	5188.9	-11.997
CACCT	1169.0	19668.5	-11.770
GTTGC	842.0	13890.8	-11.453
TCTCG	619.0	9968.7	-11.378
CAGTG	1401.0	23908.1	-11.228
CTGGA	1479.0	25341.9	-10.904
CCCAA	1052.0	17719.9	-10.790
GGGTC	493.0	7842.7	-10.636
TGGCA	973.0	16419.4	-9.980
GTCAC	693.0	11415.3	-9.940
TTGAA	1533.0	26521.3	-9.813
CTGCA	1436.0	24776.5	-9.806
GTCTC	1341.0	23081.4	-9.625
AGGCT	1528.0	26487.7	-9.570
ATCCT	1008.0	17158.0	-9.208
CCAGG	1637.0	28526.6	-9.169
AACTT	1188.0	20420.6	-9.124
CAGGT	1071.0	18340.3	-8.865
GGATT	1282.0	22161.9	-8.824
TACAG	1251.0	21635.1	-8.678
GTAGC	741.0	12460.3	-8.427
GTGCT	938.0	16037.8	-8.221
CGGCT	428.0	6933.8	-8.153
CAATC	649.0	10863.6	-8.035
ACGGA	247.0	3791.5	-8.030
TAAGA	810.0	13804.1	-7.757
ATCTT	1484.0	26068.3	-7.682
CCAAA	1124.0	19514.8	-7.615
CCCCC	595.0	9954.5	-7.588
GAAAT	1184.0	20674.5	-7.303
TGCGA	182.0	2728.4	-7.210
TTAAA	2053.0	36667.2	-7.008
AATCT	1126.0	19707.2	-6.849
CCACC	1378.0	24323.9	-6.730
GCACG	205.0	3167.6	-6.588
TGGGT	954.0	16611.5	-6.586
GGCAT	755.0	12989.6	-6.583
AGTCT	1237.0	21794.6	-6.575
AAACT	1179.0	20730.0	-6.531
TTGCC	1222.0	21553.7	-6.410
TGGGC	766.0	13223.9	-6.360
AAAGT	1341.0	23733.3	-6.348
GGGAT	953.0	16637.1	-6.323
GCCCA	1078.0	18987.7	-5.959
CCCGA	258.0	4146.7	-5.922
CACTA	524.0	8910.5	-5.888
GAGTA	718.0	12445.7	-5.733
TGCCC	1055.0	18634.2	-5.689
TGGCG	312.0	5139.1	-5.517
TGTCG	259.0	4209.0	-5.455
GATTA	1037.0	18360.1	-5.392
CTTGA	1051.0	18627.7	-5.381
GGCGT	295.0	4875.8	-5.281
ACAGT	842.0	14812.5	-5.244
TTGAC	705.0	12324.9	-5.162
TTAAG	980.0	17364.1	-5.145
TGGGA	1432.0	25826.6	-4.734
ACAGG	1205.0	21643.3	-4.625
CGGAG	270.0	4484.5	-4.625
TGTTG	1644.0	29820.3	-4.563
ATCTC	1234.0	22213.3	-4.484
TTTCG	309.0	5218.9	-4.471
CAGTC	663.0	11663.6	-4.468
AGCAA	880.0	15668.6	-4.438
CGTGA	338.0	5735.3	-4.414
GTGGC	835.0	14859.8	-4.348
AGCTC	886.0	15830.1	-4.230
TAGGC	444.0	7695.7	-4.201
TTGAG	1546.0	28114.1	-4.197
TGAAA	1388.0	25227.4	-3.966
GAACT	777.0	13888.8	-3.897
GTGCG	187.0	3086.3	-3.855
TGGTC	801.0	14368.7	-3.783
ATCGA	102.0	1597.7	-3.668
ATACT	683.0	12201.3	-3.646
TCGAC	91.0	1406.8	-3.606
GCGTG	319.0	5510.2	-3.592
TAACG	110.0	1752.8	-3.530
TGAGA	1495.0	27388.2	-3.484
ACTGT	942.0	17065.6	-3.420
CCGAG	292.0	5046.9	-3.378
TTCCG	192.0	3242.3	-3.273
GTAAC	386.0	6785.5	-3.266
AAATG	1381.0	25435.0	-3.029
GACTA	484.0	8662.3	-2.953
GAATA	716.0	12993.8	-2.924
TCGCC	283.0	4975.2	-2.797
AACGG	104.0	1708.2	-2.757
TTGGA	1010.0	18539.3	-2.746
CTTGG	1064.0	19600.8	-2.655
TAGCT	1043.0	19233.8	-2.575
GGCAC	552.0	10004.0	-2.568
CGAAT	124.0	2104.3	-2.502
GTCGA	70.0	1135.6	-2.421
CTTAG	667.0	12214.2	-2.409
AGATG	1039.0	19218.1	-2.406
GCTAG	407.0	7345.9	-2.367
GTCGT	103.0	1728.2	-2.350
AAACG	177.0	3090.8	-2.347
CTGGT	927.0	17128.0	-2.346
ACGAA	119.0	2027.8	-2.341
AGTTG	746.0	13723.2	-2.334
ATAGC	470.0	8524.0	-2.329
TACCA	570.0	10416.8	-2.301
AAGTA	828.0	15310.0	-2.204
ACTCT	1002.0	18588.2	-2.186
AAAAC	1065.0	19798.6	-2.177
CATCG	115.0	1971.5	-2.175
TCTCC	1571.0	29382.8	-2.170
GCAGC	623.0	11442.4	-2.158
CATGA	833.0	15424.9	-2.140
ATAGG	480.0	8766.0	-2.122
TGAGT	989.0	18368.4	-2.121
ACTAT	621.0	11434.0	-2.106
ATGGA	828.0	15344.9	-2.103
GAATT	1089.0	20286.5	-2.080
ATTAC	974.0	18104.2	-2.046
AGTAC	415.0	7564.7	-2.039
GCCTT	991.0	18449.6	-2.035
CAGAT	828.0	15373.3	-2.019
TGCTG	1345.0	25168.5	-1.991
TGTAG	794.0	14745.0	-1.952
TTCGC	168.0	2974.9	-1.944
GCATG	716.0	13278.2	-1.944
TTTAC	1187.0	22197.3	-1.944
TTACT	1113.0	20807.8	-1.916
TGACA	723.0	13430.3	-1.899
CGGAA	122.0	2138.8	-1.886
ATGAT	939.0	17519.4	-1.871
GACTT	773.0	14380.2	-1.869
GCGCG	124.0	2180.1	-1.862
GACTG	568.0	10511.2	-1.815
CAAAG	1033.0	19342.8	-1.778
CCCAC	777.0	14483.4	-1.777
AAGAT	848.0	15845.6	-1.760
AGTAT	717.0	13366.5	-1.754
CCGGA	120.0	2122.3	-1.724
ACGCG	45.0	739.2	-1.703
TTGGC	1063.0	19981.7	-1.632
AAATC	852.0	15985.1	-1.591
TTACA	1314.0	24783.7	-1.587
AATGG	815.0	15285.6	-1.575
TTACC	579.0	10811.5	-1.565
GTACC	292.0	5374.8	-1.547
GTCTT	1304.0	24643.1	-1.502
GGGAC	482.0	8987.2	-1.490
AATAC	627.0	11757.0	-1.466
CGTTT	308.0	5700.8	-1.466
CAGTA	609.0	11404.6	-1.454
AAACA	1155.0	21820.3	-1.449
TGACG	111.0	1994.7	-1.419
ACCCA	795.0	14989.5	-1.390
TGCTC	800.0	17197.9	-1.383
TGGCT	1182.0	24724.4	-1.382
GACAA	506.0	9481.5	-1.369
TATAG	640.0	12049.2	-1.347
ACCTA	410.0	8116.3	-1.316
ACAAG	543.0	10645.8	-1.307
AGTGT	821.0	16016.2	-1.297
ACTTC	802.0	15149.1	-1.296
TTCTA	1031.0	23247.5	-1.295
CTTTC	1308.0	38343.1	-1.295
TCATT	1505.0	31353.2	-1.295
TTAAT	1377.0	29638.5	-1.295
AGCGG	96.0	1949.5	-1.259
GATGA	654.0	12362.6	-1.246
AATGC	618.0	12502.6	-1.233
AGTCG	91.0	1649.7	-1.204
CGAAC	116.0	2330.4	-1.201
GGCTG	1388.0	26426.5	-1.195
GAAAC	672.0	12724.1	-1.194
ATGAA	993.0	18864.0	-1.192
TTAGC	615.0	12864.0	-1.192
TCAAA	1125.0	22497.8	-1.184
ACTCG	89.0	2141.9	-1.167
CAATG	596.0	12514.9	-1.160
CCCTG	738.0	16395.4	-1.146
ATCGG	74.0	1344.1	-1.135
GGTTT	1271.0	27733.9	-1.125
CTGCT	955.0	21048.0	-1.121
GGCGC	248.0	4906.3	-1.117
ACGTT	194.0	3626.2	-1.103
GTGTT	1012.0	19991.3	-1.097
TATTG	896.0	19041.4	-1.094
GATAC	345.0	6515.1	-1.085
GAACC	301.0	7049.9	-1.084
GAAAA	1305.0	24935.5	-1.078
TCTGC	1143.0	21973.9	-1.073
GCAGG	449.0	11540.1	-1.062
CTCTG	1693.0	32402.9	-1.054
ACTTG	745.0	14204.8	-1.034
TGTCT	1101.0	27172.9	-1.034
TTTGG	1534.0	32012.1	-1.034
TCTTA	1011.0	19889.0	-1.034
TACAA	649.0	13755.2	-1.031
AGTAA	683.0	13010.3	-1.024
TTCAC	1014.0	21195.8	-1.023
GGTGC	515.0	9921.6	-1.016
CGCAC	91.0	2148.5	-1.011
CGTAA	98.0	1810.7	-1.007
GTTAC	426.0	8087.5	-1.005
ACGTC	101.0	2009.6	-0.998
GAACA	574.0	10930.2	-0.988
CAAGA	613.0	13417.2	-0.984
GAGTT	881.0	17304.8	-0.983
TGTGA	1088.0	20823.1	-0.979
TCGTA	96.0	1779.2	-0.962
TTACG	127.0	2389.2	-0.959
TAGAG	798.0	15916.2	-0.956
CGAAA	114.0	2229.4	-0.950
CTAAC	323.0	7066.4	-0.949
AATAG	686.0	13123.7	-0.939
TCTAG	542.0	12258.0	-0.938
TAGGA	579.0	11065.9	-0.938
GCTAA	629.0	13029.4	-0.935
TCTGG	879.0	18915.5	-0.930
TAACT	722.0	14178.4	-0.930
TTAGA	871.0	16678.4	-0.926
ACACT	558.0	12082.1	-0.923
CGATG	97.0	2016.7	-0.915
CTTGC	880.0	16858.0	-0.908
CGTTG	138.0	2598.4	-0.907
CATTG	823.0	15783.6	-0.902
TCCAC	760.0	14565.5	-0.889
TGCGC	106.0	2579.6	-0.888
TGTTA	899.0	19245.2	-0.881
ACTAA	530.0	10140.8	-0.879
ATCTG	867.0	16638.8	-0.875
AGCCA	888.0	18382.2	-0.873
TCCAA	660.0	14607.8	-0.871
GTTGA	610.0	12660.7	-0.869
TGTTC	840.0	19176.6	-0.868
TCGAT	133.0	2509.9	-0.864
CTAGC	320.0	7076.2	-0.860
AGAAT	1011.0	19424.1	-0.853
TTGCA	943.0	20181.0	-0.838
ATCAG	650.0	12471.1	-0.835
ATGCT	699.0	15386.5	-0.835
GCATT	832.0	16625.8	-0.833
ATCAC	568.0	11853.3	-0.826
AACAG	709.0	13624.5	-0.826
AGCTG	1117.0	21504.6	-0.822
TTGCG	113.0	2370.6	-0.817
GTAGT	477.0	10182.5	-0.815
TCCTT	1398.0	35123.4	-0.814
AACTA	542.0	10421.7	-0.805
GCTTA	543.0	10422.8	-0.803
TCTGA	1042.0	20068.9	-0.796
GGAAA	922.0	17761.7	-0.793
GGTCC	256.0	5690.6	-0.789
GGAAC	377.0	7322.8	-0.781
TTCGG	130.0	2470.2	-0.777
GCACA	541.0	11090.3	-0.766
TTGTA	1299.0	26281.0	-0.762
TAAAC	644.0	12402.6	-0.759
TAGAA	854.0	16475.4	-0.759
AGATT	1068.0	20605.0	-0.757
CGTGG	163.0	3417.8	-0.751
ACCCT	483.0	11122.9	-0.750
AACAT	897.0	17310.1	-0.741
TCAAT	590.0	14625.1	-0.739
GACAG	793.0	15298.7	-0.735
AAGTC	512.0	11804.1	-0.733
CTAAA	732.0	14672.5	-0.733
TCGAA	160.0	3251.8	-0.731
AGCTA	615.0	11875.0	-0.730
CTTAC	538.0	10374.5	-0.728
GTCCT	553.0	11765.1	-0.726
GTAAT	615.0	13032.2	-0.725
TGCAC	522.0	11537.0	-0.718
ATTCG	108.0	2069.5	-0.714
GTTCT	841.0	18420.4	-0.695
TAATG	771.0	14903.8	-0.692
CTTAA	830.0	16170.3	-0.691
ATGGC	593.0	11472.0	-0.687
AACGA	104.0	2042.9	-0.686
ACCTT	847.0	16387.3	-0.681
GAAGC	484.0	10315.9	-0.678
TCGCT	274.0	5293.0	-0.675
CAGGG	634.0	13605.1	-0.675
CCGTG	192.0	3709.5	-0.674
TATCG	81.0	1564.6	-0.670
AGGGT	617.0	11941.4	-0.659
ATGTA	781.0	15118.2	-0.655
TGTAA	955.0	18880.4	-0.649
ATCGT	123.0	2387.5	-0.643
TCCCC	672.0	15425.9	-0.638
TTCAT	1346.0	30402.5	-0.631
TCTTC	1201.0	28855.4	-0.631
CCAGA	740.0	14362.5	-0.627
GAGCC	662.0	12874.9	-0.622
CGTTA	103.0	1994.5	-0.619
ATGAC	473.0	9183.3	-0.614
ATCAA	527.0	11980.5	-0.611
GTATT	1148.0	22513.9	-0.611
ACTAG	355.0	6898.5	-0.610
GTTAT	618.0	13716.6	-0.603
ATTGC	688.0	14132.0	-0.602
CCGGT	78.0	1712.6	-0.597
GACGG	255.0	4952.4	-0.595
GAAGA	771.0	14976.6	-0.594
CGGGC	138.0	2729.3	-0.594
GACAT	535.0	10393.8	-0.586
TAACC	360.0	7738.2	-0.570
GCAAA	627.0	13602.1	-0.570
AAGTT	953.0	20221.1	-0.562
TAGAC	362.0	7056.5	-0.553
GATTG	535.0	11363.4	-0.544
TGATG	785.0	17380.2	-0.542
ATGCA	614.0	13423.9	-0.542
ACGAC	62.0	1216.5	-0.539
GTTGT	856.0	16678.3	-0.534
TTGTC	906.0	19577.2	-0.530
ACCAC	738.0	15215.2	-0.523
AAGAG	755.0	15071.5	-0.520
ATAGA	634.0	12387.7	-0.515
TATTA	1057.0	22669.5	-0.512
AATCA	763.0	14917.1	-0.495
CGATA	67.0	1327.8	-0.494
ACTTA	668.0	13051.9	-0.490
GTTTA	806.0	19263.3	-0.488
TTATC	733.0	16463.8	-0.484
ACGGT	94.0	2101.5	-0.482
AGGTG	827.0	16171.7	-0.482
GCTTT	1349.0	27990.7	-0.481
TTGAT	1067.0	23585.8	-0.481
TTGTG	1135.0	22781.8	-0.481
CGCTA	71.0	1411.7	-0.481
TAAAA	1747.0	34082.3	-0.475
CGGTA	63.0	1252.3	-0.475
TCCTA	683.0	13559.3	-0.471
TTAAC	692.0	13760.5	-0.471
GCCGT	94.0	1933.4	-0.463
CAGCA	625.0	16146.9	-0.458
TATGA	686.0	13450.8	-0.457
TGCGT	144.0	3027.4	-0.456
GTCAA	361.0	8565.0	-0.454
TACGG	68.0	1493.6	-0.449
TTATG	879.0	18322.6	-0.438
CTTGT	1009.0	20366.1	-0.432
GTTGG	706.0	13850.8	-0.428
ACATT	1157.0	22660.3	-0.428
CCCTC	570.0	16808.7	-0.427
CGCAT	94.0	1872.4	-0.424
CCACG	217.0	5047.5	-0.422
GAGCA	487.0	10791.2	-0.421
TGTAC	492.0	9692.0	-0.420
AACCA	542.0	12157.8	-0.417
AATGA	943.0	18491.9	-0.414
AATTG	811.0	16508.2	-0.411
ATCCG	121.0	2425.9	-0.409
CCACA	714.0	15068.8	-0.408
ATACG	85.0	1716.6	-0.405
CGGCA	98.0	1960.2	-0.403
AAATA	1564.0	30631.6	-0.396
ACGCT	102.0	2165.0	-0.394
TAGCA	556.0	10971.5	-0.388
GTGGA	552.0	11178.2	-0.388
TACTT	1038.0	20388.4	-0.385
GTTCG	82.0	1664.1	-0.380
GATAG	386.0	7643.6	-0.378
GAATG	653.0	13996.2	-0.372
TCGTT	197.0	3942.2	-0.372
CCAGT	639.0	14380.0	-0.370
AGAGC	502.0	10258.8	-0.370
GGACG	79.0	1610.5	-0.361
AAAAT	1998.0	39369.1	-0.361
TTGCT	1471.0	30236.8	-0.361
CGGGG	131.0	3887.8	-0.348
CTTCC	1067.0	26004.9	-0.347
TACCT	643.0	12712.0	-0.337
AGAAC	548.0	10862.6	-0.336
GTTTC	1102.0	26312.9	-0.336
TTGGG	876.0	17287.8	-0.330
GTAAA	707.0	13980.7	-0.327
GTCGG	66.0	1361.5	-0.316
CAAAT	984.0	19476.0	-0.315
GAACG	84.0	1730.6	-0.312
TCCGT	158.0	3189.8	-0.312
GACGT	98.0	1998.0	-0.311
TAACA	660.0	13093.9	-0.307
CAGAG	827.0	19249.4	-0.303
AGAGA	1132.0	23474.5	-0.296
GCTGT	699.0	15180.2	-0.295
TGCAT	837.0	18007.4	-0.294
CTGTT	1375.0	28108.6	-0.294
GTCAT	611.0	12138.2	-0.293
ACCGT	109.0	2772.5	-0.290
GTCAG	449.0	11216.2	-0.289
CTATT	905.0	19300.1	-0.288
GTGTA	534.0	10643.4	-0.288
AGCAG	732.0	14525.9	-0.288
GATGG	808.0	16011.7	-0.285
CGCTC	221.0	4457.6	-0.283
TGATA	698.0	14251.0	-0.281
AGACA	950.0	18822.7	-0.278
ACACG	124.0	2552.4	-0.269
GTGGT	750.0	15379.0	-0.269
AGACG	283.0	5715.8	-0.266
CGGAC	57.0	1195.3	-0.266
CATGG	569.0	12198.6	-0.266
TGCTT	1323.0	27936.5	-0.265
CACAA	617.0	12871.9	-0.262
GTACT	401.0	8053.3	-0.259
CTGAT	799.0	16286.8	-0.255
ACAAC	420.0	8431.5	-0.254
GTAAG	421.0	8455.1	-0.252
GATGC	337.0	8127.9	-0.252
CGTAT	105.0	2170.5	-0.251
TACCC	360.0	7240.3	-0.245
AAACC	560.0	12317.1	-0.240
ATTGA	795.0	16170.9	-0.240
GACGC	63.0	1330.6	-0.238
GACGA	72.0	1518.5	-0.235
ATCAT	831.0	16547.3	-0.235
GCTTG	542.0	12172.0	-0.234
AATGT	1025.0	20614.3	-0.233
CTGTC	1020.0	20265.4	-0.232
AACGC	73.0	1542.3	-0.227
TGTCA	996.0	19816.5	-0.227
TGGTT	1007.0	21863.8	-0.226
TCATC	630.0	14836.3	-0.224
TAAGT	670.0	14497.9	-0.221
ATGAG	710.0	14197.0	-0.220
CATAC	371.0	7483.1	-0.220
CTTAT	784.0	17070.6	-0.220
TGGTG	876.0	19598.2	-0.218
AGGTT	883.0	17621.0	-0.210
AGGAT	637.0	14098.3	-0.206
CAGAA	956.0	19050.0	-0.206
GCTAT	481.0	9689.6	-0.205
TATTC	811.0	17890.5	-0.204
AAGGG	468.0	10537.0	-0.203
TACTC	490.0	9873.3	-0.201
ACAGA	944.0	18836.8	-0.199
AGTTC	653.0	14671.7	-0.199
ACATC	488.0	9932.6	-0.193
TATCT	843.0	18984.2	-0.191
GTCCG	66.0	1417.7	-0.189
CGCTT	154.0	3212.3	-0.186
CAGTT	1001.0	20448.6	-0.186
CACTT	958.0	20295.0	-0.186
CAACG	76.0	1647.4	-0.185
CGAAG	106.0	2233.6	-0.183
CTAGT	460.0	9296.9	-0.182
GAGAC	940.0	18797.8	-0.181
CCCGT	123.0	2589.6	-0.180
CTAGA	508.0	10386.0	-0.180
ACATG	621.0	13737.6	-0.177
GTCCC	308.0	8172.8	-0.175
ACCCG	140.0	2929.2	-0.174
ACGTA	102.0	2177.2	-0.173
CACAC	584.0	15085.6	-0.173
TACGC	48.0	1162.1	-0.171
GCGTA	56.0	1303.5	-0.170
AAGAA	1176.0	23482.7	-0.168
TGAAT	1084.0	21666.1	-0.168
ACCGG	60.0	1493.4	-0.167
AGAAA	1443.0	28751.9	-0.167
TTCGT	183.0	3799.3	-0.165
ATCGC	75.0	1961.5	-0.158
ATAAC	449.0	9134.0	-0.158
AAAAG	1152.0	23671.3	-0.156
CAATT	901.0	18587.0	-0.153
GATAT	523.0	12349.5	-0.148
AATAT	1137.0	24090.2	-0.148
CTTCA	1000.0	20186.1	-0.147
TCTAA	690.0	15341.3	-0.147
GCCAT	616.0	13054.3	-0.147
GGCCC	343.0	7327.2	-0.146
AACAA	842.0	16948.6	-0.144
GGAGC	350.0	8315.6	-0.143
CTGTA	822.0	16574.5	-0.142
CCTCT	1198.0	25754.9	-0.140
AGTAG	963.0	19491.3	-0.139
CGTGT	190.0	3974.6	-0.139
GCACC	390.0	8862.4	-0.138
CCAAC	358.0	9069.7	-0.137
ATAAG	539.0	10954.7	-0.136
AGGGC	329.0	7964.7	-0.136
ACAAT	681.0	14099.5	-0.134
AGTCA	568.0	12506.2	-0.132
CCTGT	891.0	18962.0	-0.131
TGGAT	778.0	15960.1	-0.131
CTGTG	1055.0	22423.2	-0.126
TGGGG	708.0	15243.0	-0.125
CCGTT	124.0	2661.5	-0.124
CAGGA	642.0	16693.4	-0.123
AAGGT	558.0	11355.6	-0.120
GCGAA	62.0	1588.6	-0.117
CTACT	512.0	11936.1	-0.117
CGGGA	90.0	2833.0	-0.117
CCGAC	64.0	1552.6	-0.116
GTTAA	580.0	12401.0	-0.109
AATTC	943.0	19051.4	-0.105
AAAGA	1103.0	23134.9	-0.104
CGTAG	74.0	1687.1	-0.103
GCATA	412.0	8513.2	-0.098
AGCCC	439.0	10069.1	-0.096
CCTTG	900.0	18235.8	-0.094
TGCTA	606.0	12403.8	-0.091
AAAGG	647.0	14896.6	-0.090
GCCGG	116.0	2532.3	-0.089
CAAAA	1163.0	23749.3	-0.084
CGTCG	22.0	538.5	-0.083
ATGGG	585.0	12114.7	-0.083
GGTCG	52.0	1196.5	-0.083
GGCAA	427.0	9389.8	-0.082
CATGT	912.0	19492.5	-0.081
AGGGA	592.0	12818.3	-0.080
GTATA	518.0	10685.7	-0.079
GCGGG	81.0	2683.0	-0.078
GTATC	375.0	7806.3	-0.078
TTGGT	947.0	21674.7	-0.078
GCTCT	880.0	19604.9	-0.078
ATTGG	576.0	12030.2	-0.074
TAATC	561.0	12633.6	-0.072
AGGCA	809.0	17394.1	-0.068
ATACA	685.0	14068.1	-0.066
AGTCC	370.0	9073.9	-0.066
CCGCT	127.0	2782.7	-0.066
TCTGT	1738.0	36156.9	-0.062
TGTGC	749.0	15910.6	-0.060
AGATA	661.0	13626.5	-0.058
TAGTT	862.0	19938.6	-0.058
GGTAT	409.0	9271.6	-0.057
TATAA	832.0	18260.5	-0.056
ACGCA	83.0	1898.9	-0.056
CGTAC	37.0	1098.3	-0.056
CTACA	594.0	12298.7	-0.055
GTTTG	954.0	24232.4	-0.055
TAAAT	1349.0	27372.6	-0.055
AAGAC	528.0	10962.8	-0.053
CTATG	519.0	10779.0	-0.053
GATAA	544.0	11290.7	-0.052
ACCAA	485.0	10433.1	-0.052
ATGCG	84.0	1974.9	-0.050
TGTGT	1254.0	30476.9	-0.050
GTGGG	522.0	11374.5	-0.050
GATGT	592.0	12472.4	-0.047
GAGAA	836.0	17179.6	-0.047
CATCA	610.0	13846.4	-0.045
AGGTC	409.0	8608.6	-0.045
CCCGC	218.0	4854.9	-0.044
TGGTA	577.0	12948.3	-0.044
ACCCC	393.0	8570.3	-0.044
GGCTA	498.0	10837.0	-0.043
AGGCG	278.0	6049.4	-0.043
CTTCG	132.0	2942.9	-0.041
CCTTA	591.0	12470.2	-0.040
TCGGG	94.0	2351.2	-0.040
ACCAT	795.0	16411.2	-0.040
ATAAA	1132.0	25204.2	-0.039
GAAAG	698.0	15615.0	-0.039
AATTA	1038.0	21719.8	-0.038
CATAG	465.0	9776.1	-0.038
TTCCC	1009.0	22803.1	-0.037
TTAGT	906.0	21193.7	-0.037
ATTCA	903.0	19592.7	-0.037
GGGCA	397.0	9443.4	-0.037
TGCGG	107.0	2442.9	-0.036
ACAAA	970.0	19928.3	-0.036
GGACA	408.0	8637.7	-0.034
CGCCG	38.0	1046.4	-0.034
TTCCA	1140.0	24943.4	-0.034
CATTA	676.0	14059.9	-0.032
CGGTG	128.0	2883.8	-0.032
TAGTC	390.0	8294.1	-0.031
CTCTC	815.0	25949.2	-0.031
CCGTA	62.0	1496.6	-0.029
CCCCT	595.0	13937.2	-0.029
GTACG	44.0	1169.1	-0.028
GTCCA	386.0	8498.0	-0.028
ATGCC	613.0	13213.1	-0.028
GACAC	311.0	7350.7	-0.027
TAAGG	446.0	9460.3	-0.026
AGTTA	639.0	13375.9	-0.026
ATTAA	929.0	19513.9	-0.025
TCGGT	96.0	2235.9	-0.025
ATAGT	588.0	12885.5	-0.024
ATGTG	812.0	17654.0	-0.024
CGACG	17.0	484.8	-0.023
TATAC	458.0	9735.1	-0.023
TATAT	1202.0	25454.2	-0.023
CATCT	907.0	19488.9	-0.022
ATCCC	398.0	10731.5	-0.021
CATAA	585.0	12332.6	-0.021
GACCG	54.0	1381.7	-0.021
TATCA	629.0	13506.8	-0.021
CCACT	737.0	16170.0	-0.020
ATAAT	945.0	20669.3	-0.020
AGCAC	464.0	10331.5	-0.020
GGTGT	641.0	13482.0	-0.020
AATAA	1103.0	24048.8	-0.019
CGAGA	123.0	3115.3	-0.019
TATGT	964.0	20198.0	-0.019
CACTC	707.0	14825.1	-0.018
CGGCG	33.0	916.6	-0.018
GGGTG	377.0	9897.6	-0.017
ACATA	629.0	13248.6	-0.017
GGTTA	394.0	8467.9	-0.017
GAGAG	622.0	13107.7	-0.017
GCTAC	275.0	6480.2	-0.017
GGTGG	503.0	13005.0	-0.017
TACTA	454.0	9709.3	-0.016
GGACC	238.0	5262.6	-0.016
TGTAT	1189.0	25290.4	-0.016
GCAGA	569.0	13011.9	-0.016
CTACG	57.0	1602.6	-0.014
ATGGT	637.0	14596.5	-0.014
AGAAG	816.0	17103.8	-0.014
TACGT	115.0	2707.0	-0.013
GTGAG	729.0	15397.7	-0.013
GTAGG	325.0	7092.3	-0.013
TAATA	819.0	17985.1	-0.013
ATACC	344.0	7502.4	-0.013
TAGAT	625.0	13834.0	-0.012
CGTTC	99.0	2366.3	-0.012
AACAC	484.0	10396.4	-0.011
GCGAG	65.0	2127.1	-0.011
ATCTA	515.0	11031.7	-0.011
GACCA	369.0	8284.6	-0.011
GTAGA	619.0	13861.7	-0.010
GTTAG	408.0	8858.8	-0.010
CTAAT	856.0	18005.8	-0.009
AATCC	569.0	12340.7	-0.009
GCGGC	78.0	1943.1	-0.009
GTGTC	483.0	11572.3	-0.008
CGCGG	31.0	1065.5	-0.008
CAATA	463.0	11380.4	-0.008
GCCCG	223.0	5036.6	-0.008
AGGAC	374.0	8186.9	-0.008
CTATA	488.0	10533.3	-0.008
GGTAA	393.0	8582.0	-0.007
GGATA	367.0	8570.0	-0.007
TCATA	666.0	14211.5	-0.007
TACAT	773.0	16398.4	-0.007
CGACA	62.0	1602.6	-0.007
CCTTC	809.0	22763.1	-0.006
ACCAG	476.0	11132.6	-0.006
AGGTA	454.0	9877.2	-0.006
GACCC	269.0	6035.0	-0.006
ATTAG	539.0	12882.2	-0.006
AAGGA	645.0	15368.1	-0.006
TAGTA	644.0	14327.8	-0.005
TGTGG	806.0	17427.9	-0.005
ACGGG	118.0	3266.8	-0.005
GGTGA	545.0	12130.2	-0.005
TAGGG	351.0	7793.1	-0.004
CGTCT	147.0	3697.0	-0.004
GGTTG	486.0	10965.5	-0.004
GCCGA	88.0	2409.6	-0.004
AGGAA	833.0	18445.1	-0.004
GGGAA	577.0	12515.0	-0.003
CCATG	798.0	17256.2	-0.003
TAGGT	473.0	11025.3	-0.003
ATATC	513.0	11211.0	-0.003
ATATG	678.0	14621.0	-0.003
TCGTC	86.0	2212.4	-0.003
ATTCC	701.0	15100.4	-0.003
CACAT	681.0	15470.4	-0.003
TCCCT	858.0	23608.6	-0.003
TTAGG	559.0	12388.4	-0.003
TACAC	363.0	8124.2	-0.002
CCGTC	104.0	2618.1	-0.002
CGCGC	67.0	1804.2	-0.002
GTTCC	451.0	10974.2	-0.002
GCGGA	71.0	1899.6	-0.002
AGAGG	556.0	13148.5	-0.002
AACCC	358.0	8946.8	-0.001
GGGCC	292.0	6842.8	-0.001
GCCAA	453.0	10073.9	-0.001
TCTAC	468.0	10659.4	-0.001
GGGTA	284.0	6557.7	-0.001
GTCTG	565.0	13694.2	-0.001
GGATG	468.0	10412.7	-0.001
GGTAG	339.0	7701.8	-0.001
TGTCC	584.0	12884.2	-0.001
CGCCA	213.0	5038.2	-0.001
GGGGG	304.0	6973.4	-0.001
TATGG	448.0	10025.3	-0.001
GGAGA	617.0	13971.0	-0.001
ACACA	623.0	16231.4	-0.001
GAGGC	396.0	12274.9	-0.001
AAGGC	403.0	9717.0	-0.001
CCCTA	348.0	7962.5	-0.001
ATCCA	601.0	13313.0	-0.001
CAACA	535.0	12434.0	-0.000
GGCGA	72.0	2000.4	-0.000
ACGCC	193.0	4709.6	-0.000
CCCAT	587.0	13420.4	-0.000
GGCAG	539.0	12839.4	-0.000
AGGAG	536.0	15055.8	-0.000
CCAAT	410.0	10062.9	-0.000
CTATC	354.0	8198.9	-0.000
TATCC	420.0	9602.7	-0.000
CCATA	408.0	9353.4	-0.000
GGCCG	105.0	2789.2	-0.000
CCTAT	439.0	10035.7	-0.000
TGAGG	656.0	15779.5	-0.000
CCATT	960.0	21611.9	-0.000
TATGC	373.0	9185.2	-0.000
ATATA	954.0	20897.1	-0.000
GAGGG	414.0	9529.6	-0.000
CATAT	699.0	15745.0	-0.000
CGAGG	107.0	2875.1	-0.000
ACACC	437.0	10115.8	-0.000
CACCA	1019.0	22346.6	-0.000
CATTC	795.0	17844.5	-0.000
TCTAT	725.0	17647.0	-0.000
ATGTC	533.0	12690.5	-0.000
GTATG	386.0	9125.8	-0.000
GTCTA	305.0	7896.7	-0.000
ACGAG	61.0	1885.6	-0.000
AGACC	358.0	8676.1	-0.000
GGCCA	506.0	12718.4	-0.000
AGGCC	399.0	9491.7	-0.000
GAGGT	463.0	11565.1	-0.000
GCGCC	148.0	4376.9	-0.000
GTGTG	883.0	21728.4	-0.000
GGGGC	274.0	6871.9	-0.000
GCCCT	479.0	11238.0	-0.000
CCATC	588.0	13591.8	-0.000
GCCAG	594.0	15045.5	-0.000
GGGAG	491.0	13142.9	-0.000
CTCTA	577.0	13721.9	-0.000
GAAGG	484.0	11810.8	-0.000
GGGCG	89.0	2857.6	-0.000
AGGGG	335.0	8745.3	-0.000
GGGGA	388.0	9823.0	-0.000
GAGGA	510.0	12580.9	-0.000
GGCGG	98.0	3183.7	-0.000
GGAAG	543.0	13740.5	-0.000
CCCTT	755.0	18772.4	-0.000
TCCAT	759.0	18948.1	-0.000
GGAGG	464.0	14095.0	-0.000
