OligoSequence	Target Occurences	Background Occurences	Enrichment(ln p, up to 2 mismatches)
AACGG	22.0	1901.0	-14.895
AACTT	120.0	24769.0	-10.731
CCAAC	51.0	8406.7	-10.535
CACGA	22.0	2546.3	-10.498
CGTGT	28.0	3636.3	-10.401
CCACG	25.0	3107.5	-9.785
CGTAA	18.0	1895.8	-9.672
CGGGT	22.0	2742.3	-9.470
AGAAG	104.0	21665.5	-9.424
CAACT	64.0	12176.6	-9.379
CGCTG	23.0	2785.1	-9.256
TGAGT	92.0	19140.1	-9.214
GCACA	58.0	10853.2	-8.881
GTGGC	66.0	12830.1	-8.719
TTAAG	102.0	21792.0	-8.690
AAAAA	289.0	70383.4	-8.371
GAGTT	94.0	20157.6	-8.269
AAGAT	91.0	19429.8	-8.226
ACACC	46.0	8226.3	-8.095
GGAAG	81.0	16948.5	-8.092
CTTTT	347.0	85892.2	-8.042
GACTT	79.0	16940.5	-7.560
TTGGA	98.0	21886.1	-7.520
AGGAC	47.0	8925.8	-7.189
ACCTA	45.0	8343.7	-7.167
TCCCG	26.0	4024.7	-7.086
TCGGG	17.0	2169.1	-7.063
GTCGG	13.0	1376.0	-6.925
AATCT	93.0	20839.4	-6.859
ATCTT	124.0	29319.5	-6.820
TGGCC	63.0	13259.1	-6.804
GGCAC	44.0	8534.3	-6.761
TGGCA	75.0	16552.7	-6.567
CGGAA	17.0	2282.8	-6.550
CCCCA	58.0	12125.1	-6.488
AAGGC	50.0	10222.9	-6.451
GAACG	15.0	1871.1	-6.441
TCAAC	50.0	10243.4	-6.411
TGCAG	96.0	22044.0	-6.370
TCGTA	15.0	1891.8	-6.342
GGACT	51.0	10294.6	-6.321
GGCCC	33.0	5895.9	-6.244
CTTAT	84.0	19082.4	-6.170
CAAGA	70.0	15414.5	-6.161
TAATG	79.0	17972.8	-6.144
GCAGA	65.0	14082.0	-6.067
ACGGA	23.0	3620.5	-5.979
GTGAC	46.0	9270.0	-5.920
AAACG	23.0	3646.4	-5.897
AAGCG	20.0	3169.4	-5.839
ACGTG	23.0	3684.9	-5.781
AACGT	21.0	3437.9	-5.769
GTAAT	67.0	15003.5	-5.753
GAAGT	75.0	17191.4	-5.726
ACAAT	71.0	16098.9	-5.723
TTTTG	342.0	90279.3	-5.622
GAAGC	53.0	11400.6	-5.548
GTTAG	48.0	10113.9	-5.540
ATGAG	68.0	15581.1	-5.461
TGCGT	18.0	2800.4	-5.444
GGGTT	72.0	16712.2	-5.409
TGACA	67.0	15264.9	-5.409
ATTCC	68.0	15663.3	-5.356
AAATC	79.0	18672.8	-5.305
GAAGG	62.0	14042.6	-5.159
TTGCG	17.0	2655.3	-5.114
TTTGA	188.0	49355.8	-5.019
AATCC	55.0	12430.4	-5.012
CCTAA	48.0	10482.9	-4.952
ACTTA	67.0	15688.3	-4.882
CCCAA	62.0	14299.4	-4.828
GCAGT	72.0	17278.7	-4.749
GCGTT	16.0	2525.3	-4.733
CTCGC	19.0	3278.4	-4.726
CAACC	47.0	10310.3	-4.723
CAGAC	46.0	10011.3	-4.686
ACTTC	67.0	15893.1	-4.641
GACAA	51.0	11401.1	-4.575
TGTGG	78.0	19008.1	-4.530
AAGTG	84.0	20610.2	-4.502
TTCGT	22.0	4161.7	-4.486
CAATC	44.0	9835.4	-4.466
CCCGG	24.0	4464.6	-4.413
GGTTC	51.0	11551.5	-4.372
GCGCA	13.0	1912.5	-4.368
ACAGC	46.0	10247.2	-4.340
ATGCA	60.0	14012.7	-4.316
AAGCT	64.0	15459.2	-4.306
ACCAA	50.0	11603.0	-4.304
ATTAC	67.0	16313.5	-4.177
AGATT	94.0	23855.0	-4.172
ATGGA	71.0	17459.2	-4.156
CCGAC	1.0	1228.0	-4.154
CGAAG	8.0	2288.7	-4.117
CGAGT	15.0	2661.1	-4.116
TAAGA	71.0	17524.0	-4.090
GTTTT	264.0	72253.5	-4.011
TTAGA	83.0	20797.8	-3.957
TCACT	99.0	25472.6	-3.905
CCGAA	8.0	1892.7	-3.877
CGCAA	9.0	1819.5	-3.845
ACTTT	146.0	39172.1	-3.822
TTCAA	110.0	28743.7	-3.803
TTTCG	25.0	5057.8	-3.759
AGCTC	53.0	12737.3	-3.752
TGAAC	57.0	13802.9	-3.747
CGGAC	6.0	1188.3	-3.677
TTTTC	302.0	84721.0	-3.675
CAGAA	87.0	22374.1	-3.661
GCCCC	29.0	6324.9	-3.606
GGCCG	14.0	2398.4	-3.589
ATTGT	93.0	24158.8	-3.584
GCGAG	12.0	1899.1	-3.584
TGGAA	90.0	23309.7	-3.584
TATAG	55.0	13671.4	-3.503
GAGGA	58.0	14396.0	-3.499
CGAGG	14.0	2441.3	-3.470
TAACG	12.0	1940.1	-3.454
GACGA	4.0	1636.6	-3.453
CCCGA	13.0	2575.1	-3.448
TGGAG	92.0	24353.3	-3.438
GCCGA	12.0	1948.9	-3.428
TTGAC	57.0	14136.8	-3.394
ATACT	55.0	13835.7	-3.333
GTCCC	30.0	6829.1	-3.292
AGGTC	35.0	8120.2	-3.249
TTGGC	71.0	18443.5	-3.242
CACAA	55.0	13947.0	-3.222
TAGAC	35.0	8150.1	-3.209
AGTGC	65.0	16579.8	-3.187
TCTCG	29.0	6606.3	-3.162
CAACG	5.0	1798.5	-3.159
GGCTT	61.0	15504.2	-3.138
TGGAC	29.0	9000.8	-3.125
AGCAA	65.0	16664.3	-3.111
CACAG	57.0	14429.7	-3.108
GTAAC	31.0	7286.6	-3.084
GTCGC	3.0	2332.4	-3.070
AGTCC	36.0	8589.6	-3.059
AGGCC	36.0	8597.0	-3.051
TTTCA	176.0	49452.4	-3.046
CAACA	54.0	13771.9	-3.040
CACCT	57.0	14526.0	-3.017
GTGGG	47.0	11663.5	-3.016
AAAAC	90.0	24102.8	-3.002
TACCA	44.0	11006.9	-2.979
GCTCA	63.0	16450.5	-2.968
AGAGT	68.0	18160.5	-2.835
TTATC	71.0	19027.5	-2.776
ATCAC	46.0	11555.6	-2.769
GTGCA	63.0	16713.5	-2.750
AGCGC	10.0	1670.6	-2.750
GCTTA	45.0	11232.5	-2.743
GCAAG	41.0	10232.2	-2.707
CATTG	67.0	17950.5	-2.693
GTAGC	37.0	9256.4	-2.663
TGTTT	249.0	71919.6	-2.630
AGAAT	89.0	24711.8	-2.605
GCCCA	42.0	14653.0	-2.601
CCAAA	70.0	18881.2	-2.590
GAATA	62.0	16534.6	-2.587
TCCTG	93.0	25640.3	-2.576
AGTAA	59.0	15792.6	-2.570
GGGGG	30.0	7365.0	-2.565
GGACG	3.0	1710.8	-2.552
GAATT	91.0	25284.8	-2.524
GCATA	39.0	9730.2	-2.518
GCTGA	51.0	13258.4	-2.513
TGGGT	61.0	16255.4	-2.506
AATCG	7.0	2097.7	-2.503
TAGCT	60.0	15877.6	-2.503
CCGGG	14.0	3637.6	-2.502
TCGCT	19.0	4302.6	-2.498
GGGGT	39.0	9773.2	-2.474
GACTA	33.0	8097.5	-2.472
CGACT	4.0	1678.6	-2.471
TAAGC	37.0	9440.1	-2.466
TCCGC	15.0	3152.1	-2.466
CGCGG	1.0	1013.0	-2.465
GTATT	85.0	23644.2	-2.459
AGACT	57.0	15207.8	-2.434
CGTGG	8.0	3186.9	-2.425
TTACC	45.0	11600.5	-2.390
GCGGA	5.0	1858.6	-2.367
ACGGC	4.0	1576.5	-2.356
GAAGA	73.0	20074.9	-2.326
GGTGC	31.0	7899.6	-2.323
AGCGA	15.0	3238.4	-2.306
CATAC	31.0	7918.5	-2.303
GCGTA	2.0	1238.4	-2.274
GACCC	22.0	5370.4	-2.274
TCACG	5.0	3365.4	-2.268
GAGTG	62.0	16976.3	-2.259
TCGCA	6.0	1559.9	-2.239
CAGCA	57.0	15478.4	-2.226
ATGCG	5.0	1767.8	-2.222
CTCGG	20.0	4797.5	-2.211
CTGAG	66.0	18247.6	-2.199
ACCTC	55.0	15147.7	-2.191
CAAGC	42.0	11119.5	-2.188
AGTTA	59.0	16310.8	-2.180
TGTGA	81.0	22836.7	-2.172
GGCCT	41.0	11833.1	-2.168
CGCAT	9.0	1641.1	-2.128
CCTGG	67.0	18791.2	-2.106
CCCCG	7.0	2597.5	-2.105
GAATC	41.0	10863.6	-2.102
TTCAC	71.0	20018.0	-2.102
TCACA	60.0	16465.1	-2.073
ATCGT	5.0	2630.1	-2.070
ACGAG	10.0	1941.9	-2.067
AGTGA	70.0	19667.1	-2.066
GAGAA	77.0	21776.3	-2.048
TGCGG	3.0	2304.7	-2.046
ACCGA	2.0	1681.2	-2.044
CTCCC	71.0	20128.8	-2.035
ACAAC	34.0	9404.1	-2.035
GGCCA	40.0	10591.9	-2.032
GGCGC	10.0	3120.5	-2.027
TTCGA	6.0	2694.8	-2.024
CTTAG	48.0	13135.6	-2.017
GTTAA	54.0	15014.7	-2.013
GCCTA	21.0	7985.1	-2.009
CAGTC	38.0	10287.8	-1.991
AGCGT	5.0	2265.3	-1.981
CCTTT	128.0	37603.3	-1.960
GCGAA	1.0	1624.5	-1.956
GAGCG	11.0	2282.0	-1.945
TAACT	57.0	15907.3	-1.927
GTGAA	60.0	16697.9	-1.920
CAGTG	77.0	22009.7	-1.918
CACGC	7.0	3178.5	-1.909
AGTTG	58.0	16328.0	-1.906
ACGCA	4.0	1842.6	-1.906
AACTG	56.0	15561.0	-1.901
GGTCG	7.0	1200.1	-1.887
CTCAT	61.0	17150.2	-1.883
AACCT	51.0	15560.5	-1.875
CCATG	50.0	14080.8	-1.872
CGCAG	7.0	2295.4	-1.872
TAGAA	73.0	20829.2	-1.871
GATCA	38.0	10444.3	-1.860
ACGAA	11.0	2335.0	-1.847
CCGCT	10.0	2054.3	-1.834
GTAAG	20.0	10224.5	-1.832
GACAT	44.0	12291.8	-1.824
AGTGG	63.0	18059.8	-1.815
AGGGC	23.0	7907.4	-1.812
GGGTC	27.0	7068.5	-1.805
TCGGA	7.0	1813.4	-1.788
GCCTT	60.0	16931.2	-1.775
GGGCC	21.0	5735.9	-1.772
TGGCG	9.0	3799.3	-1.757
GCCTC	71.0	20620.1	-1.757
CAAAC	32.0	13677.2	-1.754
CGAGC	8.0	1532.0	-1.747
CACGG	11.0	2391.7	-1.745
TGGAT	62.0	17816.6	-1.722
CTTGT	76.0	21956.9	-1.721
CGTTG	12.0	2703.3	-1.718
GTATG	40.0	10982.2	-1.717
ACGGT	10.0	2118.4	-1.711
ACGCC	7.0	2825.7	-1.702
GGAGT	61.0	20302.8	-1.702
AGCAC	14.0	10095.4	-1.696
GCAAA	56.0	15912.2	-1.679
TACTT	81.0	23784.1	-1.673
ACAGT	57.0	16318.0	-1.670
CCTTA	46.0	12887.3	-1.663
GACGG	5.0	3939.6	-1.652
AGCAT	55.0	15962.1	-1.649
ATCCT	55.0	15976.3	-1.640
GGTCT	47.0	13309.8	-1.631
CGATC	8.0	3011.5	-1.628
AGCTT	66.0	19211.4	-1.625
AAGCA	63.0	18424.5	-1.608
GAGTA	40.0	11131.4	-1.608
CCAGG	72.0	21336.6	-1.605
TGATC	52.0	14872.1	-1.604
GCTGG	78.0	23077.1	-1.594
AATGG	59.0	17246.2	-1.592
AACGC	7.0	1580.7	-1.588
TATGA	57.0	16462.5	-1.586
ATCGG	5.0	1384.6	-1.566
GGACA	30.0	9589.6	-1.563
GCCCG	12.0	3054.6	-1.563
CTGGA	77.0	22712.4	-1.562
AACCA	46.0	13056.7	-1.553
CCAAG	43.0	13008.7	-1.546
AAGAA	110.0	33005.5	-1.543
ACCGC	2.0	1957.7	-1.538
CTAAG	36.0	10163.0	-1.527
CGGGG	7.0	3067.8	-1.520
CTGGG	72.0	21524.4	-1.514
GTGCG	5.0	2395.9	-1.505
TCCGG	5.0	1999.1	-1.500
CCGTG	12.0	2850.0	-1.497
TGACC	26.0	9888.3	-1.477
ACCTG	25.0	12386.6	-1.476
ACTCA	45.0	12805.6	-1.475
TTTGG	125.0	37893.0	-1.468
GCGTG	9.0	3954.1	-1.466
TTGCA	74.0	22070.5	-1.460
CGTTA	3.0	2178.1	-1.453
GTTGC	47.0	13606.6	-1.446
AAGCC	37.0	10638.9	-1.445
CGTAT	7.0	2324.6	-1.439
GGTCC	12.0	5034.6	-1.430
CCTCG	14.0	3526.9	-1.426
AACCG	4.0	1571.2	-1.423
GGAAC	18.0	8419.0	-1.423
TGCCT	82.0	24798.4	-1.418
ACCTT	55.0	16373.4	-1.417
CCTCC	81.0	24359.9	-1.416
GTTCT	67.0	20049.4	-1.413
ACTGG	42.0	12157.6	-1.413
ACGAT	11.0	2603.6	-1.411
CACAC	44.0	12909.4	-1.411
ACTCC	34.0	11493.1	-1.409
GTTGG	46.0	13298.8	-1.404
TGACT	58.0	17199.5	-1.403
AGCCT	64.0	19245.8	-1.399
GCCTG	52.0	15243.9	-1.391
ACTTG	54.0	16050.8	-1.379
GTGGA	29.0	12496.6	-1.370
AGAAC	31.0	13181.7	-1.369
GAACT	44.0	14235.5	-1.357
GCAAC	35.0	10056.0	-1.351
CATGG	42.0	12270.1	-1.344
AAGAC	26.0	13162.8	-1.330
GCAAT	28.0	13437.8	-1.329
TGAGG	54.0	16147.8	-1.329
CGGTG	11.0	2664.5	-1.326
CATCT	63.0	18997.3	-1.321
GGGTG	34.0	9742.7	-1.319
ACATC	34.0	10781.2	-1.312
CGGCC	9.0	3133.1	-1.311
GAAAT	87.0	26444.4	-1.305
GCCAT	41.0	11962.8	-1.305
GGCTC	42.0	13039.6	-1.304
TTGTC	69.0	20729.7	-1.295
TCCAG	59.0	17823.1	-1.295
TGCAC	37.0	10872.0	-1.293
CGCCT	18.0	4943.4	-1.292
GGATA	34.0	9785.2	-1.290
GCACG	8.0	2620.0	-1.288
AGAAA	124.0	38485.6	-1.282
AGACG	7.0	4836.4	-1.281
AGATC	36.0	10527.6	-1.279
ACGGG	3.0	2403.0	-1.279
TTTTT	1790.0	349266.7	-1.257
AAACC	41.0	13058.0	-1.256
TTTTA	298.0	92983.3	-1.254
ACTGT	59.0	17939.2	-1.241
GACTC	22.0	8322.4	-1.220
AGTCG	7.0	1512.9	-1.215
GACCT	33.0	9691.8	-1.211
GGAAT	54.0	16386.4	-1.211
GCTTT	100.0	30995.2	-1.207
CGAAC	7.0	1536.3	-1.198
TGAAG	71.0	21857.5	-1.182
TCAAG	59.0	18067.0	-1.182
AAGTA	59.0	18072.1	-1.180
CCCTT	57.0	17259.4	-1.179
CACTC	42.0	12568.5	-1.173
GACCG	2.0	1435.6	-1.171
ATGTG	66.0	20180.7	-1.169
AGTAT	54.0	16492.8	-1.161
GATTT	115.0	35701.3	-1.161
CTTAA	62.0	18951.8	-1.157
CTGGC	39.0	13286.0	-1.155
AGCTG	55.0	16914.2	-1.152
CGCGA	2.0	932.4	-1.140
ACCCA	36.0	12916.4	-1.137
CTAGC	23.0	6481.5	-1.134
CGCAC	2.0	1544.3	-1.131
TGTTA	72.0	22428.3	-1.129
CACCA	20.0	15415.0	-1.122
GATAG	29.0	8610.0	-1.120
CCGAG	12.0	3378.4	-1.119
TCGAA	7.0	2554.9	-1.116
CCGGT	7.0	1573.8	-1.115
CGACC	6.0	1269.4	-1.113
TCCTC	59.0	18232.5	-1.111
TCGAG	7.0	2299.6	-1.095
GATCG	4.0	1777.1	-1.087
ACATG	49.0	15061.8	-1.087
CATGC	37.0	11226.4	-1.085
GAATG	35.0	16877.1	-1.085
CTGCG	10.0	2544.7	-1.078
TTGAA	103.0	32411.6	-1.075
CGGTA	6.0	1296.3	-1.066
AATTG	64.0	20031.3	-1.059
AACTC	32.0	13451.6	-1.056
CGTGC	9.0	2552.3	-1.053
TGCGC	8.0	1937.4	-1.041
TATGC	33.0	9832.8	-1.038
GCCAA	33.0	9838.8	-1.034
ACTGC	49.0	15186.4	-1.030
CTCAC	56.0	17635.8	-1.029
CCGCA	4.0	2004.4	-1.027
GTGAG	49.0	15197.4	-1.025
ATGAC	19.0	10362.2	-1.023
CTGTG	69.0	21425.7	-1.017
CATGA	50.0	15615.9	-1.016
TCGTG	12.0	3250.4	-1.016
AGACC	23.0	8339.8	-1.014
TTCCA	85.0	26816.7	-1.014
GTGTT	71.0	22326.7	-1.006
CAGGA	38.0	16476.3	-1.006
GAGCA	25.0	11791.0	-0.995
GCAGC	27.0	9698.4	-0.990
GTGCC	25.0	9179.2	-0.988
TTGTG	85.0	26900.7	-0.988
TCTTG	94.0	29756.9	-0.986
GGGCT	33.0	10216.0	-0.985
CAGCC	44.0	16641.4	-0.982
ATGAA	77.0	24173.2	-0.981
CTGAC	35.0	10686.1	-0.976
CGAAT	6.0	2066.3	-0.973
AAAGC	51.0	15716.4	-0.973
TTATT	218.0	69817.0	-0.972
GACTG	36.0	11069.8	-0.971
GCGAT	13.0	3630.1	-0.969
TAAGG	36.0	11077.3	-0.967
ACGTA	4.0	2341.4	-0.965
TGGGA	57.0	21711.2	-0.965
CAGCT	52.0	17169.0	-0.964
TATCT	67.0	21158.9	-0.958
TATTA	86.0	27000.4	-0.957
CCCAG	69.0	23404.4	-0.952
CCTCA	52.0	18546.3	-0.951
CGATA	6.0	1370.9	-0.949
ATCTA	40.0	12258.9	-0.945
TTGTT	197.0	62911.6	-0.942
CTTTA	95.0	30398.1	-0.942
ATCAG	45.0	13811.7	-0.941
AATGT	79.0	25214.5	-0.938
ATAGA	48.0	15003.4	-0.937
CCGAT	6.0	1378.6	-0.937
AGTTC	46.0	16248.5	-0.933
TTACG	4.0	2604.1	-0.933
GGGGC	18.0	6322.0	-0.933
AATGC	43.0	13441.5	-0.932
GGAGA	50.0	15815.8	-0.932
TAGCA	29.0	12097.7	-0.930
GAGTC	39.0	11916.1	-0.926
TACCT	39.0	12421.1	-0.925
AAGGG	28.0	12000.5	-0.915
ATCCC	29.0	9984.4	-0.914
GACAG	48.0	15060.8	-0.913
GAACC	16.0	7267.7	-0.913
ATCTG	53.0	16680.9	-0.910
CGCCC	7.0	4552.4	-0.908
GAGGC	24.0	11192.4	-0.907
GGGAC	18.0	7324.8	-0.905
GCAGG	14.0	10968.0	-0.897
TGCCG	7.0	2236.2	-0.889
GCTCG	3.0	1696.3	-0.888
TACCG	2.0	1298.9	-0.887
CCGGA	6.0	1907.0	-0.884
GGTTG	38.0	12008.8	-0.883
GATTC	45.0	13963.1	-0.876
CGTGA	11.0	4346.6	-0.874
CAGTT	70.0	22285.2	-0.873
CCACC	23.0	14874.2	-0.869
TTCAG	83.0	26376.0	-0.866
TACAG	57.0	18043.0	-0.862
GTCGA	5.0	1116.2	-0.852
CCCAC	36.0	11319.2	-0.850
TGAAT	83.0	26433.6	-0.849
TCGAC	3.0	1249.0	-0.843
CAGCG	4.0	2421.2	-0.843
TGCCA	34.0	16161.9	-0.843
TCCCA	68.0	21941.2	-0.843
CTGCC	53.0	16861.9	-0.841
AGTAC	18.0	8116.5	-0.832
GACCA	15.0	7845.9	-0.831
TACTG	43.0	13682.7	-0.830
TTGGG	43.0	19131.2	-0.828
TTGTA	87.0	27926.5	-0.826
CCACA	29.0	13264.2	-0.826
CAAGG	16.0	11040.0	-0.825
GGTTA	31.0	9871.2	-0.823
CGACA	1.0	1549.2	-0.821
ACACG	9.0	2454.8	-0.819
AGCAG	39.0	15047.6	-0.818
GACGT	5.0	2236.1	-0.810
AGGAG	31.0	16587.5	-0.808
TTTGT	224.0	72587.1	-0.806
CCTGA	42.0	16360.8	-0.804
TTTAT	221.0	71761.9	-0.803
GCGGG	4.0	2561.5	-0.802
GGATC	19.0	6873.9	-0.800
GGACC	16.0	4866.9	-0.800
CCTAC	21.0	6635.2	-0.797
GTTCA	55.0	17813.7	-0.797
GGATT	57.0	20373.7	-0.796
TCAGA	54.0	19383.4	-0.795
TATTC	63.0	20374.5	-0.789
TCGGT	8.0	2155.7	-0.783
CGCGC	3.0	1387.4	-0.781
CGGAG	12.0	4006.3	-0.779
CAAAA	87.0	28109.3	-0.778
ATTGG	44.0	14212.8	-0.777
GATCC	25.0	7753.2	-0.777
GTGTA	39.0	12255.7	-0.776
AGCCC	23.0	8682.0	-0.775
GGCAT	28.0	12365.5	-0.775
AAACT	72.0	23504.2	-0.773
CGATT	12.0	3531.5	-0.765
AACCC	13.0	8409.6	-0.764
GTCAC	21.0	9887.2	-0.764
TACAC	27.0	8511.5	-0.763
AAGGT	41.0	13077.9	-0.759
GGGAA	48.0	15464.0	-0.758
CCCCC	25.0	7791.7	-0.757
CCAGC	39.0	14476.8	-0.753
GTTAC	28.0	8903.9	-0.752
AGTTT	132.0	42914.2	-0.751
CAGTA	39.0	13116.5	-0.751
TCTGA	65.0	20933.5	-0.750
TTAGC	32.0	13047.4	-0.741
AGGGA	46.0	14708.3	-0.741
TTCCG	5.0	2932.7	-0.740
TAAGT	54.0	17569.5	-0.739
ATCCG	7.0	1865.5	-0.736
GGCAG	34.0	12653.3	-0.732
TGAGC	42.0	14539.3	-0.731
TATCA	48.0	15556.9	-0.726
CTGAT	50.0	16374.6	-0.725
CGCCA	10.0	2896.1	-0.724
TCATA	49.0	15971.1	-0.723
ATGTT	93.0	30313.8	-0.712
ACAAG	32.0	12146.2	-0.705
CATTA	51.0	16469.1	-0.694
AGCTA	22.0	11063.8	-0.693
ATTCA	68.0	22470.0	-0.688
GGTGG	28.0	12346.2	-0.688
AGACA	61.0	19852.6	-0.687
CGAAA	6.0	2516.9	-0.687
TTCCT	127.0	41536.0	-0.686
ATGGG	33.0	12177.7	-0.685
GCGCG	6.0	1577.0	-0.683
GTCCG	5.0	1238.1	-0.682
CGGAT	6.0	1719.3	-0.681
GATGA	44.0	14479.1	-0.680
TATCG	2.0	1747.4	-0.679
TCATC	46.0	14886.3	-0.679
GATCT	47.0	15309.1	-0.673
TTAAC	43.0	15939.0	-0.672
ACCCC	21.0	6867.6	-0.671
GGCAA	32.0	10439.1	-0.670
GTTCG	6.0	1786.2	-0.669
GAGCT	22.0	11340.7	-0.663
TGACG	6.0	2105.8	-0.658
TAGAT	49.0	16172.2	-0.657
CTCCT	76.0	24848.8	-0.657
AGGCT	63.0	20834.3	-0.654
ATACC	22.0	7833.2	-0.654
ACTAC	16.0	7857.4	-0.652
GGGCG	3.0	2520.8	-0.645
ACACT	16.0	12779.1	-0.645
ATAGT	46.0	14993.9	-0.643
TCCGA	1.0	1698.0	-0.640
CCGCC	14.0	4409.0	-0.640
CTCGT	7.0	2756.0	-0.634
CAGGC	58.0	20436.7	-0.633
TGCAT	58.0	19196.3	-0.630
CAGGG	37.0	12251.4	-0.629
GCCGT	6.0	1807.8	-0.627
TGCGA	8.0	2326.7	-0.624
ACTGA	41.0	15514.5	-0.623
TTGAG	89.0	29952.7	-0.621
CTCTC	56.0	18382.4	-0.620
CAAGT	48.0	15884.6	-0.619
ACACA	52.0	17125.0	-0.619
GACAC	17.0	7520.4	-0.617
ATTTT	333.0	109736.1	-0.617
CCAGA	42.0	14423.5	-0.614
ATGGC	34.0	11179.3	-0.612
TATGG	26.0	11821.7	-0.611
AGGAA	55.0	23302.4	-0.611
TTCAT	97.0	35351.6	-0.609
TAATT	101.0	38773.7	-0.609
AATTT	175.0	59959.8	-0.609
ATTTG	113.0	38021.3	-0.609
ATTAT	84.0	30752.2	-0.609
TTATG	57.0	21836.5	-0.609
CTTTC	84.0	40369.0	-0.609
TTTCT	235.0	92154.6	-0.609
TTCTC	97.0	34470.1	-0.609
TATTT	237.0	82290.1	-0.609
TGATT	72.0	31093.3	-0.609
TCATT	101.0	35152.1	-0.609
CATTT	109.0	51978.2	-0.609
TTATA	78.0	27673.4	-0.609
ATATT	89.0	37082.0	-0.609
TTTAG	85.0	32311.2	-0.609
ATTTA	100.0	44265.6	-0.609
TGTGT	84.0	33749.2	-0.609
CTTCT	82.0	31624.6	-0.609
TTCTT	199.0	79899.3	-0.609
GTTTA	52.0	23603.5	-0.609
TTTAA	182.0	60965.0	-0.609
TTAAA	119.0	46193.7	-0.609
TAAAA	89.0	41837.3	-0.609
GGTTT	67.0	29125.9	-0.609
CTCTT	84.0	31191.7	-0.609
TCTTT	241.0	83775.3	-0.609
TTTAC	56.0	26183.5	-0.609
TTACT	64.0	23601.1	-0.609
ATTTC	94.0	38114.4	-0.609
TTTCC	118.0	42351.4	-0.609
TCTTA	61.0	22419.6	-0.609
CTTTG	90.0	35099.1	-0.609
TGTTG	65.0	30659.3	-0.609
TTGAT	73.0	27432.0	-0.609
TTCTG	93.0	36117.2	-0.609
CTGTT	72.0	29910.2	-0.609
GTTTG	71.0	28836.8	-0.609
TCCTT	96.0	36837.1	-0.609
TATTG	57.0	22593.4	-0.609
AAATT	100.0	42926.7	-0.609
TTAAT	88.0	35509.6	-0.609
TTCTA	47.0	26401.5	-0.609
TTTGC	78.0	32268.9	-0.609
AAAAT	104.0	48347.4	-0.609
ATTCT	55.0	33045.1	-0.609
CATCC	26.0	10657.2	-0.608
AGCGG	7.0	2002.6	-0.603
TTGCC	56.0	20240.3	-0.603
CTGAA	50.0	20786.3	-0.597
CATAA	43.0	14338.9	-0.595
GTGCT	42.0	13950.2	-0.590
TGAGA	83.0	29157.6	-0.587
CGGCT	11.0	4392.5	-0.587
CTCAG	62.0	21460.5	-0.585
TCCCC	37.0	12377.0	-0.585
CGTTT	16.0	6463.0	-0.585
GTAGT	18.0	11438.7	-0.581
CGAGA	4.0	2882.3	-0.576
TCAGT	61.0	20264.4	-0.575
CTCCG	12.0	3813.0	-0.570
ATATG	53.0	17721.9	-0.569
TGGGG	44.0	14828.0	-0.569
ACTCG	4.0	1832.0	-0.569
ATCGC	3.0	1802.7	-0.566
GAGGG	32.0	10489.4	-0.565
GCCAC	20.0	11129.8	-0.563
GCATG	36.0	12055.1	-0.562
TAATC	32.0	13343.9	-0.559
TCATG	41.0	17428.6	-0.559
CTCAA	51.0	16924.9	-0.558
CCCGC	8.0	2820.0	-0.552
GGAGC	19.0	8138.0	-0.552
GTTCC	19.0	11046.3	-0.548
TCGGC	9.0	4048.5	-0.547
GCTAA	16.0	10540.1	-0.542
CGGCA	3.0	1911.3	-0.542
TGCCC	42.0	14112.9	-0.541
CCCTA	14.0	7196.2	-0.539
TCACC	31.0	13777.9	-0.538
CTACC	20.0	6793.3	-0.534
TGGGC	30.0	11643.7	-0.533
TGTAT	80.0	26801.3	-0.533
ATGCC	31.0	11063.0	-0.532
TTCCC	58.0	20910.5	-0.532
CTTCC	69.0	23112.8	-0.531
TTCGC	8.0	2447.9	-0.530
GAACA	38.0	13623.9	-0.524
TAGTT	70.0	23611.1	-0.521
TGCAA	55.0	20747.4	-0.517
CCTGT	51.0	17087.2	-0.515
TGGCT	65.0	22129.4	-0.515
CGGTT	8.0	2474.1	-0.511
TCCTA	39.0	13010.1	-0.511
CATAG	19.0	10765.9	-0.510
CACTG	56.0	20535.4	-0.508
GCATC	25.0	8360.8	-0.507
TCAGC	46.0	17333.6	-0.503
CCCCT	22.0	10861.0	-0.503
GGGCA	20.0	9609.0	-0.501
CGGGC	6.0	2205.7	-0.497
GCATT	50.0	19022.5	-0.496
CTTGG	50.0	18098.2	-0.496
CTAAC	17.0	7365.0	-0.495
ATCTC	53.0	18015.2	-0.494
AAGGA	47.0	19493.2	-0.491
AGTGT	52.0	17607.5	-0.490
TCTGC	53.0	18038.1	-0.489
GTACT	19.0	8560.7	-0.485
AAGTC	22.0	12908.6	-0.483
AACTA	30.0	12087.3	-0.481
GCCGG	2.0	2326.3	-0.477
GCGGT	2.0	1972.2	-0.476
CCTAG	21.0	9029.6	-0.474
ATTGC	36.0	14897.9	-0.474
CAGAT	34.0	16332.4	-0.470
TCTGG	40.0	18002.9	-0.469
AAGAG	56.0	19005.2	-0.463
CGATG	6.0	1819.4	-0.462
AGGCA	38.0	15920.8	-0.462
GAGCC	29.0	10027.3	-0.461
CCTTG	42.0	16580.0	-0.461
TAGGA	27.0	13264.1	-0.461
AACAA	58.0	21385.7	-0.456
GGCTG	46.0	20191.7	-0.456
CAGAG	52.0	19537.0	-0.454
CTGCA	49.0	20166.1	-0.453
TTAGG	37.0	14753.7	-0.446
TAGTG	29.0	12408.6	-0.443
TGTCC	35.0	12059.1	-0.441
AGATG	55.0	19621.2	-0.440
GCCAG	34.0	12160.4	-0.436
AACAC	34.0	11679.9	-0.436
GGGAG	31.0	13665.3	-0.432
GTCAA	22.0	9690.2	-0.431
CCGTA	5.0	1492.7	-0.430
ACGTT	5.0	4194.4	-0.430
GGCGT	7.0	3368.0	-0.429
CGCTT	3.0	2968.4	-0.425
GATGG	42.0	14861.0	-0.425
TACGT	3.0	2934.5	-0.425
TCCAC	25.0	12118.7	-0.418
CATCA	41.0	14174.3	-0.415
ATAAG	38.0	13374.0	-0.412
GGAAA	59.0	22607.4	-0.411
CACGT	7.0	3410.8	-0.405
GTTAT	36.0	16715.3	-0.403
CCTGC	40.0	13844.9	-0.397
GATGC	18.0	7969.2	-0.396
GCGCT	6.0	1920.3	-0.391
GCACT	20.0	10477.0	-0.390
GTGTC	20.0	11172.5	-0.388
CCTCT	55.0	19366.0	-0.388
GTCCT	29.0	11306.5	-0.388
TTACA	62.0	24653.3	-0.388
TCAGG	45.0	15535.4	-0.387
AGAGC	18.0	11222.4	-0.385
TAAAT	96.0	33107.5	-0.384
CCTAT	28.0	10353.1	-0.383
ACAAA	47.0	24615.0	-0.379
AACAG	37.0	15949.1	-0.378
GTGTG	57.0	22322.5	-0.378
GCGCC	6.0	2703.2	-0.377
TGTGC	33.0	15278.9	-0.377
CCCGT	5.0	2043.5	-0.377
CTTGA	49.0	19317.2	-0.376
CACCC	31.0	11113.8	-0.375
GAAAC	39.0	14886.5	-0.374
GTATC	19.0	8596.5	-0.373
GTTTC	74.0	25817.0	-0.369
AGGGT	23.0	11862.5	-0.367
TCCCT	56.0	19487.1	-0.365
GCACC	11.0	7111.9	-0.362
CTTCA	60.0	20841.6	-0.359
CAATT	60.0	20845.4	-0.359
AGGTT	35.0	18535.9	-0.357
ACGAC	4.0	1271.8	-0.356
GATTA	38.0	16376.2	-0.355
CCAAT	24.0	10790.2	-0.354
CAATG	31.0	13149.4	-0.354
TAGGC	15.0	7501.3	-0.352
CTTGC	43.0	15294.5	-0.350
CTATC	24.0	8460.7	-0.350
ATTAG	32.0	15055.5	-0.347
TCTCA	71.0	25434.4	-0.347
TGTCA	39.0	19959.3	-0.342
AAATG	88.0	30881.9	-0.340
CGCTA	4.0	1230.6	-0.340
AAGTT	64.0	25648.7	-0.339
GAGAC	42.0	16982.2	-0.337
CTTAC	24.0	11032.4	-0.335
TACGA	5.0	1630.8	-0.334
GGGTA	12.0	7046.1	-0.333
GATAC	19.0	6973.3	-0.332
ACTAG	21.0	7749.3	-0.331
AATCA	41.0	17372.3	-0.330
AGCCG	3.0	2353.2	-0.322
ATCAA	28.0	14174.7	-0.322
TTAGT	62.0	21961.1	-0.322
CACAT	44.0	16389.2	-0.321
CGGTC	2.0	1386.2	-0.317
AATAC	38.0	13802.9	-0.316
AACAT	57.0	20805.6	-0.315
GGCTA	22.0	8703.1	-0.314
AGTAG	41.0	15558.1	-0.312
ATATA	70.0	24794.7	-0.311
TGTAG	31.0	16332.5	-0.309
CCAGT	36.0	13809.8	-0.308
AGGTG	35.0	14172.2	-0.304
TGGTT	70.0	24854.0	-0.303
CGCTC	9.0	3234.5	-0.302
CTAGA	27.0	11122.5	-0.300
CCCTC	18.0	11945.3	-0.299
TCGCC	8.0	3325.8	-0.298
ACCAT	21.0	14141.9	-0.297
TAGAG	29.0	14910.4	-0.294
ACAGA	57.0	20374.5	-0.290
TTCGG	3.0	2608.8	-0.289
ACCGG	4.0	1312.3	-0.287
GCTTC	24.0	12919.6	-0.285
ACGTC	3.0	1818.2	-0.284
CACTT	52.0	21241.1	-0.284
CCGTT	3.0	2786.1	-0.283
TGTAA	61.0	21779.8	-0.282
GGAGG	36.0	14327.9	-0.281
CCCTG	29.0	12809.4	-0.281
TCCAA	42.0	15350.5	-0.280
GATTG	35.0	12819.3	-0.280
AGGAT	38.0	14848.4	-0.279
GCTTG	27.0	12287.4	-0.279
TTGGT	53.0	24033.4	-0.274
CGTCC	1.0	1689.4	-0.274
ATCGA	4.0	1693.7	-0.273
TGTCG	9.0	3316.1	-0.270
TGTAC	28.0	10372.9	-0.270
AGCCA	41.0	15434.0	-0.268
GCCCT	22.0	9193.1	-0.265
GCTAT	28.0	10396.1	-0.265
GAGGT	16.0	11655.7	-0.265
ATCAT	48.0	18051.9	-0.264
CTAAT	45.0	16189.0	-0.264
GTCCA	21.0	8055.0	-0.264
TCGTT	10.0	4276.2	-0.263
GGCGA	4.0	1896.3	-0.262
CTGTA	47.0	17067.7	-0.261
AGAGG	25.0	14779.9	-0.260
TAGCC	22.0	8429.1	-0.259
GGATG	20.0	10734.4	-0.258
GTTGA	34.0	15161.3	-0.258
AAACA	60.0	27193.1	-0.257
CCCAT	34.0	12601.4	-0.255
CCGGC	8.0	2976.2	-0.252
GTCTA	23.0	8467.8	-0.251
ACCAC	29.0	10871.2	-0.251
CATCG	4.0	1896.4	-0.249
TCCGT	8.0	2988.9	-0.247
ATACG	3.0	2054.0	-0.247
GTCAG	17.0	10905.3	-0.245
GCTAG	17.0	7069.0	-0.244
GAGAT	41.0	18333.8	-0.243
GGTCA	21.0	8388.8	-0.243
GCGAC	3.0	1216.8	-0.242
ACTAT	34.0	12554.9	-0.242
GCTGC	16.0	10433.1	-0.239
ACAGG	41.0	16570.3	-0.239
CAAAG	54.0	19862.8	-0.236
GGTAC	8.0	5074.8	-0.235
AGTCA	29.0	13146.7	-0.234
ATAGG	26.0	9749.5	-0.234
TAGCG	3.0	1324.5	-0.233
ACATT	69.0	27184.7	-0.233
AATAT	81.0	29303.1	-0.231
AAAAG	73.0	31063.2	-0.229
AAAGA	67.0	31536.9	-0.227
TGCTT	66.0	29736.3	-0.224
TATAT	72.0	30332.9	-0.224
TGTCT	58.0	26580.4	-0.224
GAAAA	90.0	33352.5	-0.224
TCTGT	76.0	34867.3	-0.224
TCTCT	96.0	34954.3	-0.224
TCTTC	68.0	29240.9	-0.224
ATAAA	56.0	30694.8	-0.224
TGTTC	46.0	20501.5	-0.224
TTGCT	57.0	31102.5	-0.224
CTATT	51.0	21638.1	-0.224
AAATA	83.0	37872.3	-0.224
GTCTT	56.0	24727.2	-0.224
TGAAA	79.0	32111.9	-0.224
TATGT	59.0	23493.5	-0.224
ATCCA	36.0	13501.4	-0.222
CTTCG	2.0	2822.2	-0.221
ACTAA	29.0	11466.2	-0.220
GCTAC	15.0	5837.2	-0.220
CAATA	30.0	13043.2	-0.218
CTCGA	4.0	2784.9	-0.218
GAAAG	51.0	21098.9	-0.215
AACGA	5.0	2339.9	-0.214
CGGGA	3.0	2734.1	-0.209
CAAAT	61.0	22354.1	-0.208
AATTC	51.0	21132.1	-0.204
CTGGT	38.0	14467.2	-0.204
TCTAA	46.0	17053.9	-0.202
ACCGT	3.0	2333.0	-0.197
ATGAT	42.0	19539.8	-0.196
GAGAG	36.0	16105.7	-0.195
AGGCG	10.0	3964.6	-0.192
AGTCT	43.0	20426.5	-0.192
GTTGT	46.0	19715.1	-0.192
TGGTA	28.0	14246.0	-0.188
GTAGA	25.0	13153.8	-0.186
CTAAA	42.0	15906.8	-0.183
TAAAC	36.0	14637.4	-0.183
GTACC	11.0	5303.5	-0.182
GATAT	38.0	14655.8	-0.179
GGGGA	15.0	10756.1	-0.177
GGTGA	31.0	12161.1	-0.175
CTACA	28.0	10921.0	-0.174
CAGGT	40.0	15121.1	-0.174
TACAA	19.0	15489.4	-0.173
ACGCT	5.0	1983.1	-0.172
TAACA	32.0	15232.0	-0.170
GTGAT	39.0	17834.6	-0.170
TAAAG	38.0	20296.8	-0.169
GTACG	3.0	1111.9	-0.168
GTATA	20.0	12936.9	-0.166
GGTAG	18.0	8263.1	-0.166
AGGGG	22.0	8934.9	-0.165
TACGG	2.0	1497.2	-0.165
GGGAT	23.0	13404.2	-0.164
ATTGA	50.0	20129.4	-0.163
TAACC	9.0	8018.1	-0.163
ATAGC	22.0	8955.9	-0.162
ACCAG	27.0	10634.2	-0.157
CACCG	3.0	2962.4	-0.154
GCTCT	41.0	16711.7	-0.151
ATGTA	28.0	18143.4	-0.149
AGAGA	61.0	25365.2	-0.137
GCTCC	20.0	8316.2	-0.136
TAGTA	34.0	13709.6	-0.136
TACGC	1.0	1141.2	-0.136
TATCC	20.0	10492.2	-0.135
CCTTC	53.0	20395.5	-0.132
CATTC	38.0	17934.6	-0.132
GACGC	1.0	1295.0	-0.131
TCAAT	41.0	16541.8	-0.130
ATTCG	5.0	2244.9	-0.128
TGCTG	57.0	21839.6	-0.127
AGATA	31.0	16224.6	-0.125
GTCTC	45.0	17399.0	-0.120
ATGGT	30.0	15325.2	-0.120
TAGGT	30.0	12240.3	-0.117
AAAGT	52.0	26576.3	-0.116
CATGT	47.0	19490.7	-0.116
CTACT	22.0	11562.7	-0.116
GCCGC	3.0	1761.7	-0.115
ACCCG	5.0	2211.1	-0.111
GATAA	20.0	13086.3	-0.110
TGCTA	31.0	12814.8	-0.103
ATACA	32.0	16094.0	-0.103
CTAGG	14.0	9193.3	-0.103
CTCCA	28.0	16512.8	-0.102
TGGTC	23.0	11356.7	-0.101
CGTCT	4.0	3006.0	-0.101
AAAGG	47.0	18587.8	-0.098
GTAGG	13.0	7961.1	-0.097
GCGGC	2.0	1830.2	-0.093
CCATA	14.0	9675.2	-0.093
ATAAC	19.0	10457.0	-0.092
GTAAA	41.0	17003.6	-0.092
GCGTC	3.0	1352.8	-0.092
TACAT	41.0	19261.1	-0.090
ACATA	34.0	15722.8	-0.090
ATGCT	36.0	15644.0	-0.089
AATAA	66.0	29695.7	-0.089
CCATC	28.0	11719.1	-0.087
GGTAA	21.0	10043.4	-0.087
CTGCT	44.0	17889.1	-0.085
TCAAA	61.0	24608.1	-0.084
GATGT	21.0	14102.0	-0.083
CCATT	47.0	22917.7	-0.083
ACTCT	29.0	17504.2	-0.078
TGCTC	22.0	14252.5	-0.077
AATAG	37.0	15665.0	-0.076
GCTGT	35.0	14865.7	-0.074
ATATC	23.0	12826.9	-0.074
CATAT	44.0	18093.2	-0.073
AATTA	63.0	26848.2	-0.073
ATTAA	54.0	24575.3	-0.073
TCTAT	32.0	19307.7	-0.073
GTCAT	30.0	12848.4	-0.072
GTACA	21.0	9603.1	-0.072
TCTCC	52.0	21191.0	-0.071
AATGA	51.0	22983.0	-0.070
TCGAT	2.0	2173.6	-0.069
TCTAG	29.0	12857.6	-0.069
CTAGT	23.0	9873.7	-0.066
TACTC	17.0	9293.4	-0.065
TCGTC	1.0	1823.3	-0.061
TGGTG	34.0	18965.5	-0.058
CTCTG	59.0	26411.7	-0.056
TAGTC	16.0	8611.8	-0.056
TGATA	35.0	15958.0	-0.055
TAATA	45.0	21039.8	-0.055
TATAC	24.0	11109.1	-0.052
GGTGT	21.0	13136.1	-0.051
CTATG	23.0	11009.3	-0.049
CGGCG	1.0	1017.7	-0.048
ATAAT	56.0	24378.8	-0.048
TACCC	13.0	6805.7	-0.047
CCACT	33.0	14252.7	-0.047
CGTAG	1.0	1716.4	-0.047
TATAA	42.0	21832.7	-0.043
CACTA	18.0	8623.9	-0.043
GTGGT	34.0	15559.8	-0.043
GTCTG	28.0	12729.7	-0.041
TGATG	43.0	19222.9	-0.041
GTCGT	3.0	1676.7	-0.040
TCTAC	22.0	10426.8	-0.036
TAGGG	18.0	8665.6	-0.036
GGTAT	22.0	10456.3	-0.035
CTGTC	34.0	16379.0	-0.034
GGCGG	2.0	2905.7	-0.028
CGTCA	3.0	1860.8	-0.025
CGTTC	4.0	2438.1	-0.024
CTACG	1.0	1448.0	-0.022
TACTA	19.0	10854.3	-0.018
CTATA	24.0	11520.9	-0.017
TCCAT	42.0	19661.5	-0.016
ACCCT	16.0	9697.3	-0.014
AGGTA	22.0	11254.1	-0.014
ATGTC	18.0	13681.4	-0.012
CTCTA	20.0	12522.5	-0.006
CCGTC	1.0	2059.0	-0.002
CGTCG	0.0	493.1	1.000
CGTAC	0.0	1013.2	1.000
CCGCG	0.0	1208.7	1.000
CGCGT	0.0	643.1	1.000
TCGCG	0.0	677.4	1.000
ACGCG	0.0	529.3	1.000
CGCCG	0.0	870.6	1.000
CGACG	0.0	460.5	1.000
