OligoSequence	Target Occurences	Background Occurences	Enrichment(ln p, up to 2 mismatches)
GCATG	11250.0	15451.3	-1126.972
TGCAT	10227.0	15085.3	-802.824
GAAGA	13589.0	21401.8	-756.991
AGAAG	13308.0	24391.5	-303.193
AAGAA	13356.0	24553.7	-297.249
GATGA	8303.0	14717.2	-264.127
GACGA	1745.0	2960.7	-213.824
TGAAG	10508.0	20199.8	-168.626
AGGTA	5979.0	11001.5	-152.452
AGCAG	11565.0	22751.8	-144.013
GAGGA	13424.0	26947.0	-128.145
ATCGA	1251.0	1857.7	-115.041
GGTAA	4906.0	9154.6	-114.522
GGGGG	13647.0	27839.6	-105.746
GCAGC	10179.0	20429.0	-104.009
CATCG	1798.0	2956.8	-102.586
AAGAT	7224.0	14225.1	-97.325
CATGC	6518.0	12745.2	-95.914
GTACG	1025.0	1745.0	-92.826
CATGT	8306.0	16718.4	-85.300
CAGCA	10258.0	21038.9	-79.103
GTGGG	15347.0	32187.8	-76.026
GTAAG	4798.0	9418.0	-70.748
GGCCC	9344.0	19230.6	-69.993
AGTAC	3198.0	6048.6	-69.753
CCCCC	8106.0	16634.5	-64.984
ACGAA	1109.0	2313.7	-64.534
CGCAT	1468.0	2573.0	-59.167
CTTTT	13690.0	29006.9	-58.824
ATCAA	4293.0	8500.9	-58.501
ATGAA	8325.0	17262.8	-57.252
TGGGG	17650.0	37857.1	-55.117
CATCA	5540.0	11315.3	-50.416
CCCTG	12816.0	27312.0	-50.317
ATTGA	5565.0	11393.6	-48.946
ACAAG	5371.0	10974.1	-48.883
ACGAG	1974.0	3696.4	-48.851
ACGTA	959.0	2012.2	-48.228
CCGCA	2580.0	4980.6	-47.945
GCTGT	9352.0	19724.6	-47.837
CGTCG	816.0	1995.4	-47.478
GGACC	5722.0	11762.3	-47.420
AGAAC	5841.0	12039.1	-46.591
ACCAA	4651.0	9452.5	-46.161
GGAGC	9925.0	21035.1	-46.061
CGTAC	659.0	1266.1	-45.576
GAACG	1812.0	3394.5	-45.012
TACGA	889.0	1507.2	-44.966
GCCGT	2373.0	4583.8	-44.231
GGGCC	10380.0	22120.5	-43.116
CGAAG	1959.0	3941.0	-42.956
ATGCA	6076.0	12628.3	-42.667
GGTGG	15785.0	34168.4	-42.204
CCTGC	11515.0	24672.4	-41.959
CCCCT	8963.0	19016.0	-41.757
GTACC	2768.0	5455.4	-41.581
TGATG	8495.0	17994.4	-41.183
TTGCA	7493.0	15785.1	-40.873
ACAGC	6372.0	13325.7	-40.291
TGGAC	5699.0	11850.1	-40.041
ACATC	4131.0	8426.4	-39.880
GCCCT	8531.0	18118.4	-39.383
TGTTT	14470.0	31340.1	-39.248
AAGTA	5464.0	11355.7	-39.109
TTTTC	13554.0	29304.1	-38.999
AGTAT	4528.0	9311.7	-38.624
GTATG	4658.0	9599.2	-38.402
TCCCC	8887.0	18942.0	-38.078
GTACT	3224.0	6489.0	-37.798
GAACA	5611.0	11997.3	-37.352
CTACG	1125.0	2040.6	-37.022
CGGTA	969.0	1861.2	-36.975
AGCAT	6116.0	12833.3	-36.936
ATGCT	6317.0	13276.8	-36.927
TGTGG	12836.0	27792.0	-36.310
GAAGC	7414.0	15718.4	-36.307
GCGGC	5057.0	10515.0	-36.228
TGCTG	13633.0	29584.9	-36.007
ACCGT	1412.0	3339.7	-35.815
TGTCC	7121.0	15097.6	-35.118
GCATC	4341.0	9474.1	-34.862
TACCA	3797.0	7781.3	-34.724
CCGTG	3643.0	7464.9	-33.616
GGGTG	13410.0	29183.3	-33.358
TTAAT	6778.0	14384.7	-33.232
GACCG	1932.0	3790.3	-31.489
AGGCC	8795.0	18972.6	-29.703
TAACG	743.0	1807.2	-29.502
TGCTT	9140.0	19751.1	-29.459
CAAGA	6813.0	14561.5	-29.221
GTCGG	2209.0	4416.0	-29.161
GGTAT	3865.0	8030.6	-29.156
ATGAT	6274.0	13366.6	-29.066
GGCCG	5319.0	11244.3	-29.065
AACGG	1524.0	2956.6	-28.473
ACGAT	1001.0	2105.9	-28.469
AACAG	6610.0	14132.4	-28.413
AAGGT	6515.0	13920.6	-28.372
TTGAT	6317.0	13482.5	-28.209
GTGTT	7918.0	17064.8	-27.977
GGGGC	12798.0	28016.6	-27.918
CAACG	1225.0	2332.8	-27.616
TTGAC	4075.0	8526.8	-27.448
CCGTT	1421.0	3212.5	-26.984
GCCGC	4151.0	8708.7	-26.783
GAAAA	10474.0	22834.3	-26.715
GAGCA	7531.0	16240.4	-26.582
CTGCT	10675.0	23300.2	-26.366
TACGG	1071.0	2023.2	-26.074
CCGTA	943.0	1774.3	-26.067
CTTCA	7027.0	15138.3	-25.641
CAGCG	3512.0	7323.2	-25.461
GCTGC	10484.0	22905.8	-25.365
CATCC	5614.0	11992.9	-25.289
TTAAA	9212.0	20051.1	-25.239
AGTAG	4730.0	12656.3	-25.204
TTTAA	10483.0	22909.4	-25.201
AGCGG	3442.0	7178.8	-24.966
AGTCG	1428.0	2792.9	-24.948
AACTT	5947.0	12748.7	-24.728
CCCCA	10253.0	22419.5	-24.507
TCATC	5102.0	10875.1	-24.258
GCACG	2138.0	5010.6	-24.205
CGACG	840.0	1866.8	-24.148
AAGCT	6379.0	13737.6	-23.913
AAGCA	7276.0	15996.6	-23.804
CCTTT	9213.0	20102.8	-23.761
ACCAG	6552.0	14128.8	-23.730
TTAAC	3773.0	7940.7	-23.426
CCCTC	8772.0	19132.4	-23.138
GCATA	2654.0	6806.8	-22.913
GTTTT	12586.0	27747.4	-22.825
TGGTA	5064.0	10829.0	-22.729
TCGTC	1423.0	2813.0	-22.374
CGTAA	889.0	1688.6	-22.133
TAACC	2710.0	5621.2	-22.011
CGTAT	933.0	1847.6	-21.890
CAGAT	6515.0	14110.9	-21.590
TAGTG	4380.0	9334.4	-21.550
CTTAA	4848.0	10378.0	-21.506
TCGTA	825.0	1551.2	-21.482
TTTGC	8163.0	17826.7	-21.289
ATACT	3519.0	7425.4	-21.272
CTGAA	8144.0	17788.6	-21.170
ATCGT	1256.0	2471.9	-21.035
GTAAC	2804.0	5848.3	-20.990
TTCGT	1637.0	3295.3	-20.778
CCAGT	6710.0	14574.6	-20.726
AGCGT	1970.0	4021.4	-20.713
GTAGA	4268.0	11466.4	-20.668
ACCGG	1830.0	3720.0	-20.558
GGTAC	2733.0	5700.8	-20.474
TACCT	4200.0	8957.0	-20.430
CTTCG	1994.0	4079.9	-20.344
CAGTA	4499.0	9629.1	-20.329
ATCCG	1418.0	2828.6	-20.271
GAAGG	10459.0	24878.3	-20.217
AGGGG	10976.0	26268.5	-20.217
AGCAA	6186.0	14314.8	-20.217
GCAAC	3283.0	8475.4	-20.217
CAACA	4982.0	11549.7	-20.217
TTTTT	36278.0	84804.2	-20.217
TTCAT	6887.0	16534.8	-20.217
CAGCT	9396.0	22298.9	-20.217
ACTGC	5594.0	14571.3	-20.217
CCCTA	3416.0	7811.7	-20.217
TAGCA	3946.0	9013.2	-20.217
GAAGT	6565.0	15505.8	-20.217
AAGTG	7355.0	19493.0	-20.217
AGTGG	9524.0	22298.6	-20.217
GTGTG	16211.0	40786.0	-20.217
GTGCA	7349.0	17109.1	-20.217
GGTCC	4965.0	11673.8	-20.217
CCAGC	10200.0	26724.9	-20.217
CTGCA	10376.0	23816.6	-20.217
TGCAG	11206.0	27122.2	-20.217
GCAGG	12037.0	28242.4	-20.217
AGGAA	11320.0	26046.2	-20.217
GGAAG	12214.0	28935.7	-20.217
GCCGA	2375.0	5841.8	-20.217
GGGCG	6097.0	14835.5	-20.217
GGAGG	18192.0	42635.5	-20.217
CGGCC	4028.0	9732.6	-20.217
GCCTG	12513.0	30724.0	-20.217
TTAGT	4491.0	11285.0	-20.217
GGCAT	5381.0	13582.3	-20.217
AGCAC	5151.0	12389.1	-20.217
CAGGA	10485.0	26697.0	-20.217
GGTGA	8829.0	20696.2	-20.217
TGACG	1570.0	3511.8	-20.217
GACGG	2567.0	6239.1	-20.217
CGGGT	2814.0	6870.4	-20.217
TGCAC	4881.0	12937.6	-20.217
GTGCC	6584.0	15867.7	-20.217
GATGT	5627.0	13076.0	-20.217
AACAT	5341.0	13229.0	-20.217
ACATG	5232.0	14087.8	-20.217
AGGAC	5930.0	13198.7	-20.217
CCCTT	7272.0	16356.6	-20.217
CCTTG	7248.0	17681.3	-20.217
CATGA	5685.0	13885.1	-20.217
GCTTG	6325.0	14716.3	-20.217
TGGCC	9264.0	21554.7	-20.217
TGTAG	5457.0	13050.1	-20.217
TAGAA	5560.0	13531.7	-20.217
GCTGA	8288.0	19762.0	-20.217
GGTTG	6020.0	14678.2	-20.217
TGAGG	11041.0	26644.6	-20.217
GCGTG	3877.0	9594.7	-20.217
AGAAT	7017.0	17273.8	-20.217
GCAGA	8893.0	20433.2	-20.217
AGACG	2029.0	5518.6	-20.217
CGTTG	1510.0	3251.8	-20.217
CTGTA	5894.0	14895.0	-20.217
GGCTG	13930.0	35291.2	-20.217
CACCA	6582.0	16163.6	-20.217
TCCAT	5535.0	13837.0	-20.217
TCGTT	1408.0	3054.2	-20.217
CGTTA	794.0	1800.6	-20.217
AGACC	5249.0	12464.2	-20.217
TGCCT	10068.0	24707.3	-20.217
CCTTC	7883.0	17978.4	-20.217
CTTCT	9110.0	21235.7	-20.217
TGAAC	4836.0	12084.3	-20.217
GAACT	4977.0	12437.9	-20.217
CTTTC	8184.0	19337.0	-20.217
TCAAG	5885.0	13773.6	-20.217
CAAGT	5289.0	12355.6	-20.217
AAGTT	6217.0	14534.9	-20.217
GACCT	5367.0	12651.1	-20.217
CCTCA	8094.0	19124.5	-20.217
TCATG	5346.0	14247.4	-20.217
CATCT	6447.0	15346.1	-20.217
TGGTG	11728.0	28322.9	-20.217
CCGTC	2032.0	4669.3	-20.217
TCTAC	3259.0	8212.9	-20.217
AGATG	8677.0	19659.2	-20.217
GATGG	8140.0	20287.0	-20.217
GAATA	4282.0	10458.7	-20.217
TTATC	3776.0	8929.1	-20.217
AAGGA	9563.0	21968.7	-20.217
GTGCT	7847.0	17985.6	-20.217
TCCTT	8799.0	20323.3	-20.217
CTTGC	5704.0	13595.8	-20.217
GATGC	4713.0	10550.6	-20.217
TGATT	7024.0	16456.4	-20.217
AATGA	6639.0	16581.3	-20.217
ATGAC	3971.0	8918.5	-20.217
CATAC	2360.0	5393.1	-20.217
ATGCC	5302.0	12070.5	-20.217
TTGAA	8009.0	18768.7	-20.217
GCAAG	5524.0	12825.7	-20.217
GGTGC	7013.0	16420.7	-20.217
CCTGT	9558.0	22743.5	-20.217
TAAGA	4768.0	11563.4	-20.217
GATAA	3780.0	8968.9	-20.217
ATAAG	3472.0	9102.8	-20.217
TTGTA	6270.0	15325.7	-20.217
TGTAT	6888.0	16587.8	-20.217
TGTTC	6492.0	14824.2	-20.217
GAATG	6584.0	15828.0	-20.217
ATGGT	5710.0	14975.7	-20.217
TGAAT	6877.0	16370.4	-20.217
TTAAG	4958.0	11981.8	-20.217
CGTTT	1991.0	4625.0	-20.217
GTCTT	6659.0	15786.4	-20.217
ACCAT	4617.0	11410.2	-20.217
CCATG	6557.0	17204.8	-20.217
AAGAC	5158.0	11657.9	-20.217
GAGAA	10213.0	23719.8	-20.217
TGTTA	5579.0	12796.2	-20.217
GATCA	4121.0	9546.2	-20.217
TTTGA	9355.0	22344.5	-20.217
GATTA	3752.0	10687.1	-20.217
GTGGT	8693.0	20109.1	-20.217
ATCCT	5480.0	13128.4	-20.217
TTCGG	1582.0	3818.3	-20.217
CGGGG	6828.0	15973.7	-20.217
GGGTA	4055.0	9557.0	-20.217
ATAGC	2667.0	6272.9	-20.217
CTTAT	4165.0	9482.0	-20.217
CCTTA	3817.0	8636.9	-20.217
TGGAT	6857.0	15448.9	-20.217
TTTAC	4878.0	11434.8	-20.217
AGCTA	3873.0	10294.0	-20.217
CGGAC	1496.0	3466.2	-20.217
GAACC	4060.0	10017.1	-20.217
TACCC	2996.0	6639.9	-20.217
AACCT	5114.0	12022.8	-20.217
TTTCC	9701.0	22470.8	-20.217
TAGTA	3247.0	8469.4	-20.217
TGCGT	2346.0	5117.4	-20.217
TTGCC	5936.0	14345.8	-20.217
GGCGC	3471.0	10154.4	-20.217
GTAGG	4378.0	10201.3	-20.217
GCATT	4960.0	12386.3	-20.217
CCGCT	2403.0	5592.4	-20.217
GTAAA	4979.0	11472.3	-20.217
GTCCG	1669.0	3899.1	-20.217
TATGC	3106.0	7066.9	-20.217
TACAT	4087.0	10191.9	-20.217
TTGCT	8131.0	19691.0	-20.217
GACCA	5049.0	11146.6	-20.217
TCCGC	2046.0	5672.6	-20.217
ACGTC	1176.0	2853.6	-20.217
CGTGC	2659.0	5878.5	-20.217
CGGAT	1274.0	2824.4	-20.217
GTATT	5464.0	12701.6	-20.217
GTTGC	4644.0	11461.0	-20.217
ATGTA	5289.0	11982.6	-20.217
TACGT	1182.0	2532.2	-20.217
CCGAA	1447.0	3300.1	-20.217
GCGGT	2311.0	5572.5	-20.217
CGGTG	3244.0	7496.1	-20.217
ACCCG	1958.0	5137.2	-20.217
TGTCG	1685.0	3672.1	-20.217
ACGAC	942.0	1959.8	-20.217
ACGGT	1364.0	3205.9	-20.217
TGCGG	3280.0	7483.1	-20.217
AGCCG	3182.0	7471.9	-20.217
CTACT	3673.0	9735.9	-20.217
GGATC	4000.0	9330.4	-20.217
AGGTC	4749.0	12192.5	-20.217
GTCGA	910.0	1878.2	-20.217
GCGGA	2709.0	6796.1	-20.217
CACCG	2226.0	5449.3	-20.217
CCGAC	1365.0	3088.1	-20.217
ACCGC	1714.0	3960.0	-20.217
AACCG	1232.0	2649.8	-20.217
AACGA	1213.0	2407.8	-20.217
ATCGG	1187.0	2366.4	-20.217
GTAGC	3499.0	8406.3	-20.217
CGAAC	734.0	2375.7	-20.217
TACTA	2841.0	6696.6	-20.217
CGATG	1534.0	3084.4	-19.869
CCTAC	3092.0	6508.3	-19.854
CTGTT	8782.0	19286.9	-19.570
TCGAC	841.0	1602.9	-19.543
TTCAG	8451.0	18541.6	-19.473
CCAAG	7424.0	16229.5	-19.302
CGCAA	1120.0	2201.8	-19.163
AGCTG	11686.0	25894.4	-18.744
ACGGC	1805.0	3691.6	-18.727
GACCC	5458.0	11834.8	-18.321
CAGGT	9118.0	20094.4	-18.292
TCGGA	1668.0	3400.5	-18.183
ATACC	2664.0	5593.3	-18.151
CTACC	3204.0	6798.1	-17.889
CCGAT	979.0	1918.9	-17.499
GTGGA	9208.0	20337.1	-17.390
AACGT	1540.0	3139.4	-17.015
TCTTA	5235.0	11371.5	-16.971
TCAAC	3245.0	6919.2	-16.655
ACCGA	1276.0	2573.7	-16.500
GGATG	8082.0	17833.8	-16.192
AGAGC	7479.0	16469.0	-16.123
AGATC	4641.0	10062.5	-16.114
TCGGT	1514.0	3099.1	-16.016
CAGAA	9253.0	20496.3	-16.004
CGTGT	3066.0	6534.0	-15.951
ATCAG	5185.0	11295.7	-15.844
ACAAC	3268.0	6992.7	-15.693
GCCCC	9051.0	20074.2	-15.185
GCTTT	8182.0	18104.0	-15.159
TCAGT	6555.0	14419.0	-15.025
GGCGG	7570.0	16728.6	-14.853
TCGAG	1937.0	4056.6	-14.463
CGAGT	1896.0	3977.6	-13.927
AACCA	4922.0	10764.8	-13.910
TCTTC	8122.0	18030.7	-13.676
CAAGC	5040.0	11039.9	-13.646
AAGAG	9194.0	20475.2	-13.613
GATAC	2424.0	5158.8	-13.604
TCTTT	12880.0	28881.2	-13.555
CCACA	6588.0	14558.1	-13.348
AAACG	1623.0	3387.6	-13.177
TATCG	646.0	1256.2	-13.095
CATTG	5693.0	12537.0	-13.054
GGTCG	1929.0	4069.9	-12.981
GATCG	1367.0	2829.4	-12.814
CGTGG	4320.0	9440.7	-12.800
CCATC	5823.0	12847.8	-12.695
CGTCA	1483.0	3086.8	-12.684
CTGAT	5735.0	12652.7	-12.587
TGTAC	3831.0	8343.1	-12.530
GTCGT	1268.0	2618.5	-12.311
TACCG	843.0	1690.7	-12.238
TTTTA	13748.0	30954.8	-12.157
CCAGA	8250.0	18399.7	-12.046
GCTTA	3508.0	7632.7	-11.981
TAAGT	4721.0	10378.8	-11.888
ACCTA	2977.0	6442.8	-11.736
GACAA	4444.0	9756.0	-11.703
AAAGC	6078.0	13475.0	-11.481
GCCAT	5535.0	12241.9	-11.436
CTGTG	13342.0	30075.7	-11.405
TCCTC	8222.0	18370.6	-11.336
GTATC	2801.0	6059.4	-11.272
CGGCG	3147.0	6844.3	-11.057
TAACT	3957.0	8677.0	-10.969
TACTT	5168.0	11431.6	-10.803
TACTG	4557.0	10047.7	-10.732
GAGCG	3423.0	7478.4	-10.696
TGACC	5510.0	12216.3	-10.692
AAAAC	6682.0	14890.9	-10.613
CCCGT	2441.0	5271.3	-10.446
TTCGA	1339.0	2809.2	-10.435
GGACG	2714.0	5887.4	-10.433
CGACA	1218.0	2543.9	-10.317
AGGTG	11260.0	25378.3	-10.299
TAATG	4950.0	10961.5	-10.229
AGTTG	5844.0	13007.1	-9.955
TCCGA	1420.0	2999.0	-9.946
CGGCA	2371.0	5133.0	-9.801
TCGTG	2221.0	4795.0	-9.771
CATGG	7896.0	17713.6	-9.616
GTTGA	5030.0	11171.7	-9.505
AACAA	6069.0	13548.6	-9.343
GTTAA	4045.0	8942.0	-9.180
CGAGC	2187.0	4736.4	-9.116
CGGAA	2019.0	4359.6	-9.112
AATTG	5287.0	11776.2	-9.089
TCCGT	1817.0	3909.5	-8.945
TGCCG	2571.0	5607.5	-8.903
ACCCC	5974.0	13357.7	-8.808
CAAGG	7068.0	15867.9	-8.679
CTCTT	8299.0	18688.2	-8.657
TAAAG	5838.0	13054.6	-8.623
ATTCG	1031.0	2159.1	-8.610
AGGGC	8529.0	19238.1	-8.289
ACAGT	5901.0	13218.9	-8.251
ACCCT	5622.0	12581.9	-8.203
CGATA	583.0	1185.4	-7.988
CTTGT	6666.0	14990.9	-7.863
GGGGT	10386.0	23550.3	-7.627
ACTGT	6323.0	14218.0	-7.580
ATGTT	7842.0	17709.3	-7.527
GTTGT	5861.0	13162.7	-7.526
TTACT	5022.0	11242.0	-7.512
AGTAA	4805.0	10751.8	-7.384
TAACA	4090.0	9117.8	-7.349
CACAG	8382.0	18962.8	-7.335
CTTAC	3093.0	6846.0	-7.327
ATCTT	6208.0	13971.7	-7.309
TACGC	664.0	1372.6	-7.291
CTGTC	7718.0	17446.7	-7.160
TGCCC	8867.0	20093.8	-7.070
AAGCC	5674.0	12763.3	-6.977
ACCTT	5171.0	11611.0	-6.927
TGTTG	9186.0	20850.7	-6.773
CTCTC	7645.0	17312.7	-6.613
GGAAC	5046.0	11343.7	-6.566
ATGTG	8960.0	20351.6	-6.488
AATGC	4714.0	10595.3	-6.313
TTGGA	7549.0	17111.4	-6.301
GGGCT	10232.0	23300.5	-6.236
CCAAC	3979.0	8916.5	-6.203
AACGC	1126.0	2424.5	-6.142
GTCTG	7754.0	17598.0	-6.116
CAACT	3814.0	8542.3	-6.075
TCAGA	7260.0	16463.6	-6.067
TGAGT	7655.0	17377.6	-6.009
AAACT	6374.0	14428.7	-5.982
ACGTG	2715.0	6035.1	-5.966
CTGCC	11226.0	25627.0	-5.876
TTGTG	8756.0	19927.3	-5.866
TTGGT	7141.0	16202.4	-5.857
ACCTG	7886.0	17921.3	-5.831
TAATA	4618.0	10401.1	-5.786
GCGGG	6828.0	15489.1	-5.733
ACTTC	5042.0	11383.7	-5.670
AACTG	5873.0	13302.4	-5.557
GTCCT	6273.0	14227.4	-5.497
CAGTT	6563.0	14895.9	-5.493
TATCC	3036.0	6788.3	-5.469
GAGCT	7807.0	17768.1	-5.427
CTTTG	9974.0	22773.2	-5.415
TTGTC	5592.0	12663.6	-5.405
CTTAG	4169.0	9392.4	-5.392
CGAGG	3944.0	8876.6	-5.351
GTTGG	7048.0	16023.5	-5.348
ATGCG	1366.0	2987.9	-5.337
TCGAT	872.0	1871.0	-5.337
TCCCT	9155.0	20892.7	-5.277
AAATC	4774.0	10790.0	-5.271
ATTGG	4852.0	10977.1	-5.126
CGCCG	2497.0	5572.9	-5.098
GTGGC	9232.0	21089.0	-5.060
ACTAC	2565.0	5730.8	-5.032
ATGGA	7263.0	16547.6	-4.960
GCCAA	5287.0	11992.5	-4.915
GTACA	3402.0	7659.0	-4.849
GATTT	7376.0	16820.3	-4.823
ATCCA	4762.0	10791.3	-4.789
GTATA	3298.0	7422.3	-4.767
AGGAT	6618.0	15077.0	-4.730
TTACC	3200.0	7200.7	-4.727
CTCGT	1713.0	3798.8	-4.659
TTTCT	15213.0	34984.9	-4.582
TTCTT	12575.0	28875.9	-4.557
CGAAA	1226.0	2693.1	-4.530
GTTCG	1307.0	2877.6	-4.511
TGTGC	8744.0	20010.7	-4.504
TCGGG	3121.0	7033.1	-4.439
ATTAA	5336.0	12138.1	-4.424
CGCTA	787.0	1704.4	-4.378
AGGAG	14247.0	32778.2	-4.311
ATGTC	4658.0	10579.7	-4.311
TGGCA	8165.0	18692.1	-4.255
CCTAA	3523.0	7972.3	-4.154
GCGAG	2956.0	6666.8	-4.153
TGACT	5894.0	13451.4	-4.082
TCCTA	4105.0	9318.9	-4.081
GGTAG	4547.0	10342.2	-4.038
AAGCG	2103.0	4714.4	-4.023
CCTCT	8948.0	20534.5	-3.939
TAAAC	3737.0	8479.7	-3.932
CCGGT	1742.0	3895.3	-3.815
CGGGC	4559.0	10386.2	-3.780
ATACG	770.0	1682.0	-3.674
TCTAG	4171.0	9499.6	-3.618
CCCAC	7257.0	16650.1	-3.546
GTGTC	6206.0	14218.8	-3.511
TATGA	4550.0	10384.3	-3.503
GGCTT	7174.0	16464.0	-3.487
GTCCA	4538.0	10360.8	-3.467
GACTT	5261.0	12036.8	-3.414
CAGTC	4908.0	11220.2	-3.404
CTAAC	2370.0	5358.0	-3.394
GGACA	6358.0	14580.0	-3.386
TCGAA	1164.0	2588.1	-3.377
TTACG	888.0	1959.5	-3.375
TTCCT	10794.0	24888.8	-3.306
TCTGC	8306.0	19111.7	-3.293
TGGGT	10040.0	23159.3	-3.110
CTGAC	5540.0	12713.1	-3.068
ATCAT	4633.0	10611.7	-3.037
GAGTA	4064.0	9300.8	-2.969
TTGTT	11169.0	25803.0	-2.953
AACTA	3298.0	7530.5	-2.879
ACTGG	6664.0	15338.9	-2.868
GTTTG	8332.0	19217.7	-2.858
AGTGT	7005.0	16137.2	-2.835
CGTTC	1351.0	3041.6	-2.768
GTCCC	6200.0	14272.1	-2.757
ACTTA	3715.0	8507.8	-2.715
AAAAG	9325.0	21546.7	-2.709
TAGGT	4054.0	9301.8	-2.642
TGCCA	7567.0	17465.5	-2.617
GCGTT	1469.0	3323.4	-2.574
TATTG	5033.0	11579.4	-2.557
TATTC	4351.0	10006.0	-2.456
AGCTT	6239.0	14396.1	-2.451
CGAAT	886.0	1989.4	-2.360
TCCAA	4880.0	11242.1	-2.356
TGGTT	7484.0	17308.7	-2.303
ATAGT	3650.0	8392.4	-2.273
GTAGT	3594.0	8264.1	-2.258
TATAC	2570.0	5889.5	-2.209
TATCA	3581.0	8237.7	-2.204
CTTTA	6063.0	14020.9	-2.125
TGACA	5725.0	13236.7	-2.108
CGTCC	2024.0	4631.8	-2.094
GCTCG	2047.0	4689.0	-2.062
GCCGG	4663.0	10771.0	-2.055
AGCCC	7743.0	17945.9	-2.046
TTCCC	8280.0	19203.5	-2.005
CAGAC	5296.0	12250.0	-1.983
TATAG	3258.0	7505.1	-1.981
AGCGC	2298.0	5276.4	-1.942
CGACC	1316.0	3001.9	-1.933
CGTAG	1012.0	2298.1	-1.931
TCGCC	2069.0	4748.3	-1.909
GCCTT	6918.0	16041.4	-1.895
ACGCA	1334.0	3047.3	-1.846
TGTCT	9220.0	21426.7	-1.804
CGAGA	2464.0	5673.2	-1.800
GGGGA	12271.0	28554.7	-1.795
TAAAT	6824.0	15842.8	-1.753
CTATC	2324.0	5358.4	-1.668
CGCCA	2497.0	5762.3	-1.668
AATGT	6930.0	16104.5	-1.661
TTCGC	1181.0	2705.9	-1.644
GAAAT	7470.0	17370.7	-1.626
GCTTC	6215.0	14441.7	-1.603
GATTG	4558.0	10574.2	-1.590
CGCTG	3422.0	7928.6	-1.560
ATATT	6790.0	15806.4	-1.450
ACGGA	1734.0	4001.8	-1.447
CGGTC	1435.0	3306.2	-1.440
CAGTG	10324.0	24078.2	-1.427
ATGGC	5522.0	12849.8	-1.420
CTTCC	9144.0	21362.8	-1.370
GTTCT	6429.0	14976.3	-1.366
ACTAT	3005.0	6973.1	-1.365
GCAGT	7129.0	17627.3	-1.360
ACTTT	7599.0	18089.9	-1.353
CCTCC	11766.0	29166.6	-1.349
ATTGC	4371.0	10169.0	-1.349
TGTGT	16932.0	41409.7	-1.340
AGAAA	12235.0	28567.4	-1.340
TGATA	4157.0	9672.3	-1.303
AGCGA	2122.0	4919.2	-1.293
TTCTG	10697.0	25055.0	-1.231
GCGTA	766.0	1763.7	-1.210
ACGGG	2520.0	5858.9	-1.207
ATTGT	5771.0	13947.3	-1.175
TGGAG	13216.0	31698.9	-1.172
AAATT	8448.0	19740.6	-1.154
CCTAT	2957.0	6971.1	-1.145
TTTAT	10486.0	24733.5	-1.136
GTTTA	5019.0	11719.4	-1.108
CTATT	4158.0	10380.1	-1.102
ATCTG	6341.0	14905.3	-1.097
ACCAC	4515.0	10861.7	-1.093
TTTTG	14661.0	34551.9	-1.078
GAGGG	13022.0	30478.1	-1.077
GCACC	4831.0	11748.5	-1.074
CCGGA	2501.0	5827.4	-1.073
CGCTT	1676.0	4269.8	-1.072
GTCAG	5977.0	14571.4	-1.072
TTATT	9950.0	23558.9	-1.040
GTGCG	2878.0	6832.0	-1.037
TGGCG	3135.0	7985.2	-1.036
CACGT	2070.0	4889.6	-1.036
ATAAC	2558.0	6080.0	-1.028
GTGAA	6891.0	16466.3	-1.028
TTTGT	13494.0	31601.8	-1.016
TACTC	2878.0	6719.4	-0.998
CATTT	9124.0	23562.0	-0.997
GCTGG	14520.0	36315.3	-0.988
AAAGT	6863.0	17567.0	-0.982
TCCAG	9191.0	21528.8	-0.943
CGCAG	3008.0	7253.8	-0.941
ACGTT	1345.0	3137.5	-0.931
TGCTA	4015.0	9681.0	-0.930
GGCCT	9545.0	22368.4	-0.906
TGCAA	4977.0	14170.7	-0.905
TCCTG	11825.0	29445.4	-0.895
AGTGC	6265.0	15515.8	-0.891
TCTGT	10491.0	25075.4	-0.885
TTCCG	1764.0	4408.5	-0.870
AATCG	957.0	2347.2	-0.869
CTGGT	8031.0	18828.1	-0.869
TCCAC	5036.0	11799.0	-0.865
ACTTG	5560.0	13029.0	-0.862
ACTGA	5639.0	13214.7	-0.860
AACAC	3808.0	8924.4	-0.823
TTATA	5132.0	12034.8	-0.808
TCTGA	7439.0	17455.8	-0.800
ACACT	4135.0	9696.4	-0.797
TTATG	5125.0	12132.4	-0.783
AAACC	4768.0	11610.8	-0.776
CCAAA	6245.0	14655.8	-0.772
TCACC	5408.0	13256.7	-0.769
CTCTG	10873.0	27315.7	-0.765
CATTC	5026.0	11939.6	-0.762
TTTGG	10178.0	24275.2	-0.760
TTAGA	4848.0	11377.3	-0.758
GATCC	3919.0	9199.8	-0.743
TCAGC	7266.0	17060.8	-0.742
TTGGG	9735.0	23138.2	-0.732
TATGT	5896.0	14667.0	-0.731
AATAT	6031.0	14165.0	-0.717
GAATT	5942.0	13957.7	-0.716
CCCCG	4672.0	10974.7	-0.712
GTTAT	3709.0	8711.1	-0.709
CAACC	3747.0	8884.2	-0.674
AGCTC	6179.0	14528.1	-0.656
CTTGA	5736.0	15355.2	-0.651
TAGCT	4399.0	11295.5	-0.639
CTGGC	9832.0	23125.5	-0.636
AGAGG	11184.0	26334.4	-0.618
TATTT	12180.0	29224.4	-0.616
CGATC	992.0	2576.8	-0.613
GGCGA	2319.0	5462.8	-0.609
GACAT	4265.0	10042.5	-0.602
TTCTC	8934.0	21024.7	-0.601
ACACC	4019.0	9461.2	-0.600
ATTTT	15678.0	38055.3	-0.599
GGCCA	8262.0	19534.8	-0.586
TGGAA	9330.0	21960.6	-0.581
TGAAA	9178.0	21605.1	-0.578
ATGAG	6602.0	16038.7	-0.576
ACGCT	1337.0	3155.3	-0.571
GTTAC	2704.0	6376.0	-0.568
AGTTA	4131.0	9734.4	-0.566
GTGTA	4678.0	11151.4	-0.547
GGTGT	8002.0	19132.4	-0.538
TAGGG	4411.0	11011.9	-0.531
GGGTC	6287.0	15070.0	-0.531
GGAGA	11351.0	27833.6	-0.521
CCTGA	8569.0	20194.9	-0.515
TTGGC	6144.0	15418.9	-0.500
GGAAA	9248.0	22381.3	-0.500
TATGG	4330.0	10283.0	-0.486
GAGGT	7986.0	20390.4	-0.485
TAGCG	788.0	1872.9	-0.469
CTACA	3719.0	8786.1	-0.467
TAATT	6783.0	16241.5	-0.452
GTTAG	3239.0	7900.2	-0.441
TGCTC	6189.0	15252.3	-0.439
CAGGG	11991.0	28287.7	-0.432
CGGGA	4085.0	9661.4	-0.426
ATTTG	8221.0	19412.5	-0.419
ACTAG	2362.0	6048.2	-0.418
ATTCT	7090.0	17163.7	-0.418
ACTCT	5075.0	11998.2	-0.417
ACCTC	5615.0	14419.2	-0.403
TTTCA	8686.0	22072.3	-0.396
TGGGC	10108.0	24804.5	-0.387
AAGTC	4421.0	10465.2	-0.384
GCCCG	4026.0	9716.1	-0.383
CGACT	1043.0	2488.4	-0.375
ATATC	2855.0	6771.5	-0.375
TTCTA	5645.0	13368.2	-0.371
TAAGC	2915.0	7002.0	-0.369
TAAGG	4148.0	10135.1	-0.353
TCGGC	2033.0	5775.5	-0.353
CATAG	3142.0	8022.2	-0.350
CCATA	2851.0	6768.6	-0.347
TGTAA	5959.0	15322.3	-0.347
TAGTT	4547.0	10777.3	-0.343
CCCGC	3993.0	10066.5	-0.342
GACGT	1403.0	3488.8	-0.339
TAGAT	3885.0	9216.4	-0.337
CGATT	1049.0	2508.6	-0.336
GGGAG	15715.0	38485.8	-0.336
GTCAA	3280.0	7788.3	-0.328
CTAAA	4473.0	10607.1	-0.324
ATTTA	7260.0	17863.3	-0.318
GGGCA	9291.0	22167.2	-0.310
GGTTT	7565.0	19146.3	-0.310
CTATG	3673.0	8726.9	-0.302
TACAG	5422.0	14130.3	-0.299
GTAAT	3989.0	10171.4	-0.294
GGTTA	3203.0	7616.1	-0.292
CGTCT	2111.0	5033.4	-0.292
GTCTA	2621.0	6243.9	-0.282
TTCAA	5665.0	14511.8	-0.276
TGGTC	5289.0	13632.5	-0.275
CTGCG	3601.0	8570.0	-0.272
AGTCA	4912.0	11664.7	-0.272
TAATC	3070.0	8675.0	-0.269
TAGGA	4655.0	11482.3	-0.257
GGGAC	7117.0	16884.8	-0.253
CAGCC	10871.0	26862.1	-0.253
GAAAG	8492.0	21596.4	-0.250
TCGCA	1051.0	2529.7	-0.250
CCCAG	13447.0	35110.0	-0.245
TCTTG	7490.0	19098.4	-0.241
ATTCA	5219.0	12484.1	-0.236
ATCTA	3063.0	7306.7	-0.236
TATCT	4474.0	10814.8	-0.224
AGATT	5915.0	14060.2	-0.222
CACTG	7932.0	19915.5	-0.204
CTCCT	10392.0	25216.8	-0.202
CCCGA	2354.0	5726.6	-0.202
TTACA	4879.0	13839.0	-0.202
CGCCC	3552.0	10390.7	-0.201
GTTCC	4857.0	11569.8	-0.200
ACTCG	1301.0	3136.8	-0.199
GGCAG	12444.0	29531.9	-0.193
CCATT	5900.0	14049.0	-0.184
TAGAC	2405.0	5765.8	-0.183
CTAGT	2882.0	6897.3	-0.180
TATTA	4804.0	11626.9	-0.177
CTAGC	2582.0	6188.9	-0.173
ATGGG	7996.0	19218.5	-0.170
TTTAG	6261.0	15491.4	-0.170
TCATT	7022.0	16719.0	-0.165
AGTTT	8292.0	20490.3	-0.164
AATGG	6114.0	15284.4	-0.160
TGATC	4542.0	11166.0	-0.158
TTTCG	1406.0	3497.2	-0.150
GCTAA	3221.0	8667.1	-0.143
GTTTC	6359.0	16933.8	-0.141
AAAGA	9760.0	23365.6	-0.137
AAAAA	15973.0	43860.1	-0.136
GACTG	5883.0	14044.7	-0.132
AAGGG	7630.0	19759.3	-0.132
CCCAA	5884.0	14724.9	-0.130
AGTCC	4568.0	11348.8	-0.126
ACGCC	1792.0	5183.9	-0.124
CTGGG	17047.0	43758.5	-0.121
GCTCT	6691.0	16843.2	-0.111
AATAG	4042.0	9693.0	-0.111
GAAAC	5495.0	13455.2	-0.111
TCTCC	8353.0	20129.1	-0.108
TGGCT	10153.0	24192.8	-0.107
GTTCA	4767.0	12502.9	-0.102
CGGTT	1276.0	3110.1	-0.102
TCTAA	3958.0	9500.8	-0.101
CCACT	5678.0	14150.2	-0.100
AATAC	3439.0	8545.3	-0.100
TGTCA	6146.0	14700.9	-0.100
CCACC	8203.0	19930.3	-0.099
GGGAA	9569.0	24329.1	-0.099
GCTAC	2834.0	6890.2	-0.093
GTGAG	10037.0	23949.1	-0.084
GCGTC	1814.0	4409.9	-0.080
CACCC	6663.0	15953.6	-0.078
CTAGA	3734.0	8989.6	-0.077
ACAGG	7611.0	20073.4	-0.072
AAAGG	7941.0	18996.5	-0.071
GGATA	3364.0	8118.4	-0.068
ATTAT	5612.0	13676.0	-0.067
AATTT	9408.0	23093.5	-0.066
TGGGA	12263.0	32512.9	-0.061
AACCC	4012.0	10684.9	-0.061
CAAAG	6974.0	17155.8	-0.061
GAGGC	9922.0	26661.4	-0.060
GTGAC	5090.0	12240.6	-0.058
CTCCC	10383.0	26190.7	-0.057
GCCCA	7846.0	19782.0	-0.056
ACTAA	3141.0	7728.5	-0.056
CAGAG	10959.0	26803.6	-0.056
CGCGG	2605.0	6943.3	-0.054
TCTCT	9932.0	23914.1	-0.053
GGTCA	4908.0	12733.3	-0.053
TGCGA	1365.0	3354.8	-0.051
TCTGG	9425.0	23188.9	-0.051
AGTTC	4972.0	12451.7	-0.050
TCAAA	5627.0	14031.2	-0.049
GCTAT	2979.0	7397.3	-0.049
GACTA	2498.0	6207.1	-0.049
GGGTT	6834.0	17511.9	-0.049
TCATA	3398.0	8485.5	-0.048
CTTGG	8498.0	20585.4	-0.043
GTCAC	4069.0	9834.3	-0.042
CTCCA	7781.0	19031.6	-0.041
TTGAG	7326.0	19401.1	-0.041
CACGG	2272.0	5543.6	-0.038
AAGGC	5899.0	14211.3	-0.035
CTGGA	11063.0	26971.6	-0.034
AATTC	4544.0	10985.1	-0.032
CCCAT	5444.0	13358.7	-0.032
CCTGG	15372.0	37836.4	-0.032
TTGCG	1296.0	3216.1	-0.029
AATAA	6539.0	16517.5	-0.027
ACCCA	5562.0	14019.3	-0.027
ACATT	5612.0	13917.5	-0.027
GGAGT	7526.0	20839.2	-0.027
CCGCG	2234.0	6212.2	-0.027
CACCT	6968.0	16788.9	-0.025
GTGAT	5872.0	15799.8	-0.024
CGGAG	3820.0	9378.7	-0.023
CATAA	3162.0	8342.8	-0.023
ACAGA	7634.0	18387.4	-0.022
CCTAG	3868.0	9401.3	-0.021
CTAAG	3332.0	8578.5	-0.021
AAACA	7120.0	17167.2	-0.021
AGGTT	5708.0	15147.7	-0.020
TCCCA	8391.0	23644.7	-0.020
ATAAT	5008.0	12389.3	-0.020
CGCGT	1032.0	2584.6	-0.019
GCGCC	3176.0	9067.7	-0.019
ATCGC	1067.0	2671.7	-0.018
ATTCC	4668.0	11325.9	-0.018
TGAGC	7334.0	19302.4	-0.017
TCTAT	3821.0	9702.8	-0.016
GAGTG	8612.0	20872.2	-0.016
GTCAT	4112.0	10005.0	-0.015
AATCA	4414.0	10764.0	-0.015
GCCAC	6104.0	15550.5	-0.015
CCGAG	3630.0	8856.0	-0.014
GCCAG	9376.0	22618.4	-0.014
GTCGC	1458.0	3629.9	-0.014
TAGCC	2981.0	7862.1	-0.013
GGTCT	5940.0	15647.5	-0.013
AGGGT	7318.0	17680.8	-0.013
TAAAA	9101.0	22010.3	-0.012
GATCT	4747.0	11542.9	-0.012
ATATG	4419.0	11975.4	-0.011
TTCCA	7544.0	18235.0	-0.011
GACTC	4048.0	9873.0	-0.011
AAATG	8850.0	21440.8	-0.010
CACTA	2456.0	6057.7	-0.009
CATAT	3722.0	9668.5	-0.009
GGACT	5433.0	13204.2	-0.009
AATCT	4751.0	11572.3	-0.009
GGCGT	2579.0	7344.8	-0.008
TTCAC	4710.0	12560.9	-0.008
AGGCA	7963.0	22438.6	-0.008
AAAAT	10742.0	26661.5	-0.007
CATTA	3681.0	9027.5	-0.006
GCTCC	6576.0	15974.1	-0.005
GCCTC	9131.0	24308.3	-0.005
TTAGC	3379.0	9169.2	-0.005
CTCGC	2065.0	5136.5	-0.005
GACGC	1432.0	4098.4	-0.005
GAGTT	5911.0	15438.0	-0.005
GCACA	5223.0	12739.8	-0.005
TCGCG	905.0	2314.9	-0.005
CTGAG	10505.0	27476.1	-0.005
CTCAT	5229.0	13168.9	-0.005
CCGCC	4686.0	11616.5	-0.004
GACAC	3700.0	9085.6	-0.004
GAATC	3671.0	9467.5	-0.004
GCGCA	2027.0	5050.6	-0.004
CCAAT	3069.0	7598.8	-0.004
GACAG	7105.0	17750.7	-0.004
CGTGA	2399.0	6013.1	-0.004
AGACT	5320.0	12991.5	-0.003
TTAGG	4423.0	10839.5	-0.003
CAAAT	5261.0	12863.7	-0.003
GGCAA	4771.0	12296.7	-0.003
ACTCA	4289.0	10529.4	-0.003
CAAAC	3955.0	9744.6	-0.003
ATCCC	4618.0	12016.3	-0.002
GCGAA	1085.0	2775.7	-0.002
ATTTC	6919.0	17428.3	-0.002
AGGGA	10247.0	26310.3	-0.002
CAGGC	9724.0	27083.0	-0.002
TGTGA	8752.0	21940.2	-0.002
CGGCT	3027.0	7668.2	-0.002
GCCTA	2940.0	7305.5	-0.001
TCAAT	3220.0	8408.7	-0.001
CCAGG	13397.0	33705.8	-0.001
CTCAG	9749.0	23677.5	-0.001
GCAAA	5251.0	12890.0	-0.001
GATAG	2871.0	7145.5	-0.001
TCAGG	8273.0	20150.9	-0.001
CAATA	2927.0	7283.5	-0.001
GAGCC	8118.0	20042.3	-0.001
CGCAC	1400.0	3569.9	-0.001
CTCAA	4737.0	12383.0	-0.001
CAATG	3998.0	10302.7	-0.001
CACTT	5554.0	14797.8	-0.001
GGAAT	5715.0	14017.9	-0.001
TCGCT	1741.0	4567.5	-0.001
GCGCT	2282.0	5817.1	-0.001
TATAA	4387.0	11038.1	-0.001
CTAAT	3658.0	9344.1	-0.001
GCGAC	1268.0	3252.9	-0.001
CAAAA	7194.0	18251.0	-0.001
AGAGT	6309.0	15465.9	-0.001
CCTCG	2938.0	7353.9	-0.001
TCACT	6082.0	15872.2	-0.000
ATAAA	6841.0	17250.1	-0.000
CTATA	2617.0	6584.8	-0.000
CTCTA	3859.0	9983.5	-0.000
ATAGG	3236.0	8095.2	-0.000
GATAT	3498.0	9109.2	-0.000
ATTAC	3323.0	9568.8	-0.000
AACTC	4007.0	10506.0	-0.000
TAGTC	2468.0	6246.5	-0.000
TAGGC	3065.0	7691.3	-0.000
TATAT	5510.0	13825.1	-0.000
AGCCT	8731.0	22407.5	-0.000
CGCCT	3171.0	8889.1	-0.000
CCGGC	3655.0	9398.5	-0.000
GGCAC	5198.0	13014.9	-0.000
AGTGA	7881.0	19862.8	-0.000
GCTAG	2914.0	7495.5	-0.000
TAGAG	4763.0	12924.7	-0.000
TCCGG	2349.0	6122.7	-0.000
CACAA	4004.0	10204.0	-0.000
CACGA	1159.0	3206.8	-0.000
GGGAT	6435.0	17258.7	-0.000
ACGCG	850.0	2279.7	-0.000
AGATA	4479.0	11435.4	-0.000
AATTA	5536.0	13957.6	-0.000
CCACG	2424.0	6182.7	-0.000
CCGGG	5825.0	14520.8	-0.000
GGTTC	4537.0	11628.5	-0.000
ACACG	1434.0	3750.0	-0.000
CTAGG	4120.0	10335.1	-0.000
GAGAG	9929.0	26036.3	-0.000
GATTC	4069.0	10253.8	-0.000
AGCCA	7967.0	19674.6	-0.000
GGATT	5724.0	15302.8	-0.000
AGGCG	3520.0	10003.2	-0.000
CTCCG	2777.0	7525.3	-0.000
AGGCT	8315.0	24226.0	-0.000
CCCGG	4879.0	12995.5	-0.000
CACAT	4758.0	12320.5	-0.000
AGTCT	5666.0	14145.1	-0.000
ACAAT	3560.0	9151.4	-0.000
GCGAT	1299.0	3454.0	-0.000
AATCC	3708.0	10762.3	-0.000
GAGTC	4772.0	11997.1	-0.000
TACAA	3951.0	10063.1	-0.000
TACAC	2380.0	6151.4	-0.000
ATTAG	3486.0	9921.0	-0.000
TGCGC	2166.0	5648.7	-0.000
TCCCG	3048.0	8198.8	-0.000
GTCTC	5895.0	16639.3	-0.000
CACAC	5158.0	13266.3	-0.000
AGAGA	9902.0	27924.7	-0.000
AAATA	8235.0	20771.1	-0.000
ATACA	3826.0	10294.3	-0.000
CTCAC	5777.0	14668.6	-0.000
CAATT	3595.0	9860.2	-0.000
CAATC	2326.0	6499.4	-0.000
ACAAA	6264.0	16479.3	-0.000
ATAGA	3751.0	9614.2	-0.000
ATCAC	3556.0	9455.0	-0.000
CTCGA	1324.0	3586.5	-0.000
CGCTC	1872.0	5249.6	-0.000
CACTC	4362.0	11314.2	-0.000
TGAGA	8435.0	23554.3	-0.000
GCACT	4424.0	12396.0	-0.000
ATCTC	4797.0	13104.0	-0.000
GCGCG	2525.0	7072.3	-0.000
ACTCC	4638.0	12754.8	-0.000
TCTCA	6826.0	17955.8	-0.000
GAGAT	6084.0	17663.7	-0.000
CTCGG	3351.0	8713.3	-0.000
TCACA	5043.0	12913.1	-0.000
GGCTA	3286.0	8802.6	-0.000
GGCTC	7352.0	18822.0	-0.000
GCTCA	6275.0	16244.6	-0.000
CGCGA	803.0	2430.3	-0.000
ATATA	4682.0	12206.5	-0.000
TCTCG	2165.0	6024.7	-0.000
ACACA	5445.0	14536.2	-0.000
CACGC	2077.0	5766.9	-0.000
AGACA	6225.0	16256.3	-0.000
GCAAT	2981.0	8785.6	-0.000
GAGAC	5950.0	17559.0	-0.000
ACATA	3468.0	9382.5	-0.000
TCACG	1584.0	4492.5	-0.000
CGCGC	2076.0	5926.0	0.000
