OligoSequence	Target Occurences	Background Occurences	Enrichment(ln p, up to 2 mismatches)
GCCTC	6406.0	49789.7	-558.634
TGGTC	2770.0	20433.9	-383.960
ACCTC	3790.0	30833.6	-358.461
AAGTG	3638.0	29469.2	-353.737
GATTA	3027.0	24804.2	-298.800
CCTCC	5646.0	53342.5	-253.770
AGTAG	3168.0	27507.4	-251.521
GGGAT	2762.0	23477.8	-245.692
GGATT	3134.0	27352.8	-244.992
GCTGG	4781.0	44629.7	-244.934
CCCAA	2952.0	25875.1	-230.744
TGATC	2547.0	21658.9	-230.423
GTGAT	2854.0	24904.8	-228.399
GGGTT	2778.0	24306.1	-221.610
CCTCA	3826.0	36189.7	-201.233
ATTAC	2656.0	23757.5	-196.787
TCCTG	4521.0	44241.8	-189.558
CCACC	3939.0	37996.8	-186.858
CTCCC	4274.0	41941.7	-180.636
TCAAG	2694.0	24802.4	-176.246
GGTCT	2330.0	20943.8	-174.091
AAAGT	3300.0	31711.6	-168.553
GTTGG	2074.0	18569.4	-161.182
CCGCC	1767.0	15374.2	-157.672
GTGCT	2245.0	20639.7	-153.808
CAAAG	2811.0	26953.2	-151.561
GACCT	2031.0	18471.0	-148.592
GCTAA	1961.0	17853.7	-143.602
TTGGC	2363.0	22315.5	-142.661
GGTTC	1802.0	16155.3	-142.650
GTAGC	1791.0	16090.5	-140.850
CTCCT	4420.0	45563.7	-140.736
TCCCA	3658.0	36972.5	-139.656
CCAAA	2871.0	28100.4	-139.347
TCGAA	725.0	5114.7	-136.336
GATCC	1646.0	14675.9	-135.155
CTCAG	3669.0	37356.9	-134.307
TGGGA	3676.0	37595.2	-131.140
TACAG	2880.0	28596.4	-129.891
TGACC	2006.0	18787.4	-129.726
CTGCC	3500.0	35713.5	-128.685
CGAAC	613.0	4201.5	-124.935
CACCA	3276.0	33342.2	-124.446
ATCGG	370.0	2029.9	-123.605
TAGAG	2215.0	21740.8	-112.798
AACTC	2115.0	20604.1	-112.576
TGCCT	3742.0	39385.9	-111.605
GAACT	1877.0	17984.2	-110.771
CTGAC	1931.0	18628.8	-109.916
ACAGG	2965.0	30480.7	-109.631
CAAGT	2143.0	21069.1	-108.760
CTAAT	2158.0	21339.4	-106.368
CTGGT	2289.0	22883.7	-105.131
CCTCG	1180.0	10459.3	-104.037
CCATG	2402.0	24463.6	-98.545
TAGCT	2214.0	22314.2	-98.054
TCAGC	2675.0	27676.1	-97.729
CATGT	2309.0	23501.0	-96.094
CAGGT	2393.0	24607.9	-93.043
CTCGA	858.0	7280.8	-91.990
CGCCT	1501.0	14413.8	-90.942
CTGGG	4036.0	44118.4	-90.924
TCGGA	413.0	2794.9	-89.083
GTTCA	2018.0	20465.0	-88.068
TTACA	2813.0	29796.0	-87.991
GCGAT	642.0	6508.1	-86.078
GTAGA	1944.0	19731.4	-84.939
TCGGC	993.0	8986.7	-82.249
CGACC	268.0	2926.4	-80.970
GCAAC	1369.0	13347.0	-78.029
AAGCG	693.0	5826.8	-78.013
ACCAT	2152.0	22485.9	-77.805
GGCCT	2258.0	23747.7	-77.583
TAGTA	1936.0	20010.1	-76.295
CGGCC	1050.0	9815.2	-75.315
AGTGC	2260.0	24054.9	-72.153
CCTGA	2671.0	29021.8	-71.135
CAACC	1567.0	15900.5	-71.110
TCCGC	892.0	8206.1	-69.750
ATCCG	535.0	4329.4	-69.747
ACTCC	2069.0	21937.3	-68.829
CGGAA	439.0	3365.4	-68.157
CAGGC	3481.0	39067.1	-67.569
CCGAA	246.0	3388.3	-66.287
TGGCC	2392.0	25997.2	-65.344
CTCAA	2281.0	24713.7	-64.379
TGTTG	2652.0	29220.5	-64.085
TCCCG	1094.0	10724.7	-62.661
CGATT	611.0	5317.0	-61.472
AGAGA	2865.0	31999.8	-61.119
GAGTA	1505.0	15605.8	-60.900
ATTTT	7265.0	86125.5	-59.506
ATGTT	2671.0	29796.8	-58.580
TAATT	3386.0	38624.5	-57.793
TTAGT	2176.0	23856.2	-57.151
TTGTA	2583.0	28866.6	-56.478
ACCAC	2057.0	22506.1	-55.612
ACCGC	379.0	5167.3	-55.558
CAAGC	1693.0	18132.3	-54.902
GCGTC	190.0	2811.3	-54.014
CGCAA	238.0	3009.0	-52.570
GGTTT	2569.0	28990.3	-52.122
GGCTA	1381.0	14546.8	-51.603
TGCTG	2706.0	30772.0	-50.729
TGTAT	2511.0	28369.7	-50.599
AGGTG	2187.0	24391.2	-50.578
GATCG	370.0	2982.4	-50.422
TTTTA	5753.0	68841.6	-49.331
GACTA	1068.0	10981.2	-47.653
CCCGC	976.0	9934.7	-46.573
TTTAG	2678.0	30745.6	-46.416
GATTC	1498.0	16223.1	-46.259
AATTT	4334.0	51544.8	-45.465
TCAGG	2054.0	23108.9	-45.079
CCTAA	993.0	13627.1	-44.812
AACCT	1939.0	21738.3	-44.090
TCCAC	1727.0	19224.6	-42.596
ATTCT	2676.0	31029.2	-42.508
CCCGA	699.0	6848.0	-42.138
GGGGT	1572.0	17352.7	-41.910
CGGGT	526.0	6129.2	-40.253
CACCT	2364.0	27299.1	-40.115
ACTAC	1102.0	11735.7	-39.854
GTATT	2225.0	25628.5	-39.391
AGCTG	2485.0	28912.9	-38.953
TTCAA	2428.0	28218.3	-38.740
AGCCT	2969.0	35033.1	-38.606
CTCGG	1071.0	11432.6	-38.306
AGCGA	611.0	5962.8	-38.156
ACGTG	346.0	4971.6	-37.298
GCCGC	290.0	5142.4	-36.842
TGAAC	1494.0	16762.2	-35.512
CGAGT	557.0	5451.3	-34.664
TTGAA	2428.0	28609.3	-33.973
CTCCG	665.0	8623.8	-33.793
GGGCT	970.0	16060.9	-33.519
CTACC	722.0	10407.0	-33.154
CACGT	368.0	5131.0	-32.270
ACGGG	597.0	6017.4	-32.054
ATCCA	1515.0	17250.4	-32.045
GTCTC	2200.0	25969.6	-30.951
CCTGC	2521.0	30058.1	-30.901
AGTGA	2093.0	24612.2	-30.839
CATGC	1564.0	17967.5	-30.465
AAGTA	1809.0	21084.2	-29.973
TCTCG	1104.0	12313.0	-28.910
TCGTA	179.0	2308.1	-28.765
GGTTA	689.0	10328.3	-28.472
AGCTA	1419.0	16312.8	-27.976
TTTTT	15277.0	191748.0	-27.005
GCCAC	1870.0	25319.9	-26.678
GCATC	613.0	9265.2	-26.599
GGTAT	714.0	10981.9	-25.950
AGGAT	1344.0	18713.5	-25.864
GGATA	731.0	10386.8	-25.864
TAACC	679.0	10218.2	-25.864
AACCA	1062.0	16769.9	-25.864
ACCAA	898.0	15207.5	-25.864
CCAAC	674.0	13021.3	-25.864
TTTTC	3012.0	48825.5	-25.864
TCGGG	264.0	4484.9	-25.864
GGGTA	502.0	8970.1	-25.864
TGGGC	921.0	18902.0	-25.864
AGCTT	1158.0	17763.8	-25.864
GCTTA	774.0	10845.0	-25.864
TTATT	3144.0	50374.8	-25.864
TATTT	4894.0	64827.2	-25.864
TTAGC	983.0	15419.2	-25.864
GCTGA	1241.0	19700.7	-25.864
CCTTA	915.0	13793.2	-25.864
TAGGA	1069.0	14529.4	-25.864
ATAGG	865.0	11332.0	-25.864
TAGGT	831.0	12719.6	-25.864
GGTGG	984.0	22096.8	-25.864
GAATT	1441.0	21461.4	-25.864
TTTTG	4881.0	61977.8	-25.864
TTTGG	1963.0	29808.3	-25.864
TTGGA	1501.0	19338.3	-25.864
TGGAT	1132.0	18288.1	-25.864
TCTCA	2135.0	29689.3	-25.864
AGGGA	1243.0	18699.9	-25.864
TGGGT	1359.0	20517.5	-25.864
GTTCG	243.0	2637.9	-25.864
CTCAT	1156.0	19491.8	-25.864
ATAGT	895.0	14656.0	-25.864
TAGTC	607.0	9530.3	-25.864
GTCCT	766.0	14129.1	-25.864
TAGAA	1432.0	21023.1	-25.864
AAGGG	1017.0	15327.3	-25.864
GATTT	1915.0	28212.3	-25.864
TATTA	1786.0	25729.2	-25.864
ATTAT	2055.0	29389.5	-25.864
AGTAA	1261.0	18237.7	-25.864
TAACT	1099.0	15253.7	-25.864
TCTTT	2627.0	43423.8	-25.864
CTTTT	3249.0	48779.4	-25.864
TTTAT	3286.0	50188.8	-25.864
ATCAG	946.0	14311.8	-25.864
CAGAC	830.0	13174.4	-25.864
CCCCA	1049.0	21564.4	-25.864
CCACA	1364.0	20803.8	-25.864
TCGCC	370.0	6178.8	-25.864
CGCCC	995.0	12902.8	-25.864
ACTGC	1618.0	22183.1	-25.864
CTGCT	1275.0	23728.0	-25.864
TGCTC	800.0	17851.5	-25.864
GCTCC	679.0	15465.6	-25.864
CCTAC	569.0	9880.5	-25.864
TACCT	977.0	15111.9	-25.864
ACCTA	657.0	11199.9	-25.864
ATCTC	1486.0	23305.0	-25.864
ATGCT	1095.0	17019.0	-25.864
TAATC	870.0	14893.9	-25.864
AATCT	1334.0	19487.6	-25.864
ATCTT	1466.0	21853.7	-25.864
TTATA	1807.0	25491.4	-25.864
TATAG	1071.0	14040.5	-25.864
AAATT	2752.0	39503.4	-25.864
AGGTT	1483.0	19592.4	-25.864
GTTAA	1076.0	14390.2	-25.864
AATAC	977.0	15453.7	-25.864
GACCA	635.0	13213.9	-25.864
CCAAG	1420.0	20754.4	-25.864
AAGAG	1387.0	20185.0	-25.864
GCCTT	1488.0	20517.3	-25.864
CCCTC	831.0	21099.8	-25.864
TAAGT	1133.0	16652.9	-25.864
AAGTT	1386.0	22268.0	-25.864
AGTTG	1124.0	15567.9	-25.864
CTTAA	1291.0	17730.7	-25.864
TTTCT	3108.0	52737.0	-25.864
TTCTG	1883.0	29944.0	-25.864
CAGCT	1814.0	25940.3	-25.864
CTAAG	798.0	11724.6	-25.864
GGACT	1172.0	14846.4	-25.864
GCAAA	1149.0	16983.5	-25.864
TCAAC	749.0	11638.3	-25.864
CAACT	877.0	13433.0	-25.864
AACTG	1218.0	17238.6	-25.864
CAAAT	1487.0	22957.4	-25.864
AGCCA	1774.0	28170.9	-25.864
AATTA	1753.0	28639.8	-25.864
TAAGC	740.0	10450.8	-25.864
AAGCT	1186.0	18177.8	-25.864
ATTCG	195.0	2699.0	-25.864
CGAAG	250.0	3464.8	-25.864
GCTTC	1020.0	14704.1	-25.864
CAAAC	1276.0	16902.9	-25.864
ACCTG	1489.0	22068.0	-25.864
TGCCG	249.0	4336.0	-25.864
GCCGG	322.0	6097.1	-25.864
CCGGG	657.0	9702.2	-25.864
GGCTT	1086.0	15967.2	-25.864
CCGGC	692.0	9255.0	-25.864
GAAGT	1077.0	17189.1	-25.864
TAGAT	926.0	15887.1	-25.864
AGATT	1514.0	22631.8	-25.864
GATTG	831.0	13126.6	-25.864
GTTGA	988.0	13435.8	-25.864
ATTAG	1062.0	16812.6	-25.864
CTTAG	856.0	13209.4	-25.864
GTGTT	1502.0	20233.4	-25.864
TGTTT	2817.0	45337.4	-25.864
TTTGT	3812.0	50870.8	-25.864
GTTTA	1186.0	19018.9	-25.864
AAGTC	816.0	13829.3	-25.864
GTCTA	513.0	8269.9	-25.864
CTAGT	708.0	10589.3	-25.864
TAAAG	1566.0	21017.0	-25.864
AGTGG	1340.0	22301.5	-25.864
TGGCT	1976.0	28043.8	-25.864
CTGAT	1227.0	17602.9	-25.864
TGCGT	267.0	3565.0	-25.864
GCGTT	261.0	3003.7	-25.864
TTCAG	1615.0	23803.6	-25.864
TGATG	1327.0	19794.5	-25.864
AGAGT	1197.0	18071.9	-25.864
GTTTT	3179.0	44629.5	-25.864
AGGTA	954.0	14029.0	-25.864
GGTAA	724.0	11797.0	-25.864
AAAAT	3336.0	50587.2	-25.864
CTGAG	1868.0	27882.5	-25.864
AGCAT	1121.0	15561.0	-25.864
GCATT	1099.0	16382.8	-25.864
TGGAC	696.0	11108.9	-25.864
CTAAA	1366.0	18761.8	-25.864
CCAGC	1570.0	29581.7	-25.864
AGCTC	1105.0	18578.8	-25.864
TATTG	1261.0	19078.1	-25.864
TAGTG	891.0	12649.2	-25.864
TGTTC	1086.0	17544.5	-25.864
TCCAA	1036.0	17402.1	-25.864
AATGT	1576.0	23269.6	-25.864
GTGGT	986.0	18760.2	-25.864
TGTAG	1135.0	16995.1	-25.864
GAATA	1144.0	15789.0	-25.864
CAACG	161.0	2599.9	-25.864
CGGTC	153.0	2551.6	-25.864
GTCGG	203.0	2589.0	-25.864
GCGAA	161.0	2378.2	-25.864
TAGCC	838.0	13000.8	-25.864
GCCTA	735.0	10646.4	-25.864
TTTGA	2333.0	35134.3	-25.864
TTGAC	948.0	12831.6	-25.864
ATGGT	1385.0	19263.7	-25.864
AAAAA	5124.0	80065.2	-25.864
TCATG	1256.0	18591.2	-25.864
GCTTG	793.0	14064.1	-25.864
TTGGG	1255.0	21266.7	-25.864
CTTCC	1372.0	24930.5	-25.864
TTGTC	950.0	16096.1	-25.864
ATGTA	1255.0	18870.9	-25.864
TACGG	166.0	1961.0	-25.864
GTTCT	1057.0	17520.0	-25.864
TTCTT	2531.0	41936.8	-25.864
CGAAT	209.0	2755.2	-25.864
ATGTG	1378.0	20296.0	-25.864
TGGTA	978.0	15177.2	-25.864
GTAGG	659.0	9651.9	-25.864
CATCC	742.0	14173.4	-25.864
AAAGG	1434.0	20736.3	-25.864
GGAAT	1219.0	16102.1	-25.864
ATCGA	161.0	2238.8	-25.864
CCCCC	766.0	14127.4	-25.864
GCCAA	827.0	15677.6	-25.864
CTCCA	1559.0	26962.3	-25.864
CATGA	1220.0	18971.9	-25.864
ATGAC	765.0	11701.0	-25.864
TGACT	1115.0	16874.2	-25.864
TTAGA	1359.0	18758.0	-25.864
TAGGC	705.0	10003.2	-25.864
ATCCT	1184.0	19256.9	-25.864
ACATG	1048.0	17476.9	-25.864
GCAAG	789.0	13457.1	-25.864
ACTTC	1063.0	15284.2	-25.864
GAGCT	934.0	15116.4	-25.864
ATGAT	1444.0	20722.1	-25.864
GATAA	936.0	14336.4	-25.864
TAGCG	150.0	1888.5	-25.864
AGCGT	249.0	3257.7	-25.864
TGCCA	1609.0	23632.5	-25.864
GATCA	784.0	13342.7	-25.864
TCACG	313.0	6075.7	-25.864
CACGC	727.0	9296.5	-25.864
ACGCC	645.0	8675.2	-25.864
CTAAC	552.0	8833.9	-25.864
CTCAC	1453.0	25834.1	-25.864
TCACA	1051.0	18859.9	-25.864
CACAA	975.0	16187.5	-25.864
GCTCA	1615.0	25100.0	-25.864
AACCG	163.0	2741.2	-25.864
TAGCA	841.0	12915.1	-25.864
CACCC	1642.0	21569.3	-25.864
ACACC	1023.0	14704.5	-25.864
ACAGT	1116.0	17233.0	-25.864
TACCG	145.0	2140.6	-25.864
TCCTC	1289.0	26288.2	-25.864
CGAAA	275.0	3387.7	-25.864
TTGCC	1276.0	20907.1	-25.864
ACTAG	606.0	8672.7	-25.864
AGTAT	1105.0	15637.2	-25.864
GTATC	501.0	8314.0	-25.864
CGGAC	111.0	2341.9	-25.864
GACTC	627.0	11671.9	-25.864
TGAGC	1512.0	22499.3	-25.864
TACTG	969.0	14432.5	-25.864
GCAGG	936.0	17719.5	-25.864
TGGAA	1773.0	24363.5	-25.864
CCTGG	2551.0	37997.9	-25.864
ACGAT	234.0	3388.1	-25.864
CCACG	674.0	8473.1	-25.864
GCCTG	1807.0	31654.1	-25.864
CTGGC	1704.0	24243.7	-25.864
GCTAG	708.0	9486.5	-25.864
GACGT	174.0	2788.5	-25.864
GGCTC	1217.0	21598.3	-25.864
TCCAG	1241.0	24119.8	-25.864
GGATC	488.0	9767.0	-25.864
GCTCG	192.0	3716.2	-25.864
CGGAT	170.0	2909.9	-25.864
AGTAC	687.0	9493.0	-25.864
GTACA	625.0	10937.1	-25.864
TTGTT	2247.0	38089.6	-25.864
CAAGG	964.0	16054.5	-25.864
AAGGT	1082.0	15579.5	-25.864
TCTGG	1261.0	21273.1	-25.864
AGTCT	1199.0	19884.3	-25.864
CACCG	514.0	7933.5	-25.864
CCGCG	223.0	3953.5	-25.864
CGGCT	674.0	9613.3	-25.864
GTAAT	1116.0	17428.2	-25.864
TCCGA	175.0	2999.6	-25.864
GTTAG	830.0	11408.5	-25.864
GGGTC	567.0	10463.7	-25.864
GCGAC	139.0	2380.5	-25.864
GACCG	162.0	2567.1	-25.864
CTAGG	833.0	12253.3	-25.864
GATGA	1227.0	16551.6	-25.864
TGGTG	1209.0	24997.8	-25.864
TCCGG	249.0	4159.4	-25.864
CCGGT	167.0	3004.7	-25.864
TCGAG	240.0	4070.8	-25.864
TGCGA	185.0	3232.3	-25.864
CGTGC	381.0	5243.2	-25.864
ACGAC	138.0	1859.8	-25.864
GTACT	671.0	9233.8	-25.864
ATTGT	1302.0	20664.5	-25.864
TTACG	161.0	2586.3	-25.864
GTAGT	773.0	12160.3	-25.864
CTGCG	314.0	5504.1	-25.864
CTCGT	435.0	5445.8	-25.864
ACTGG	934.0	15765.9	-25.864
CACAG	1159.0	20246.6	-25.864
CGTCC	221.0	3527.6	-25.864
AGCCG	259.0	5503.3	-25.864
CGTCA	193.0	2919.5	-25.864
CCGCA	304.0	4442.6	-25.864
CCGAC	206.0	2857.5	-25.864
CGACT	170.0	2616.6	-25.864
TTCGC	286.0	3577.9	-25.864
CGATG	191.0	2859.4	-25.864
GTCGA	127.0	1729.3	-25.864
CGATC	420.0	5903.1	-25.864
TCGAC	132.0	2015.8	-25.864
TCGCA	157.0	2530.7	-25.864
ATGCG	232.0	2810.0	-25.864
ACACG	239.0	3959.9	-25.864
CGGTT	199.0	3214.3	-25.864
ACTCG	156.0	3512.8	-25.864
CTCGC	279.0	5875.4	-25.864
AACGT	276.0	3773.9	-25.864
GCGTA	143.0	1750.7	-25.864
AGTCG	213.0	2624.5	-25.864
ACCGG	154.0	2800.4	-25.864
CGCGA	88.0	2197.0	-25.864
ACGCG	87.0	1377.9	-25.864
CGTAG	147.0	2461.6	-25.864
ACGTC	167.0	2719.7	-25.864
CGCGT	115.0	1540.4	-25.864
CACGA	199.0	4010.8	-25.864
AAGCA	1777.0	21069.8	-25.249
GGTCA	1156.0	13202.3	-25.099
ACCCG	560.0	5868.9	-24.434
TGCAA	1944.0	23282.6	-24.283
AGACG	729.0	7936.1	-24.150
AAACT	2027.0	24741.5	-20.225
GTTTC	2172.0	26622.9	-20.209
CTTGA	1755.0	21227.2	-20.181
GTATA	1100.0	12862.7	-19.595
GCCCG	900.0	10357.2	-19.117
CAGCC	2829.0	35406.6	-18.598
TTTAA	3729.0	47248.7	-18.359
GTCAG	1236.0	14716.3	-18.202
ATCTG	1527.0	18623.5	-16.473
GAAGA	1668.0	20475.0	-16.348
TTGGT	1725.0	21235.0	-16.163
TCGAT	338.0	3539.7	-15.673
GATGG	1723.0	21275.9	-15.612
GCATA	787.0	9170.0	-15.305
TCTGC	1912.0	23793.7	-15.290
CCTTG	1699.0	21044.3	-14.892
GATCT	1560.0	19222.6	-14.865
GGCAT	1307.0	15956.3	-14.428
TTCAC	1897.0	23769.5	-13.852
CGTGA	739.0	8720.0	-13.071
ATATT	2536.0	32337.9	-12.997
TCTCC	2524.0	32221.0	-12.711
GCAAT	1234.0	15184.6	-12.657
TCACC	1890.0	23845.9	-12.414
GGTGA	1513.0	18885.5	-12.277
TCGTG	484.0	5531.6	-12.108
CGGGG	696.0	8258.9	-11.894
TATAT	2226.0	28467.2	-11.326
GTCTT	1624.0	20469.8	-11.301
GACGG	595.0	7050.0	-10.640
TCTTG	2059.0	26445.5	-10.006
CTTGG	1718.0	21897.7	-10.006
GCATG	1335.0	16950.5	-8.879
GACGA	221.0	2430.8	-8.476
AGGCT	2428.0	31682.6	-8.430
AATTG	1433.0	18427.2	-7.645
TTCTC	2580.0	33896.2	-7.604
GAGAT	1727.0	22421.8	-7.414
GAACG	231.0	2627.3	-6.924
TGATT	2063.0	27154.2	-6.377
CGCCA	697.0	8788.6	-6.195
CAATT	1470.0	19196.8	-6.045
AACTT	1561.0	20429.0	-6.020
CCCGG	994.0	12783.1	-6.012
GTGTA	951.0	12212.3	-5.937
ATTGG	1074.0	13881.5	-5.791
ATGCC	1364.0	17829.6	-5.593
TACGA	172.0	1964.0	-5.421
AGATG	1821.0	24088.4	-5.301
TTCGA	290.0	3497.1	-5.297
AGCAA	1492.0	19669.4	-5.077
TTAAA	3083.0	41383.9	-5.074
CATAA	1113.0	14532.9	-5.038
AGGCA	1869.0	24812.3	-5.017
CGCAT	213.0	2522.9	-4.938
CTACA	1162.0	15225.0	-4.887
AATTC	1527.0	20199.8	-4.774
ATGGG	1299.0	17107.1	-4.750
TCAAA	1969.0	26326.0	-4.379
CGATA	151.0	1766.6	-4.291
TTAAG	1475.0	19597.9	-4.248
AACTA	994.0	13111.0	-3.950
TTTCA	3009.0	40752.2	-3.913
ATACG	188.0	2272.4	-3.898
AGGCG	820.0	10749.6	-3.843
CGTAA	205.0	2507.4	-3.651
AACGA	239.0	2961.3	-3.619
AGGGT	1184.0	15766.3	-3.612
ACCTT	1384.0	18505.9	-3.584
TACCA	1011.0	13476.0	-3.232
CCCAC	1544.0	20877.7	-2.963
ACGAG	252.0	3192.9	-2.937
TGAGT	1480.0	20020.8	-2.815
TAACG	180.0	2258.6	-2.719
AATAG	1230.0	16721.2	-2.317
TAAGG	888.0	12037.6	-2.148
TTCGT	288.0	3786.1	-2.102
CTACG	174.0	2237.9	-2.094
TTAAC	1083.0	14752.8	-2.079
GAACA	1043.0	14209.8	-2.016
TTTCG	387.0	5168.3	-1.960
GGCTG	2416.0	33384.4	-1.857
CGGTA	146.0	1894.0	-1.797
ATACT	973.0	13316.1	-1.776
ATAGC	736.0	10017.0	-1.771
TAATG	1252.0	17202.5	-1.761
CGTGT	405.0	5463.9	-1.707
GGGAC	994.0	13646.1	-1.657
GAAAT	1811.0	25054.2	-1.607
CAGTC	967.0	13307.3	-1.547
AAGAT	1492.0	20639.6	-1.519
AAATG	2281.0	31663.2	-1.510
CCGAG	633.0	8690.3	-1.394
CTTCA	1288.0	19848.3	-1.375
AGTTT	1961.0	31999.4	-1.369
TTCCA	1407.0	25310.8	-1.368
GCCCA	1765.0	24533.9	-1.367
TCAGT	1419.0	19678.9	-1.366
CGTAT	199.0	2695.6	-1.366
AGTGT	1277.0	17699.3	-1.356
TAGTT	1119.0	19045.1	-1.354
TTAAT	2110.0	29371.3	-1.354
CAATG	908.0	14655.3	-1.301
TCTAG	769.0	12898.5	-1.300
AAACG	287.0	4413.2	-1.262
GGCGT	523.0	7606.1	-1.236
TGCGC	328.0	4487.3	-1.229
ACTGT	1344.0	18690.5	-1.227
GGAAA	1728.0	24085.5	-1.227
GCCCC	707.0	14450.8	-1.218
GACTT	978.0	14412.6	-1.216
TACAC	596.0	9619.5	-1.193
GCCAG	1728.0	24106.3	-1.187
CGTCG	81.0	1071.6	-1.185
AGAAG	1562.0	23445.3	-1.182
GGAAC	682.0	10344.6	-1.179
TCGTC	140.0	2586.3	-1.175
ACCCC	738.0	13549.1	-1.171
TCTAA	989.0	15774.6	-1.165
GATAC	562.0	7773.8	-1.164
TGCCC	1713.0	23908.3	-1.142
TGGTT	1445.0	21544.5	-1.127
TGGCA	1175.0	19104.5	-1.122
CCATA	803.0	11392.3	-1.114
GTGAC	684.0	11741.5	-1.101
GGCCA	1522.0	21255.5	-1.088
AGCAG	1367.0	19092.8	-1.084
GAACC	579.0	11042.1	-1.069
GCTGC	820.0	17123.6	-1.050
CTTCG	259.0	3564.0	-1.033
GAAAA	2347.0	32913.5	-1.014
CATCA	1022.0	15672.6	-1.011
CTACT	744.0	14703.5	-1.008
CTGGA	1467.0	28366.2	-1.004
GTCAT	745.0	12505.0	-0.998
ATTTG	1994.0	29289.7	-0.991
CTTAC	752.0	10503.0	-0.980
CTTGT	1263.0	18264.6	-0.975
CTGAA	1478.0	22278.7	-0.974
ACGTT	295.0	4093.3	-0.961
AAAGC	1223.0	17969.8	-0.952
ATTTA	2693.0	37957.3	-0.951
TGCAT	1202.0	17723.6	-0.951
GCGGG	303.0	5843.1	-0.942
GAAAG	1530.0	21465.2	-0.940
GGTCC	494.0	8801.3	-0.929
GACAT	878.0	12296.1	-0.912
CGTTG	233.0	3227.3	-0.909
GTGAA	1142.0	18038.8	-0.909
TCCTA	936.0	15384.9	-0.904
ACTCA	936.0	16420.5	-0.889
GTAAC	618.0	8739.7	-0.885
ACGCA	216.0	3002.5	-0.878
ACTAT	917.0	12872.9	-0.863
ACAAG	909.0	14723.7	-0.861
TGAAT	1480.0	23044.7	-0.850
GTAAA	1280.0	18486.9	-0.841
ATAAG	1001.0	14074.6	-0.829
TGAGA	1650.0	28166.2	-0.821
GGAAG	1470.0	20695.5	-0.818
GCCAT	1189.0	16729.8	-0.809
ACATC	718.0	11406.1	-0.809
GGTCG	178.0	2480.6	-0.806
TTGCA	1320.0	19823.2	-0.803
CATAC	622.0	8743.8	-0.777
GAGAC	1640.0	23125.7	-0.770
TTGAG	1508.0	24793.9	-0.763
CCAGG	2648.0	38279.3	-0.750
GGTTG	841.0	13250.1	-0.738
AAAGA	2046.0	31003.6	-0.720
AGACT	1077.0	16062.4	-0.718
ATTTC	1653.0	30065.7	-0.694
GTACG	113.0	1583.2	-0.676
CGACG	30.0	970.3	-0.674
TACAA	1006.0	18044.3	-0.666
AATGC	1060.0	14995.5	-0.649
ATTCA	1249.0	21196.4	-0.645
GTTAC	560.0	9233.8	-0.642
TCTTA	1290.0	18270.8	-0.641
TTAGG	909.0	14144.6	-0.641
GTGCA	1015.0	19012.7	-0.636
ACGAA	208.0	2946.0	-0.630
TAATA	1485.0	22198.2	-0.612
TTTAC	1301.0	21001.9	-0.600
ACTGA	1184.0	16876.4	-0.594
TTCTA	1285.0	21035.2	-0.582
CGGCG	176.0	2508.3	-0.569
ACAGC	818.0	14175.3	-0.566
TTACC	876.0	12724.0	-0.560
TGTAA	1543.0	23422.7	-0.552
TAAAC	1062.0	15097.5	-0.547
ATAGA	1116.0	15973.5	-0.547
AGATA	1079.0	17641.1	-0.545
ATACC	678.0	9662.2	-0.536
ATTAA	1664.0	25742.9	-0.526
CGGGC	317.0	5887.7	-0.521
GTCAA	712.0	10381.2	-0.520
GAGCA	940.0	13382.1	-0.516
GACAG	1230.0	18412.5	-0.514
GATAG	629.0	9776.3	-0.511
CAGGG	1320.0	20451.1	-0.506
GAGTT	1090.0	18069.6	-0.495
AGACA	1541.0	21945.0	-0.488
GCTAC	506.0	8969.8	-0.487
AACGC	168.0	2484.8	-0.483
GGAGT	1092.0	22855.4	-0.478
CACTA	733.0	10480.8	-0.476
TGCTA	900.0	14040.6	-0.475
ACTTT	1882.0	29607.7	-0.468
CAAAA	1931.0	32028.4	-0.466
AATAT	1845.0	27869.7	-0.463
TGAAA	2166.0	31415.6	-0.460
TACGC	119.0	1721.6	-0.448
TGTTA	1394.0	20689.8	-0.446
CATGG	956.0	17038.4	-0.446
TTCGG	223.0	3226.1	-0.444
AATCG	180.0	2917.1	-0.441
ATTGC	976.0	14877.8	-0.440
ATAAC	787.0	11291.9	-0.438
TGATA	1023.0	15934.9	-0.433
CCGTG	435.0	6264.2	-0.427
GGATG	1038.0	15835.6	-0.414
AACAT	1368.0	21150.6	-0.413
TCAGA	1326.0	19743.6	-0.408
TAAGA	1227.0	17557.9	-0.407
TCGGT	208.0	3020.4	-0.400
ACCGT	319.0	4677.8	-0.388
AGGAG	1331.0	23404.2	-0.388
TTGAT	1421.0	21262.0	-0.386
AGGTC	665.0	12029.3	-0.382
ATTGA	1236.0	17734.8	-0.368
CGCTA	147.0	2158.6	-0.368
TAAAT	2150.0	31761.0	-0.367
GTTTG	1178.0	21756.3	-0.365
AAAAG	2104.0	32039.6	-0.365
TTGCG	188.0	2752.1	-0.363
CGTCT	299.0	4987.3	-0.360
GTGCC	1168.0	16780.4	-0.353
GCGCA	261.0	3804.4	-0.348
TAGAC	573.0	8455.2	-0.347
ACTAA	932.0	13428.4	-0.337
GGTGT	1024.0	16035.4	-0.322
GAAAC	1100.0	17390.5	-0.317
CGTAC	101.0	1510.9	-0.314
CATTT	2453.0	38786.4	-0.306
ATATG	1079.0	17089.0	-0.304
ATCAA	906.0	14714.8	-0.292
GCACC	927.0	13602.5	-0.289
CAGCA	1089.0	20800.4	-0.287
ATACA	1088.0	17972.7	-0.279
GTCGT	144.0	2151.1	-0.272
CATAT	1153.0	16652.8	-0.269
AACGG	178.0	2675.2	-0.266
TATGT	1293.0	20819.3	-0.263
GATGC	522.0	10534.3	-0.263
TGTGA	1557.0	23919.7	-0.259
CCCAG	2387.0	40242.0	-0.259
CAGTT	1391.0	20080.7	-0.256
GGTAG	732.0	10644.3	-0.253
GTTAT	793.0	14182.1	-0.252
CGCCG	173.0	2984.7	-0.243
AACAG	1212.0	17540.7	-0.241
AGAGG	1250.0	19007.5	-0.237
TTGTG	1519.0	21942.7	-0.236
CCGTC	297.0	4386.9	-0.231
CGAGC	219.0	3268.4	-0.228
ATGCA	1116.0	16188.8	-0.217
CCGTA	144.0	2177.9	-0.216
GTCCG	154.0	2328.4	-0.214
AATGA	1625.0	23496.3	-0.213
TCAAT	924.0	15281.6	-0.213
AGATC	885.0	12888.8	-0.210
ATAAT	1617.0	24771.3	-0.206
GATAT	868.0	13833.9	-0.203
TGACA	1028.0	16374.3	-0.203
CCAAT	741.0	12221.6	-0.201
TCCCC	889.0	18707.2	-0.190
AAGGA	1477.0	21436.0	-0.182
TGAAG	1488.0	21666.3	-0.180
TAGGG	653.0	10134.5	-0.178
GGCAA	797.0	12937.8	-0.157
TACTA	761.0	12140.4	-0.155
GAGAA	1523.0	22812.8	-0.151
TATCG	97.0	1845.0	-0.148
TAACA	1087.0	15893.7	-0.147
CGCAC	247.0	3739.1	-0.145
AGGAA	1728.0	25142.1	-0.140
CAGTA	966.0	14179.2	-0.136
AGCGC	226.0	3428.3	-0.136
CAACA	892.0	17150.3	-0.133
CGTTC	196.0	2992.4	-0.130
AGAAA	2619.0	37996.2	-0.124
ACAAC	699.0	11060.6	-0.122
TATAC	764.0	11284.6	-0.120
CATTA	1012.0	16603.4	-0.118
ACGTA	189.0	2945.0	-0.118
CCGAT	152.0	2375.2	-0.106
CTGCA	1936.0	28231.4	-0.105
AGCGG	176.0	3525.4	-0.104
CTAGA	734.0	12647.2	-0.100
GGCGA	237.0	3637.0	-0.098
TAAAA	2923.0	43621.9	-0.096
ACTTG	1053.0	15531.2	-0.096
TCCGT	272.0	4168.8	-0.092
CTATT	1093.0	18613.5	-0.091
ATATA	1745.0	25529.6	-0.090
TCTGA	1397.0	20850.5	-0.088
CATCT	1169.0	19621.2	-0.085
ATGAG	1234.0	18178.0	-0.084
GATGT	920.0	14248.5	-0.083
AGAGC	810.0	14587.5	-0.082
TGCTT	1584.0	24598.0	-0.079
CGTTT	372.0	5665.4	-0.078
ATCAC	896.0	14728.8	-0.077
TCATC	812.0	14715.3	-0.077
GGGGA	825.0	15378.5	-0.077
CCTTC	1123.0	21393.6	-0.076
ACCAG	886.0	16574.5	-0.076
ACGGT	155.0	3254.1	-0.072
ATCTA	738.0	12030.5	-0.071
CATAG	693.0	11448.0	-0.071
ACTTA	963.0	14299.9	-0.069
ACGGC	175.0	2757.6	-0.068
GAGGA	1201.0	17760.7	-0.068
GGTAC	403.0	6633.8	-0.066
TTATG	1186.0	18523.9	-0.066
TTATC	1020.0	15151.9	-0.064
TATAA	1337.0	21908.1	-0.064
GGGAA	1149.0	18343.5	-0.063
GTTGT	925.0	15258.5	-0.061
TGACG	180.0	2847.5	-0.059
CCTCT	1682.0	27978.6	-0.059
TCGCG	71.0	1588.8	-0.057
ACAAT	1108.0	16458.9	-0.057
CGGGA	277.0	5751.4	-0.055
TGTGC	1200.0	17809.0	-0.052
ACCCA	1348.0	19951.9	-0.052
CAATC	771.0	11565.1	-0.051
CAGAT	1153.0	18270.1	-0.048
AAGAA	2119.0	31850.0	-0.047
GCGTG	553.0	8386.7	-0.047
GACAA	819.0	12306.5	-0.045
ACAGA	1470.0	22857.5	-0.044
TGCAG	1351.0	27327.4	-0.044
AAATC	1202.0	18621.4	-0.043
AATGG	1264.0	18839.2	-0.042
TGTCT	1428.0	23610.6	-0.041
CTTGC	863.0	15712.2	-0.041
GTAAG	719.0	11266.9	-0.040
CAGAG	1361.0	24244.0	-0.039
CTTAT	1055.0	15767.6	-0.039
CCCAT	935.0	15900.7	-0.037
CCAGA	1106.0	20076.0	-0.036
AGTTC	875.0	16148.4	-0.033
GTGCG	265.0	4186.4	-0.032
GCGCC	581.0	8872.6	-0.031
ATGGC	858.0	14060.0	-0.030
CTAGC	531.0	8580.2	-0.030
AAAAC	1747.0	25921.6	-0.029
TTTGC	1504.0	24715.0	-0.028
TATCT	1133.0	17501.4	-0.027
AGTTA	1033.0	15737.7	-0.027
AAATA	2541.0	40632.6	-0.026
TACAT	1090.0	17651.0	-0.024
TATGG	788.0	11990.0	-0.020
TGCAC	988.0	14938.0	-0.019
CTTTA	1378.0	23308.4	-0.017
CCCGT	267.0	4283.8	-0.017
GAGAG	1157.0	17477.1	-0.015
TGTAC	688.0	11465.6	-0.014
ACAAA	1524.0	27484.8	-0.014
CATCG	163.0	2711.5	-0.014
GCCGT	193.0	3186.7	-0.014
CAGTG	1384.0	26957.1	-0.014
AACAC	859.0	13472.5	-0.013
ATTCC	968.0	17003.6	-0.013
CTATA	769.0	11803.2	-0.012
ACATA	1073.0	16268.9	-0.012
AGGGG	760.0	13805.9	-0.012
CTTCT	1452.0	25558.5	-0.010
AGAAT	1467.0	23669.9	-0.010
TACTT	1259.0	19072.4	-0.010
GAGTG	1092.0	19576.3	-0.009
ATCCC	696.0	14359.8	-0.008
CGACA	152.0	2592.3	-0.008
AGTCA	989.0	15109.6	-0.008
CCTGT	1209.0	24728.3	-0.008
GTTGC	859.0	14027.9	-0.008
ATGAA	1572.0	23902.2	-0.008
CCCTG	1125.0	23809.5	-0.007
TGTCC	794.0	14665.0	-0.007
GTATG	702.0	10896.3	-0.007
TGGGG	1511.0	22838.5	-0.007
TACGT	180.0	3041.2	-0.006
TCTAC	623.0	12007.1	-0.006
AAACA	1872.0	28156.0	-0.006
TATGC	662.0	10321.3	-0.006
CGTTA	145.0	2515.5	-0.005
TATCA	906.0	13972.3	-0.005
GGAGA	1320.0	20276.0	-0.005
GAATC	721.0	11237.3	-0.005
ACGGA	211.0	4275.8	-0.004
GTGGG	929.0	17370.7	-0.004
CGGCA	185.0	3201.6	-0.004
ATAAA	1977.0	32867.6	-0.004
CACTG	1890.0	28514.6	-0.004
ACATT	1553.0	23585.2	-0.004
CAATA	886.0	13727.3	-0.004
GAATG	1068.0	17079.9	-0.003
GTACC	458.0	7341.9	-0.003
TGTGT	1800.0	29993.5	-0.003
ACGCT	182.0	3124.4	-0.003
TTACT	1183.0	19288.6	-0.003
CGCGC	238.0	4247.4	-0.003
CAGGA	1362.0	25456.5	-0.003
CCTAG	729.0	13037.3	-0.003
GAAGC	906.0	14114.4	-0.003
AAGAC	962.0	14924.0	-0.002
GACTG	855.0	13343.4	-0.002
TACCC	589.0	9360.5	-0.002
GCACG	272.0	4564.3	-0.002
GGTGC	866.0	13537.4	-0.002
AGAAC	931.0	14507.3	-0.002
GCTAT	675.0	10728.0	-0.002
ATCAT	1065.0	17222.9	-0.002
CCATC	948.0	16750.3	-0.002
TTGCT	1411.0	25831.9	-0.001
GCAGC	875.0	15439.5	-0.001
ACCGA	141.0	2712.2	-0.001
GTCTG	922.0	14745.8	-0.001
GGACA	767.0	12127.4	-0.001
TATGA	955.0	15476.3	-0.001
CATTG	1061.0	16521.6	-0.001
GTGAG	1232.0	21424.1	-0.001
TATTC	1044.0	17342.3	-0.001
TTCAT	1625.0	26413.4	-0.001
CACAC	1305.0	20207.6	-0.001
TTCCT	1826.0	34616.4	-0.001
ATGGA	1204.0	18703.6	-0.001
ACCCT	774.0	15634.0	-0.001
CTTTG	1561.0	27425.5	-0.001
CTGTT	1525.0	24611.4	-0.001
GTCAC	708.0	12604.9	-0.001
GAAGG	1116.0	17432.7	-0.001
AATCC	940.0	15913.3	-0.001
AATAA	1996.0	32247.7	-0.001
GCTTT	1491.0	23047.4	-0.000
AGGCC	777.0	16145.9	-0.000
TCATA	918.0	14540.8	-0.000
GTGGA	987.0	15580.6	-0.000
TTCCC	1247.0	22802.7	-0.000
TGTCA	1050.0	18975.0	-0.000
CGCTT	251.0	4357.0	-0.000
GAGGT	973.0	17172.1	-0.000
ATCGT	147.0	2897.8	-0.000
CGCGG	157.0	2895.0	-0.000
GCGCT	201.0	3591.0	-0.000
TCATT	1612.0	27735.6	-0.000
GGCAC	839.0	13420.6	-0.000
CAAGA	1019.0	18538.7	-0.000
CGCTG	265.0	5563.5	-0.000
AAGCC	909.0	15618.0	-0.000
TGTCG	170.0	4044.0	-0.000
GGCCG	341.0	6323.9	-0.000
TGCGG	222.0	3976.9	-0.000
AAGGC	817.0	13874.9	-0.000
CCGGA	204.0	3858.2	-0.000
ATATC	733.0	11890.3	-0.000
AGCAC	678.0	13837.2	-0.000
TCGTT	212.0	3843.1	-0.000
CACGG	203.0	4631.1	-0.000
CACTT	1173.0	20815.7	-0.000
GCGCG	217.0	3938.1	-0.000
GCGGA	210.0	3824.0	-0.000
GTCCC	543.0	11709.1	-0.000
AAACC	1007.0	17993.9	-0.000
GCACA	856.0	13864.4	-0.000
GGACG	169.0	3183.0	-0.000
CGAGA	226.0	5364.0	-0.000
GTCGC	166.0	3746.9	-0.000
CTGTC	1066.0	20200.4	-0.000
GTCCA	666.0	11031.3	-0.000
GCAGA	925.0	16946.1	-0.000
GTTCC	639.0	12277.1	-0.000
CTCTT	1511.0	26426.4	-0.000
TCCTT	1455.0	27724.2	-0.000
ATGTC	783.0	12882.0	-0.000
CCCCT	910.0	18206.4	-0.000
GGCGC	467.0	8014.5	-0.000
AACAA	1454.0	23184.2	-0.000
GCTGT	1018.0	17182.4	-0.000
CAGAA	1506.0	23910.5	-0.000
TTCCG	229.0	4247.8	-0.000
CTATC	491.0	8434.9	-0.000
GAGCG	197.0	3739.6	-0.000
CTATG	726.0	12101.1	-0.000
CCGTT	178.0	3461.9	-0.000
CGCAG	241.0	4497.9	-0.000
GGGTG	799.0	16051.7	-0.000
CCACT	1223.0	20685.6	-0.000
CCGCT	252.0	4676.0	-0.000
TATCC	609.0	10466.6	-0.000
AATCA	1105.0	17979.2	-0.000
CCCCG	376.0	6911.5	-0.000
CACAT	1058.0	17643.2	-0.000
AGGAC	709.0	11968.3	-0.000
AACCC	691.0	13937.5	-0.000
TCTTC	1172.0	22533.8	-0.000
TGAGG	1195.0	21553.2	-0.000
CCATT	1271.0	22250.7	-0.000
CGAGG	303.0	5610.2	-0.000
ACACT	821.0	13838.1	-0.000
CTCTG	1778.0	32756.4	-0.000
TCCCT	1109.0	24423.3	-0.000
GGCAG	956.0	19578.8	-0.000
GAGCC	1159.0	20394.5	-0.000
GCCCT	729.0	16185.8	-0.000
CATTC	1020.0	18118.3	-0.000
GTGGC	893.0	19216.3	-0.000
GCGGT	172.0	3561.3	-0.000
GCGAG	181.0	3737.1	-0.000
GCACT	696.0	13930.8	-0.000
GTGTC	642.0	12080.9	-0.000
TCACT	1737.0	28186.5	-0.000
AGACC	652.0	13716.2	-0.000
TCTGT	1535.0	30126.1	-0.000
GACAC	559.0	9998.1	-0.000
ACTCT	941.0	18146.3	-0.000
CCAGT	946.0	17092.0	-0.000
CAGCG	222.0	4722.6	-0.000
GACCC	502.0	10100.8	-0.000
TCTAT	889.0	15882.2	-0.000
CTGTG	1450.0	25605.9	-0.000
CTGTA	1070.0	20290.2	-0.000
TTTCC	1729.0	32752.9	-0.000
TCCAT	1154.0	19747.7	-0.000
CTCTC	998.0	23877.7	-0.000
CGGAG	317.0	6129.4	-0.000
GGAGC	698.0	12293.1	-0.000
GACGC	115.0	2678.8	-0.000
TGTGG	1174.0	20811.7	-0.000
ACACA	1238.0	20788.3	-0.000
GCGGC	196.0	4118.2	-0.000
GGGGG	652.0	11639.8	-0.000
TGGCG	301.0	6607.9	-0.000
CGTGG	288.0	5754.6	-0.000
AGTCC	617.0	12201.6	-0.000
GGGAG	1064.0	21907.5	-0.000
GCCGA	222.0	4727.5	-0.000
TACTC	580.0	10877.5	-0.000
GCAGT	1191.0	20466.6	-0.000
CCCTA	566.0	10816.1	-0.000
CCTTT	1600.0	29253.6	-0.000
GAGTC	635.0	13138.8	-0.000
GGACC	400.0	8910.6	-0.000
GAGGG	833.0	15034.7	-0.000
TGGAG	1552.0	28227.9	-0.000
ATCGC	127.0	3276.6	-0.000
TCTCT	1532.0	32836.7	-0.000
CCTAT	607.0	11495.2	-0.000
CACTC	769.0	16839.2	-0.000
GGCGG	327.0	6946.8	-0.000
GGGCA	674.0	14786.5	-0.000
GTGTG	1398.0	24656.4	-0.000
GGGCC	551.0	12466.6	0.000
GGCCC	654.0	13068.4	0.000
CTCTA	739.0	15219.2	0.000
CCCTT	1006.0	18792.0	0.000
AGCCC	727.0	15687.7	0.000
GGGGC	569.0	12178.4	0.000
AGGGC	638.0	12683.6	0.000
GCTCT	884.0	19295.4	0.000
GGAGG	1143.0	24264.3	0.000
GAGGC	887.0	20476.8	0.000
CTTTC	1407.0	25866.4	0.000
CGCTC	218.0	5499.8	0.000
GGGCG	260.0	6300.4	0.000
TCGCT	258.0	6182.2	0.000
CGGTG	201.0	5186.6	0.000
