OligoSequence	Target Occurences	Background Occurences	Enrichment(ln p, up to 2 mismatches)
TCAAG	30980.0	11318.6	-3705.997
ACCTC	36412.0	14002.9	-3525.716
GGTTC	24812.0	8723.5	-3522.612
GCTCA	36559.0	14130.1	-3478.843
GTTCA	27262.0	10006.9	-3346.082
CTCAC	37007.0	14721.1	-3190.553
CAACC	21279.0	7459.6	-3159.693
CAAGC	23813.0	8706.8	-3065.031
GCAGT	28946.0	11096.0	-3063.656
GCGAT	13421.0	4087.2	-3028.172
GGAGT	36882.0	14924.6	-3002.922
AGTGC	32681.0	12941.3	-2995.689
GCAAC	19342.0	6807.2	-2898.885
ACTGC	29591.0	11678.7	-2833.814
AACCT	23825.0	8981.6	-2802.797
TCACT	39253.0	16514.8	-2707.157
GAGTG	27989.0	11349.8	-2488.258
GGCTC	27807.0	11422.7	-2366.956
GTGCA	28603.0	11980.2	-2248.136
TGCAA	29148.0	12253.9	-2246.679
AGTGG	26637.0	11039.4	-2223.556
TGCAG	33174.0	14340.7	-2199.016
CACTG	32788.0	14286.1	-2113.188
CCTCC	58381.0	27252.7	-2090.287
GTGAT	23960.0	10048.2	-1969.557
TGGAG	35367.0	15903.8	-1941.306
AAGCG	8962.0	2906.1	-1837.611
CCAGG	38827.0	18018.5	-1776.811
CTGCA	31624.0	14286.7	-1770.308
TTCAA	26022.0	11471.4	-1719.180
CGATC	9808.0	3383.3	-1712.970
AGCGA	8728.0	2890.8	-1707.224
GATTC	18144.0	7482.2	-1686.624
GAGTC	19169.0	8019.8	-1672.724
CAGTG	29332.0	13292.5	-1660.024
AGGCT	34324.0	16078.5	-1577.330
TCCGC	10812.0	4004.5	-1536.774
TCTCG	18112.0	7735.4	-1477.884
ATTCT	31990.0	15059.4	-1471.394
CGATT	8133.0	2845.2	-1392.531
CTCCG	10859.0	4165.2	-1387.999
AGTCT	25328.0	11672.3	-1386.094
GATCT	21548.0	9763.9	-1326.621
CCCAG	39042.0	19242.9	-1304.069
CTGGA	30400.0	14575.0	-1296.566
TGATC	20165.0	9118.2	-1271.269
GCAAT	16898.0	7524.8	-1179.005
CGGGT	7804.0	2887.3	-1148.798
TCGGC	11398.0	4719.1	-1121.639
ATATA	13518.0	5845.1	-1103.004
TCGCG	739.0	671.0	-1079.846
AAGTG	22564.0	10761.1	-1075.538
TGGCG	8552.0	3363.6	-1034.838
GTGGC	19096.0	8958.5	-1026.477
TCCTG	40723.0	21016.6	-1007.588
ACGGA	6483.0	2370.9	-1000.893
CAGGC	38368.0	19770.9	-984.085
GGCTG	32028.0	16280.9	-961.236
TGTCG	7085.0	2715.1	-945.339
GCCTC	47434.0	25078.9	-921.021
ACCGC	2807.0	1911.4	-902.373
TATAT	15791.0	7380.1	-895.057
GTCGC	6607.0	2531.1	-887.839
GAGAC	22009.0	10853.8	-881.753
CGCCT	13641.0	6233.7	-879.586
TTGAG	26498.0	13389.9	-876.812
CCGCC	14065.0	6500.4	-856.302
GGGTT	22303.0	11170.4	-814.379
CTCTG	35743.0	18872.2	-798.172
ATCTC	23457.0	11878.9	-791.371
CTCGG	12044.0	5502.2	-790.403
CTCCT	42725.0	22980.2	-768.896
CGGAG	7544.0	3132.8	-766.165
CCGGG	9102.0	3953.8	-765.172
TCGCC	8325.0	3580.8	-734.146
TCACG	4244.0	2447.9	-719.302
GCGCA	3486.0	1834.4	-706.184
TCTTG	28771.0	15179.9	-697.988
AGAGT	15723.0	7785.4	-658.837
GCTGG	40995.0	22631.8	-607.309
GACAG	15814.0	7995.7	-585.484
AGTGA	17275.0	8857.3	-576.182
CTGTC	21274.0	11193.2	-571.294
AGACA	17177.0	8845.3	-558.098
CGAGT	3315.0	2742.0	-550.970
GTCAC	12435.0	6147.8	-544.946
CTCGC	8087.0	3708.8	-544.934
TCGCT	8326.0	3847.6	-540.616
GTCTC	26563.0	14421.4	-531.515
CGGCT	10843.0	5275.7	-528.324
ACGAT	3803.0	1462.6	-521.685
CGCAA	3108.0	1292.6	-516.583
AAGCA	14069.0	7149.4	-513.903
GACGG	7559.0	3477.5	-505.252
TGAGA	24955.0	13605.6	-491.053
CAAGT	16398.0	8562.6	-489.221
TTTGA	31970.0	17796.6	-487.074
TCGAG	1778.0	1517.5	-486.512
CTGCC	29681.0	16454.4	-480.931
CAATC	11280.0	5620.6	-478.449
CTCCC	37106.0	20914.2	-475.223
GCCCA	21401.0	11619.2	-452.757
GCTCG	2093.0	1536.3	-439.816
TCCCA	27446.0	15325.6	-427.508
CCCGG	10749.0	5569.3	-395.948
AGCTC	16477.0	8878.4	-390.868
AGACG	8076.0	3959.8	-389.418
CTCAA	17585.0	9549.7	-387.719
TCCCG	10784.0	5528.6	-386.782
GCGGT	2362.0	1300.9	-384.615
GATCC	10153.0	5188.7	-374.321
GCGAC	1170.0	843.9	-367.369
CGACC	1986.0	1086.7	-336.365
GGATC	4358.0	3529.4	-334.532
GATCA	6013.0	4341.0	-321.529
CGCAG	2572.0	1793.1	-317.372
TTTTT	531385.0	167934.7	-304.100
TCTCC	29797.0	17330.4	-298.317
ACGGC	1469.0	1021.7	-292.659
CTTTT	53102.0	31735.3	-290.388
TCTCA	25201.0	14577.9	-282.432
AGCGC	1792.0	1292.0	-281.134
GGGTC	7762.0	4651.7	-277.230
CGCTC	7053.0	3618.9	-263.152
CTCGA	3861.0	2799.6	-258.803
GACTC	5194.0	4215.1	-248.679
CACGG	1876.0	1585.8	-248.430
CACGC	5203.0	3887.2	-243.103
CGCGA	2818.0	1239.2	-242.838
TGCGA	3537.0	1649.3	-233.353
TGCCG	2108.0	1537.6	-230.579
CGCCG	1440.0	1101.1	-227.649
AGTCG	1314.0	938.0	-227.201
CACGA	3588.0	1697.9	-220.286
GTGGT	13711.0	7788.1	-211.476
TCTGT	29523.0	17649.6	-210.889
GGGGT	7829.0	6702.1	-204.552
CCTGG	24879.0	14780.5	-203.490
AGCAA	11767.0	6659.5	-192.353
AATCT	13727.0	7872.4	-192.193
CAGGT	17671.0	10344.3	-188.438
AACCG	969.0	795.6	-187.746
CCAAG	8386.0	7121.4	-184.086
TGTCA	14932.0	8666.6	-181.171
CCTCG	5877.0	3913.7	-179.564
GCTCT	18633.0	10997.0	-177.838
CACCC	15598.0	9101.8	-176.801
CGCTG	2919.0	2203.7	-172.438
GGCGC	6792.0	3962.2	-170.170
GGTCA	4564.0	4397.5	-166.338
TGGCA	14458.0	8436.5	-166.212
CACCT	18199.0	10804.2	-162.226
GCCGT	1544.0	1150.9	-160.257
GACTG	6331.0	4825.9	-158.415
CACCG	3628.0	2808.2	-156.272
CAGTC	8880.0	5975.9	-154.764
ATCCT	12857.0	7484.1	-154.396
GCGTC	1460.0	1222.0	-152.600
GTTGC	12607.0	7337.2	-152.446
GGCGT	5685.0	3266.4	-145.115
GTGCG	4223.0	2211.6	-143.001
TCGCA	1334.0	999.2	-141.332
TGAAG	8721.0	6676.7	-138.694
ACCCA	13496.0	7957.9	-138.559
AACTC	10549.0	7300.3	-138.514
GCACT	5214.0	5094.2	-137.118
TGCCT	30136.0	18554.6	-136.432
AGTGT	9672.0	6723.7	-134.223
CTTGC	13719.0	8119.4	-134.160
ATCTT	17539.0	10540.1	-133.851
ACGCT	1225.0	1218.2	-131.158
AGCCT	22694.0	14733.8	-129.139
TCAAC	5534.0	4015.9	-128.097
CGCAC	1627.0	1403.5	-127.311
CGGCG	1469.0	1011.0	-123.422
GAAGT	6811.0	5423.0	-123.043
CCGGC	3802.0	3589.4	-121.459
TTTTG	59259.0	37353.8	-121.116
TCACC	17334.0	10495.3	-119.070
GCAGC	10503.0	6164.0	-118.474
CGTGC	2809.0	2205.0	-117.802
CGCCC	9837.0	5968.5	-115.833
TTTAA	25191.0	15548.2	-115.709
CAATT	11832.0	7017.5	-115.390
TGGGT	14100.0	8467.8	-113.100
TCCGG	2194.0	1647.9	-112.817
GGTGC	9478.0	5987.8	-111.711
CGGTC	1424.0	1007.9	-111.078
AGACT	7252.0	5598.4	-110.659
GCTCC	7480.0	6323.9	-109.301
CAAGG	5926.0	5025.1	-108.590
AAGCT	10353.0	6556.5	-108.463
CTTGG	16418.0	9976.6	-107.791
GCAAG	7463.0	4909.9	-107.558
CTGGG	30129.0	18806.5	-106.261
ACTCC	10791.0	8089.1	-103.664
GTACA	5462.0	3500.5	-103.551
CGTGA	6197.0	3530.0	-102.250
TCGTG	3180.0	2178.8	-101.425
ATCGC	1252.0	1118.4	-101.128
GCCGC	2167.0	1791.1	-100.687
GGGCT	11127.0	6647.7	-99.429
CTGGC	11939.0	9735.8	-98.203
TAGTG	6270.0	4239.9	-96.723
CCGAG	4038.0	3403.7	-95.785
GTGAC	4933.0	3869.9	-95.720
AATGC	6053.0	4526.2	-94.946
TGATT	16688.0	10234.3	-94.546
ACTGG	6808.0	5552.5	-94.288
ACCGA	1226.0	803.9	-93.783
TCCAG	9959.0	9128.0	-92.317
AGGTT	13456.0	8176.8	-91.787
CGGTT	1781.0	1451.7	-89.610
CAATG	6870.0	5210.4	-89.125
CTCAG	26489.0	17275.5	-89.057
TTTTA	45849.0	29204.6	-86.579
TTGGC	16614.0	10246.2	-85.827
TCGAC	1509.0	733.1	-84.324
CAGCC	21747.0	14738.5	-83.534
GTGGA	6337.0	5238.6	-81.087
CGGCC	5016.0	3425.0	-80.912
GAGCG	1923.0	1361.7	-79.153
TTATT	34587.0	21997.7	-77.303
GCAGG	6779.0	6423.5	-77.036
ACAGA	13467.0	8277.6	-76.615
AACGT	1314.0	1158.7	-75.324
CTAGG	6941.0	4661.1	-74.554
GTAGT	5905.0	4141.2	-73.825
TCTGC	19291.0	12085.8	-72.165
CGCGT	722.0	624.8	-71.420
GCGCT	1557.0	1580.1	-70.426
ACCTA	4271.0	3183.9	-70.208
CCTGC	20720.0	13035.3	-69.896
GGGTG	5989.0	5426.4	-68.513
TCAAT	5292.0	4839.2	-66.167
CCACC	23808.0	15346.7	-65.530
GATAC	2965.0	2252.2	-65.497
AAAGT	14789.0	9229.4	-63.094
GCCAT	10556.0	6487.0	-62.622
ACGTC	1152.0	967.7	-61.972
TTGCC	16811.0	10565.9	-60.756
GTCTT	18419.0	11629.1	-59.156
GATCG	1059.0	915.4	-58.315
TTAAA	16864.0	10624.4	-57.877
AATTC	11685.0	7253.2	-57.389
TACAA	6136.0	4806.2	-56.528
CAGCG	2215.0	1745.5	-56.022
TGCAC	6176.0	5799.7	-55.607
AGTAC	5271.0	3131.2	-55.413
CAAAC	7393.0	5473.9	-54.974
TCCAC	12578.0	7852.8	-54.965
AGGCG	5346.0	4293.6	-54.778
GAGGC	6848.0	6601.7	-54.763
CCCCG	2961.0	2597.3	-53.993
CTACC	5346.0	3828.7	-53.913
CATCC	6208.0	5405.8	-53.741
GCTGC	6892.0	6839.0	-53.181
CAGGG	10322.0	7684.5	-53.160
AGCGT	1640.0	1295.3	-53.098
CACAG	8528.0	7219.6	-53.089
CTGCG	2556.0	2199.4	-52.099
CGGCA	1318.0	1218.5	-51.452
CGTGG	2167.0	1900.7	-50.199
ACTCT	13854.0	8733.8	-49.001
CGCGG	1203.0	1061.6	-47.594
CTGAC	7874.0	6502.9	-46.022
AGGGT	9395.0	6106.6	-45.699
TTCGA	1643.0	1258.1	-45.409
CGATA	824.0	503.7	-45.219
GTCCA	4440.0	4069.2	-44.871
GCACG	3708.0	2187.5	-43.761
CCTCA	21687.0	15322.3	-43.297
CCCAA	14545.0	9247.2	-42.194
GTGCC	7853.0	6637.4	-41.859
CATGC	8814.0	7331.9	-41.209
ATGAT	10117.0	6370.8	-38.746
ATCAC	6404.0	5038.9	-38.680
ACTCA	7055.0	5496.6	-37.370
TAGAG	10277.0	8183.1	-37.204
ATTGC	6853.0	5497.3	-35.520
GACCT	9474.0	6127.1	-35.196
TTCTC	30394.0	19827.8	-34.924
AGTTC	8121.0	6193.5	-34.508
CGGTG	2440.0	1696.9	-34.190
TCATG	9148.0	6861.5	-33.872
ATGCA	6600.0	5218.3	-33.130
CCGCG	1624.0	1536.1	-32.865
GCCAC	11576.0	9874.8	-32.829
CCCTG	9567.0	8515.3	-32.747
CGTCC	1639.0	1398.1	-32.401
GCGTG	5772.0	3579.1	-32.001
CCAGC	9759.0	10230.4	-31.179
ACAGT	9473.0	6099.8	-31.089
CTTAC	6502.0	4068.4	-30.202
TCCAA	6178.0	5835.8	-29.708
TAACC	4363.0	2997.1	-28.902
GGTAC	2560.0	2163.3	-28.310
TTAAG	9347.0	5955.2	-28.057
TCACA	7910.0	6701.4	-27.356
CGCGC	1590.0	1924.7	-27.093
CTAAC	3335.0	2954.9	-26.184
CCCCC	7862.0	5451.0	-25.999
TGCCA	10528.0	9188.1	-25.523
GTGCT	12320.0	7967.9	-23.919
TTCAC	12850.0	10325.9	-23.827
CCGCA	2293.0	1683.2	-23.573
GCGCG	3383.0	2078.9	-23.466
ACTGA	6024.0	5200.3	-23.349
ATGCT	6526.0	5753.6	-22.323
CCTAC	4487.0	3359.0	-20.883
TCTAG	5388.0	4813.5	-20.520
ATAAT	8984.0	5793.5	-20.153
GTAAC	3935.0	2522.7	-19.728
GGCTT	8756.0	7348.9	-19.482
GGGAT	13658.0	9164.2	-19.461
TGGCT	19731.0	13165.6	-19.452
CCTAG	6876.0	4441.4	-18.732
GGCAG	7491.0	6758.3	-18.561
TACTG	7118.0	4904.3	-17.839
CTCCA	14360.0	10890.9	-17.547
TGGAA	9519.0	7472.7	-17.518
TAGGC	6026.0	3874.7	-17.240
CAACG	966.0	850.1	-16.918
GCCTG	11214.0	10823.6	-16.404
CGGGG	3508.0	2886.7	-15.894
CCCAC	10523.0	7928.5	-15.686
GTAAT	6144.0	4536.0	-15.548
AAACT	10186.0	7448.4	-15.497
CGCCA	5945.0	3823.7	-15.487
GGAAT	7267.0	5538.3	-15.428
TCAGT	8496.0	7775.5	-15.423
GGACT	7150.0	6141.1	-15.405
GATTA	13542.0	8899.1	-15.364
GGCAC	9405.0	6135.4	-14.933
CCGGA	2045.0	1329.7	-14.546
AGTCC	4647.0	4344.8	-14.058
GCTGT	8782.0	6933.8	-13.628
CAGAG	14515.0	9583.0	-13.606
AGTCA	5651.0	5031.7	-13.313
CTTGA	11215.0	7766.0	-13.285
TTAAT	13721.0	9054.9	-13.278
TGGTG	15128.0	10001.2	-13.238
TACGA	962.0	568.9	-13.149
ACAAT	7696.0	5016.2	-13.140
AGCGG	1873.0	1264.2	-13.045
TAAGA	6881.0	4473.9	-12.999
TTTAT	32986.0	22043.3	-12.950
TCTGG	9788.0	9081.1	-12.892
TGTAG	8196.0	6094.5	-12.890
GTGTC	6068.0	5702.8	-12.693
TGCTG	16110.0	12419.2	-12.637
ATACT	5889.0	3908.2	-12.629
GGCTA	7598.0	6127.6	-12.439
TGACT	7392.0	6214.1	-12.399
CTCTC	12367.0	14719.2	-12.393
GTTGA	5354.0	4361.0	-12.336
TTCGC	2768.0	1749.7	-12.180
GCGGG	2510.0	2103.0	-11.742
GGCGG	3158.0	2348.5	-11.433
TGCCC	16238.0	10786.0	-11.372
CATGA	9611.0	6330.1	-10.991
TAAAG	7929.0	5540.8	-10.903
TGTTG	21174.0	14138.1	-10.495
TCAGG	10984.0	8435.7	-10.454
CAACT	6426.0	4789.5	-10.398
GAGTA	8755.0	6811.1	-10.369
CTGAA	8397.0	7190.0	-10.142
TCCTC	14595.0	11982.5	-10.105
TCGGT	1497.0	1337.0	-9.864
TATAC	4547.0	2956.2	-9.455
GCATC	4119.0	3747.3	-9.418
AACTG	5830.0	5357.9	-9.006
TATCG	962.0	674.2	-8.944
CCAGT	6547.0	6577.0	-8.692
CGGGC	2615.0	2072.4	-8.637
AGAGA	11542.0	11086.8	-8.537
TTACT	10895.0	7243.3	-8.257
GTCGT	1312.0	878.7	-8.195
TGCTC	13347.0	9094.7	-7.989
GCCTT	12744.0	8498.1	-7.986
TAATA	7782.0	5149.2	-7.921
TGACC	9081.0	6027.7	-7.809
CTGTA	8243.0	6481.3	-7.807
GGATT	16048.0	11074.1	-7.778
AACTA	4962.0	3255.3	-7.746
TATTA	10246.0	6816.5	-7.729
ATTAT	12771.0	8523.2	-7.718
GAATC	4259.0	3803.1	-7.594
ACTAC	6471.0	4621.1	-7.525
TTCTT	43829.0	29599.8	-7.432
AACGA	1271.0	798.8	-7.388
CCAAA	12736.0	8508.0	-7.359
CGAGC	1455.0	1177.6	-7.039
TTGAC	7039.0	4664.4	-7.015
GTGAA	5821.0	5125.9	-6.870
GCTTA	6049.0	4000.9	-6.767
GTATA	5049.0	3329.9	-6.625
GTCAA	3399.0	3249.7	-6.339
ACTGT	9852.0	6960.1	-6.305
TGAGT	10028.0	8237.7	-5.868
TGTAA	8472.0	6472.7	-5.728
CAGAC	5448.0	4790.5	-5.489
GCCTA	5416.0	3624.1	-5.475
GGTCT	14407.0	9692.5	-5.421
GCGTT	1545.0	1406.7	-4.938
CACAC	7592.0	7449.7	-4.928
GAGTT	10045.0	7490.3	-4.901
TTGCG	1354.0	1251.8	-4.734
ATTTT	56694.0	38521.9	-4.691
TAACT	6764.0	4922.7	-4.362
AATCG	1026.0	858.1	-4.292
GTTCT	9442.0	8053.2	-4.098
TTGAA	12430.0	8901.7	-4.070
TATTG	7400.0	6408.0	-4.054
TATTT	40938.0	27840.8	-3.915
AAGTC	5058.0	4716.9	-3.793
CTCAT	8877.0	7900.8	-3.732
TGATA	5553.0	4378.4	-3.685
GAGAT	11220.0	8923.7	-3.517
CGACT	1376.0	1077.9	-3.457
ATCAA	4576.0	3856.4	-3.424
CTGCT	10756.0	10656.4	-3.235
CGTAA	1094.0	714.5	-3.200
AAGTA	8444.0	5703.5	-3.142
GGTGG	8266.0	6946.5	-3.049
CACTC	11701.0	7932.0	-2.944
ACAGC	5997.0	4765.4	-2.893
ATTAA	8033.0	5433.2	-2.829
GTTAA	5066.0	3841.6	-2.714
AGGCA	10515.0	9178.3	-2.643
ATTAC	12663.0	8603.1	-2.615
GCACA	7399.0	5322.2	-2.491
AGTAA	6311.0	4278.9	-2.197
TGGGC	10383.0	7062.5	-2.182
TGAAA	10132.0	8047.1	-2.150
CAGGA	7523.0	8154.5	-2.117
ATAGC	5038.0	3411.1	-2.109
TCCCC	8257.0	7902.5	-2.097
CGGGA	1832.0	1813.4	-2.042
CTAGC	3738.0	2969.6	-1.986
ACGCA	1339.0	1023.5	-1.771
GTACG	765.0	510.0	-1.755
CCACG	3364.0	3157.7	-1.727
TACAG	16431.0	11831.8	-1.628
GAGAG	6415.0	6325.0	-1.583
TTGCA	8419.0	7925.5	-1.551
GCTGA	7065.0	6509.1	-1.543
CGGAA	1499.0	1011.3	-1.536
GGCCT	12410.0	8493.0	-1.370
TGACA	6107.0	5116.6	-1.367
ACACT	5253.0	4733.2	-1.332
AATAG	6056.0	4138.9	-1.298
GACCG	1133.0	825.8	-1.276
TACCG	1066.0	721.2	-1.269
GCGGC	1970.0	1619.3	-1.183
TCTCT	19082.0	21191.1	-1.147
TGACG	1454.0	991.9	-1.060
TACTA	4628.0	3170.3	-1.033
AACGG	1202.0	819.8	-1.021
TTCAG	10430.0	9719.1	-1.005
TTCTG	15772.0	14941.8	-0.987
ACTCG	1116.0	1096.5	-0.927
ACTTC	8073.0	6525.1	-0.904
ACCTG	8081.0	6964.1	-0.850
GAAAC	5538.0	4645.7	-0.835
ATCCG	2186.0	1501.9	-0.812
TACGC	746.0	683.1	-0.798
ACTAT	5811.0	4002.8	-0.710
TCGTA	1041.0	719.2	-0.630
CCGTG	2704.0	2245.0	-0.601
GTGTA	6003.0	4141.5	-0.601
TACGG	1015.0	703.7	-0.566
CGTCG	524.0	378.9	-0.538
GCTAT	5425.0	3973.9	-0.407
CGAAA	1210.0	844.1	-0.406
CTGTG	11452.0	10565.9	-0.392
GCTAA	7664.0	7049.7	-0.391
TGGCC	12248.0	9223.3	-0.382
GTGTT	10606.0	8465.4	-0.378
CTCTT	16380.0	15381.8	-0.346
TGGGG	8917.0	8246.3	-0.346
GAACG	1087.0	763.0	-0.335
ACGGT	1207.0	1026.0	-0.334
AACCA	5688.0	4458.9	-0.324
ATACG	909.0	641.3	-0.279
TGCGG	2162.0	1583.8	-0.272
TCAGC	20060.0	13900.7	-0.251
CTTAA	7645.0	5315.4	-0.245
TGTGA	11891.0	8566.7	-0.240
TTATA	10189.0	7143.2	-0.210
TAGCG	961.0	720.8	-0.208
TGCAT	7186.0	7018.9	-0.204
CTCGT	3228.0	2268.0	-0.200
CGCTA	1198.0	851.7	-0.152
ACGTA	1159.0	824.7	-0.146
TATAA	7287.0	5200.6	-0.143
GACGA	1215.0	864.5	-0.141
TTGAT	8961.0	7887.5	-0.139
ACCAC	9537.0	8618.9	-0.129
GTCGG	1262.0	900.6	-0.109
TATAG	6098.0	4274.2	-0.098
ATAAC	4058.0	2855.4	-0.095
TAAGC	4599.0	3295.2	-0.087
ATTCA	7888.0	6890.7	-0.079
GAGCC	8899.0	6888.6	-0.079
AATAT	9374.0	6559.4	-0.076
CTGGT	10168.0	8921.3	-0.071
GGAGC	4919.0	4512.8	-0.068
ATATT	12314.0	8985.9	-0.054
GCTAG	5006.0	3530.6	-0.054
GTCGA	727.0	532.6	-0.052
GACAC	3260.0	3199.2	-0.044
AAACG	1770.0	1271.4	-0.041
GTCAT	5955.0	4801.6	-0.036
TCTTA	9290.0	7126.5	-0.035
TTTCA	17030.0	16784.0	-0.035
TTGGA	10173.0	7144.1	-0.033
TAAAA	13741.0	9625.5	-0.033
TCTTT	45380.0	31611.1	-0.030
CTATA	4868.0	3452.0	-0.023
GCACC	5223.0	5255.7	-0.022
CGTAG	1104.0	808.5	-0.021
GTCTG	6991.0	6400.6	-0.019
CCTTG	11662.0	8199.3	-0.018
CATTG	7065.0	6013.9	-0.015
AGGAT	6860.0	6327.4	-0.014
TTTAG	11925.0	11897.2	-0.010
ATCGG	836.0	624.0	-0.010
GTTCG	1232.0	907.1	-0.010
ACGAA	1147.0	848.6	-0.008
CGGAT	1196.0	949.6	-0.006
ATAGT	5657.0	4033.7	-0.006
GTAGC	9547.0	7737.2	-0.005
ATCTA	4316.0	3713.7	-0.003
ATTGA	6140.0	4928.2	-0.003
CGTCT	2551.0	2107.1	-0.003
GCCGG	2313.0	1924.3	-0.002
TAATG	6606.0	4720.3	-0.002
TAACG	884.0	672.4	-0.002
TCCGA	1371.0	1047.9	-0.001
TGCGC	2086.0	1862.4	-0.001
GGTCC	3027.0	3008.0	-0.001
GCAAA	5417.0	5027.4	-0.001
GATAT	4391.0	3931.3	-0.001
GGCGA	1729.0	1283.8	-0.001
GGTGT	9450.0	6936.5	-0.001
ACAGG	17626.0	13180.3	-0.001
CTAGA	5648.0	4063.6	-0.001
CGAAG	1479.0	1107.0	-0.001
ATCGA	873.0	670.7	-0.001
CAAAG	11940.0	8487.7	-0.001
CTACG	1070.0	813.5	-0.001
CTTCT	14707.0	14876.9	-0.000
AACTT	10251.0	7307.2	-0.000
GCGTA	828.0	640.0	-0.000
TTCCG	2397.0	1768.5	-0.000
CAAGA	6112.0	5373.1	-0.000
AAATA	12026.0	8560.3	-0.000
GTATG	4426.0	3211.4	-0.000
TAATT	18393.0	13564.8	-0.000
ACGAG	1317.0	996.3	-0.000
CATAA	5335.0	3858.2	-0.000
AGTAT	6018.0	4339.0	-0.000
CGTAC	674.0	530.8	-0.000
CACGT	2027.0	1974.3	-0.000
TCAAA	9949.0	7929.3	-0.000
GGCAA	4673.0	4089.3	-0.000
ATGTA	6596.0	4758.0	-0.000
GATTG	4980.0	4302.0	-0.000
ATAGA	5560.0	4026.7	-0.000
ACCCC	5125.0	4218.1	-0.000
CTTCC	13362.0	13223.7	-0.000
GCTTC	7835.0	6805.3	-0.000
CACTA	5174.0	3861.9	-0.000
TTCTA	8377.0	8197.8	-0.000
TCTGA	7964.0	8265.0	-0.000
ACTTA	5557.0	4036.6	-0.000
TTGTT	29193.0	22380.1	-0.000
ACAAG	5325.0	4302.2	-0.000
CGGAC	985.0	768.7	-0.000
ATTGT	8315.0	6936.8	-0.000
CCGAA	1337.0	1026.5	-0.000
CTATT	8079.0	7011.1	-0.000
TAAAT	11337.0	8127.6	-0.000
GGTTG	5805.0	4883.6	-0.000
TCATT	12589.0	11233.6	-0.000
AGATC	4356.0	4178.8	-0.000
TTTCG	3736.0	2755.4	-0.000
ACCCT	5746.0	5158.1	-0.000
TTAAC	6240.0	4537.9	-0.000
GGCCC	5134.0	4529.9	-0.000
TGAGC	10193.0	8117.9	-0.000
ACCTT	9347.0	6736.5	-0.000
AGCCA	11621.0	9086.6	-0.000
GCATT	6640.0	6486.6	-0.000
TTAGA	7294.0	5495.9	-0.000
GTTAT	5403.0	4592.4	-0.000
TAATC	5386.0	4310.5	-0.000
CCCTC	7724.0	9445.9	-0.000
AACCC	4093.0	3858.3	-0.000
AATTA	8823.0	6385.6	-0.000
GTTTA	7732.0	6671.5	-0.000
GATAG	3813.0	2829.7	-0.000
TGGAC	4069.0	3874.3	-0.000
TGGGA	18407.0	14701.2	-0.000
CCCCA	8194.0	7449.3	-0.000
GAGCT	5885.0	5586.3	-0.000
CGAAC	1886.0	1447.4	-0.000
GGTGA	7865.0	5725.3	-0.000
CGAGG	1904.0	1759.0	-0.000
CGACG	403.0	356.0	-0.000
AATTT	25385.0	18986.6	-0.000
GTAAA	6041.0	4440.8	-0.000
CCAAC	4210.0	3953.6	-0.000
ACGAC	784.0	642.8	-0.000
TTATC	6205.0	5626.6	-0.000
CGATG	1183.0	939.8	-0.000
ATACA	5705.0	4601.3	-0.000
ATGGA	8636.0	6477.6	-0.000
GAACC	3407.0	3096.5	-0.000
CCGAT	1029.0	826.1	-0.000
AATAA	9341.0	6794.0	-0.000
TACGT	1143.0	912.1	-0.000
TCGAT	1720.0	1338.5	-0.000
CTGAG	11406.0	10552.1	-0.000
ATGGC	7240.0	5305.8	-0.000
CTTTG	12455.0	12926.6	-0.000
GCATG	9220.0	6714.4	-0.000
TGAAC	7061.0	5182.1	-0.000
GTACT	4055.0	3033.0	-0.000
GGCAT	9267.0	6758.6	-0.000
TTTTC	38666.0	29267.5	-0.000
TTTCT	42655.0	34513.3	-0.000
TGTTT	30985.0	25186.6	-0.000
GTTTT	33470.0	25209.6	-0.000
TTTGT	33554.0	27988.3	-0.000
ACGCC	4701.0	3503.1	-0.000
ACGCG	591.0	569.8	-0.000
TTACG	1114.0	900.5	-0.000
TCGAA	2159.0	1671.2	-0.000
TAAAC	5411.0	4020.1	-0.000
GCGGA	1560.0	1232.6	-0.000
AACGC	939.0	770.7	-0.000
CCGTA	809.0	672.1	-0.000
GTGGG	6596.0	5990.1	-0.000
GTCCC	4321.0	4352.9	-0.000
GATTT	12982.0	10447.6	-0.000
AGAGC	5048.0	4708.3	-0.000
AGTTT	15243.0	13433.6	-0.000
CCGCT	2356.0	1825.7	-0.000
CTATC	4633.0	3474.1	-0.000
TAGAC	3420.0	2598.1	-0.000
GGTTT	13728.0	13222.4	-0.000
AGGGC	4309.0	4298.7	-0.000
AGATT	8923.0	6980.8	-0.000
TGTTC	7703.0	7670.1	-0.000
CAGTT	9429.0	7835.3	-0.000
ACATC	4175.0	3799.3	-0.000
CCGTC	2182.0	1706.7	-0.000
ATTTA	16213.0	12023.0	-0.000
ATACC	3544.0	2702.3	-0.000
GTTAC	4116.0	3122.6	-0.000
TGGTT	10345.0	9346.6	-0.000
CGTAT	974.0	813.3	-0.000
GGTCG	973.0	813.1	-0.000
GGGGG	5314.0	3993.3	-0.000
TCGGA	1127.0	931.4	-0.000
TGATG	6932.0	6673.1	-0.000
CGCTT	2302.0	1806.7	-0.000
TCCGT	2106.0	1661.7	-0.000
CGTTG	1511.0	1221.5	-0.000
GACGT	1263.0	1036.1	-0.000
ATCGT	1253.0	1031.4	-0.000
ATCCC	4357.0	4740.1	-0.000
TCATA	6524.0	4877.0	-0.000
AAGTT	8173.0	6988.7	-0.000
TGGAT	6731.0	6137.4	-0.000
CGTCA	1466.0	1196.2	-0.000
CAGTA	5864.0	4414.3	-0.000
TTGTG	10555.0	9149.8	-0.000
TCCTA	6938.0	5482.7	-0.000
GTTTC	12273.0	12315.2	-0.000
GTCCT	6226.0	5678.9	-0.000
TGTCT	13017.0	12080.2	-0.000
CATAC	3575.0	2758.9	-0.000
TGTTA	8433.0	6755.4	-0.000
CGACA	864.0	745.2	-0.000
TCTTC	12797.0	13269.7	-0.000
TTCCT	16128.0	18411.7	-0.000
CCACT	8968.0	7960.4	-0.000
GCTTG	5733.0	5526.7	-0.000
TTGTC	9403.0	7824.2	-0.000
TACCT	6644.0	4995.7	-0.000
ACATA	5449.0	4134.4	-0.000
AGGTG	11460.0	8460.7	-0.000
CACAA	7233.0	5428.3	-0.000
GAATG	6055.0	5230.3	-0.000
AAAGC	5456.0	4863.5	-0.000
CTTCA	8659.0	8312.6	-0.000
ACTAA	4661.0	3571.2	-0.000
AATGG	8330.0	6230.8	-0.000
ATCAT	7906.0	5928.9	-0.000
GACAA	4627.0	3554.1	-0.000
CCTCT	18987.0	13922.0	-0.000
TACTC	5199.0	3976.6	-0.000
ATGTT	11833.0	10270.3	-0.000
TAACA	5640.0	4300.6	-0.000
AGTTG	6709.0	5076.5	-0.000
CAGCT	15553.0	11431.6	-0.000
AAGAT	6850.0	5184.9	-0.000
CCATG	9543.0	8765.2	-0.000
ACAAC	4254.0	3299.4	-0.000
GGAGA	7771.0	6529.2	-0.000
ACTTT	15405.0	12175.1	-0.000
TTATG	7059.0	6192.8	-0.000
AACAT	6895.0	5697.8	-0.000
TATGA	5350.0	4264.4	-0.000
TCGTC	1391.0	1180.8	-0.000
AGTAG	12352.0	11580.7	-0.000
CATCG	1151.0	999.2	-0.000
GTATT	10614.0	9264.1	-0.000
GCGAA	792.0	719.2	-0.000
CGGTA	677.0	630.6	-0.000
CAGCA	6645.0	7113.1	0.000
AGCTT	8459.0	7316.3	0.000
ATAGG	4605.0	3592.0	0.000
TAGGA	5578.0	4667.5	0.000
GGATG	4905.0	4919.4	0.000
GATGT	5210.0	4789.4	0.000
TTACC	5447.0	4278.8	0.000
TACCC	4061.0	3287.7	0.000
ACCCG	2525.0	2067.2	0.000
CCCGA	3583.0	3102.5	0.000
CCGAC	1164.0	1044.4	0.000
CACTT	9110.0	8246.5	0.000
TTTGC	11632.0	12194.3	0.000
GCGAG	1410.0	1405.0	0.000
CGAGA	1869.0	1634.3	0.000
AGCTG	12594.0	12014.2	0.000
CTGAT	6163.0	6056.2	0.000
ATTTG	10967.0	10250.0	0.000
ATCCA	7042.0	5643.7	0.000
CCAGA	7450.0	6626.3	0.000
CAGAT	6424.0	6058.4	0.000
AGATG	10411.0	8863.9	0.000
ATGTC	5073.0	4991.9	0.000
CTCTA	6119.0	5892.0	0.000
TCTAA	5538.0	5417.7	0.000
CTAAT	9174.0	8401.5	0.000
CTGTT	16463.0	12555.3	0.000
TTGCT	18187.0	13401.2	0.000
TCCAT	7161.0	7739.1	0.000
CCATC	8425.0	6656.6	0.000
CCCAT	6103.0	5930.9	0.000
AAGGT	5702.0	4565.7	0.000
AGGTC	4588.0	4163.5	0.000
AAAGG	6098.0	5673.3	0.000
AAGGG	5185.0	4645.3	0.000
AGGGA	6227.0	5846.1	0.000
GGGAG	6750.0	7144.8	0.000
GTCCG	1023.0	947.7	0.000
GAACT	7994.0	6069.8	0.000
ACTAG	3194.0	2552.6	0.000
CTAGT	4221.0	3641.4	0.000
TAGTC	3811.0	3243.2	0.000
CAACA	4889.0	4962.4	0.000
CGAAT	902.0	875.7	0.000
GAATA	5174.0	4158.8	0.000
AATAC	4882.0	3903.2	0.000
AGGCC	5373.0	5139.4	0.000
GCCCC	4952.0	5007.6	0.000
CCCCT	7196.0	7061.1	0.000
CCCTT	7260.0	8465.1	0.000
CCTTC	10135.0	11399.0	0.000
CTTCG	1959.0	1649.9	0.000
GCCCT	5938.0	5809.3	0.000
CCCTA	3969.0	3522.5	0.000
CCTAT	4270.0	3903.9	0.000
TATTC	7282.0	6215.5	0.000
TTCAT	11697.0	10461.0	0.000
CATAG	4848.0	3847.6	0.000
TAGCC	5442.0	4295.3	0.000
AGCCG	1496.0	1643.2	0.000
GCCGA	1394.0	1372.3	0.000
TACAC	3478.0	3046.3	0.000
ACACA	6598.0	6363.5	0.000
ACAAA	7261.0	6696.2	0.000
AAACA	8857.0	7196.9	0.000
ACATT	8764.0	7364.2	0.000
CATTA	5460.0	4751.3	0.000
ATAAA	9133.0	7141.4	0.000
AACAC	4539.0	3906.3	0.000
ACACC	5712.0	5207.0	0.000
CACCA	14374.0	13490.1	0.000
CTACA	7180.0	5858.0	0.000
AGGAA	7279.0	7132.6	0.000
GGAAC	3678.0	3263.6	0.000
GAACA	4555.0	3969.2	0.000
AACAA	6443.0	5529.6	0.000
CATAT	6274.0	5204.6	0.000
CCTGA	12677.0	10310.6	0.000
TCTAC	4815.0	4390.4	0.000
ACCAA	4703.0	4236.9	0.000
AAGAC	5365.0	4154.9	0.000
AGACC	3789.0	3958.2	0.000
GACCC	3071.0	3136.6	0.000
CTACT	5245.0	4877.3	0.000
TACTT	9245.0	7030.3	0.000
ATTCC	6446.0	5958.8	0.000
GCTAC	3156.0	3017.5	0.000
GACCA	3739.0	3673.5	0.000
CTATG	4552.0	4290.0	0.000
ATGAA	7210.0	5738.0	0.000
GAAAA	8947.0	7525.8	0.000
AAAAA	20940.0	17866.6	0.000
AAAAC	7639.0	6272.9	0.000
TACCA	5153.0	4173.7	0.000
TAGCA	4931.0	4019.9	0.000
AGCAT	6080.0	5300.9	0.000
CTTAT	6723.0	5727.0	0.000
ATATG	5839.0	4585.4	0.000
TATGT	8564.0	6959.7	0.000
CCATA	4186.0	3571.3	0.000
CCATT	11211.0	9041.8	0.000
TTACA	14601.0	10837.5	0.000
CATTC	10336.0	8017.7	0.000
TTCCC	10589.0	10699.2	0.000
AAACC	5329.0	4521.0	0.000
CCTAA	4909.0	4126.4	0.000
CTAAG	4188.0	3680.7	0.000
AAGAA	8477.0	7442.0	0.000
AGAAA	10192.0	9148.8	0.000
GAAAT	8323.0	6571.3	0.000
GATAA	4210.0	3420.3	0.000
AAAAG	9003.0	7636.9	0.000
AAAGA	8629.0	7491.1	0.000
AAGAG	7338.0	5903.8	0.000
AGTTA	5148.0	4325.5	0.000
AGGAG	6971.0	7520.5	0.000
AAATC	6107.0	5284.6	0.000
AATCC	5972.0	5079.4	0.000
CCTTA	5501.0	4691.0	0.000
ATTTC	12214.0	11947.1	0.000
AGGAC	3579.0	3720.4	0.000
GGGAA	5456.0	5487.3	0.000
GGAAG	5832.0	6004.5	0.000
GAAGG	5198.0	5203.5	0.000
AAGGA	5977.0	5862.0	0.000
GGATA	3180.0	3045.8	0.000
CATTT	16472.0	15396.8	0.000
TTCGG	1523.0	1435.3	0.000
TCGGG	1653.0	1480.0	0.000
GGGTA	3147.0	2843.6	0.000
GGTAT	4290.0	3571.3	0.000
TATGG	4388.0	3681.8	0.000
ATGGG	5719.0	5900.5	0.000
GGGCC	3841.0	3973.8	0.000
GCCCG	4291.0	3960.2	0.000
TAGCT	12125.0	10399.6	0.000
TTAGC	5139.0	5307.2	0.000
CTTTA	8931.0	9071.4	0.000
TTAGG	5014.0	4913.6	0.000
GATGG	9645.0	8567.9	0.000
GTGTG	14387.0	11260.1	0.000
TAGGT	4802.0	4212.3	0.000
GAGAA	6592.0	6689.9	0.000
AGAAT	7559.0	6538.2	0.000
GAATT	8532.0	6851.4	0.000
TTTGG	15041.0	13075.3	0.000
TAGAA	6609.0	5288.0	0.000
ATAAG	4165.0	3502.5	0.000
TAAGG	3989.0	3580.2	0.000
AGGGG	4674.0	4593.0	0.000
GGGGA	5119.0	4810.2	0.000
TTTAC	8927.0	7521.7	0.000
TCTAT	6569.0	6319.0	0.000
TATCA	5384.0	4484.9	0.000
ATCAG	4807.0	4812.5	0.000
TCAGA	6754.0	6746.2	0.000
GACAT	4255.0	3834.8	0.000
CATCA	5787.0	5593.3	0.000
TTTCC	14835.0	16682.3	0.000
CGCAT	1168.0	1038.6	0.000
TCCTT	14021.0	16047.2	0.000
AGCTA	6426.0	5737.0	0.000
TATCC	4108.0	3701.0	0.000
CAATA	4492.0	3522.5	0.000
GGACA	3739.0	3848.7	0.000
AATGA	7645.0	5882.2	0.000
ACCAT	9528.0	7924.7	0.000
CCAAT	4532.0	4000.4	0.000
AATCA	6404.0	5206.9	0.000
TCATC	6261.0	6126.7	0.000
AGCCC	5331.0	5121.0	0.000
CCTTT	16138.0	15526.5	0.000
CTTTC	14849.0	17183.2	0.000
AGAGG	6320.0	6424.8	0.000
GAGGT	5728.0	5632.6	0.000
GGTTA	3678.0	3246.3	0.000
AAGGC	4435.0	4408.6	0.000
CCACA	7760.0	7779.2	0.000
TATCT	8145.0	6973.4	0.000
TATGC	3682.0	3355.6	0.000
TGCTA	5966.0	4854.7	0.000
AAATT	13803.0	10344.3	0.000
AAGCC	5190.0	4662.3	0.000
GTAAG	3803.0	3207.8	0.000
TAAGT	6137.0	5007.9	0.000
AACAG	6151.0	5320.2	0.000
CAAAA	8570.0	7795.7	0.000
CAAAT	7654.0	6391.1	0.000
GCCAG	8240.0	8170.0	0.000
ATTAG	4585.0	4330.7	0.000
TAGGG	3569.0	3388.0	0.000
TGCTT	12303.0	11388.5	0.000
CTTAG	5621.0	4703.7	0.000
GTTTG	9293.0	10505.4	0.000
TGTGG	8589.0	8076.4	0.000
ATTGG	5049.0	4628.0	0.000
TTGGT	9597.0	9329.7	0.000
TGGTC	9050.0	8094.8	0.000
GTCTA	3390.0	3100.3	0.000
TAGTA	6878.0	6463.0	0.000
TGCGT	1576.0	1662.6	0.000
CGTTC	1636.0	1417.5	0.000
GATGC	3356.0	3323.1	0.000
GCAGA	5675.0	5682.1	0.000
CAGAA	7048.0	6902.5	0.000
TGAGG	8065.0	7443.3	0.000
GAGGG	5449.0	5119.3	0.000
GCTTT	12177.0	11553.5	0.000
TGTAT	11963.0	10118.4	0.000
GACTA	5343.0	4481.2	0.000
ATGCC	7545.0	6452.0	0.000
CACAT	6383.0	6077.2	0.000
ATTCG	935.0	1045.4	0.000
GAAGA	6272.0	5347.1	0.000
AGAAC	4284.0	3992.4	0.000
CCCGT	1583.0	1593.4	0.000
TACAT	6581.0	5122.9	0.000
AAAAT	14962.0	11137.2	0.000
GCCAA	4365.0	4257.8	0.000
CATGG	6262.0	5552.7	0.000
ATGAC	4082.0	3309.7	0.000
GACTT	6332.0	5493.3	0.000
AGATA	5733.0	4482.7	0.000
CTAAA	6145.0	5115.2	0.000
AAATG	10592.0	8080.2	0.000
ATGGT	7144.0	6357.6	0.000
ATATC	4381.0	3693.3	0.000
GGAGG	7130.0	7747.5	0.000
GGCCA	6613.0	6751.5	0.000
GTTGG	9014.0	6851.4	0.000
ACCAG	5251.0	4931.0	0.000
TTGGG	9278.0	7798.0	0.000
TAGAT	4823.0	4344.7	0.000
ACGGG	2489.0	2136.7	0.000
AATGT	8263.0	6653.1	0.000
ATGTG	7752.0	7024.3	0.000
TGTGT	15598.0	13759.6	0.000
TGGTA	6273.0	4916.5	0.000
GGTAG	3813.0	3323.0	0.000
GTAGG	3431.0	2955.9	0.000
GGGGC	4191.0	4226.0	0.000
GGGCA	4573.0	4926.7	0.000
GGGAC	5753.0	5356.4	0.000
GGACG	1057.0	1036.4	0.000
GTATC	3303.0	3035.4	0.000
ATGAG	6679.0	5788.0	0.000
GGGCG	2026.0	2147.9	0.000
TGAAT	8167.0	7059.0	0.000
TGTGC	8113.0	7644.7	0.000
CTTGT	10899.0	8453.5	0.000
GGTAA	3929.0	3241.5	0.000
AGAAG	6836.0	6621.8	0.000
GAAAG	5955.0	5575.4	0.000
GCGCC	3825.0	3555.1	0.000
CCCGC	4576.0	3877.7	0.000
TAGTT	7420.0	6657.2	0.000
GTGAG	8586.0	7645.4	0.000
TCCCT	9608.0	11844.9	0.000
GGCCG	2368.0	1966.1	0.000
AATTG	6805.0	5247.3	0.000
GAAGC	4658.0	4435.6	0.000
CATCT	9856.0	8355.5	0.000
ACATG	5834.0	5464.2	0.000
CATGT	9068.0	8632.1	0.000
TTCCA	9939.0	9994.7	0.000
ACACG	1376.0	1311.0	0.000
AGCAC	4304.0	4518.4	0.000
CCTGT	9323.0	9226.1	0.000
TGTCC	6675.0	6278.5	0.000
TTGTA	12043.0	10866.2	0.000
TTAGT	8495.0	8819.0	0.000
GTAGA	6535.0	6891.5	0.000
GTCAG	4888.0	5101.7	0.000
ATCTG	8117.0	6836.2	0.000
ACTTG	6044.0	5391.0	0.000
AGCAG	8519.0	6487.8	0.000
GTACC	2644.0	2329.5	0.000
GGACC	2465.0	2703.5	0.000
GATGA	5352.0	4713.1	0.000
GTTGT	8314.0	6760.9	0.000
TGTAC	4383.0	3574.9	0.000
GTTCC	4433.0	4994.1	0.000
ACCGT	1843.0	1596.1	0.000
CGTGT	2223.0	2159.3	0.000
GAGGA	5484.0	6030.1	0.000
GACGC	962.0	967.8	0.000
AGGTA	4436.0	3911.5	0.000
GTTAG	3698.0	3671.9	0.000
TTCGT	1934.0	1903.6	0.000
GCATA	3768.0	3100.9	0.000
ACGTG	1800.0	1788.4	0.000
CCGGT	1238.0	1107.7	0.000
CCGTT	1374.0	1362.4	0.000
GAGCA	4949.0	4668.4	0.000
TCGTT	2082.0	2008.5	0.000
CGTTT	2591.0	2776.7	0.000
ACGTT	1654.0	1514.7	0.000
ATGCG	1220.0	1116.3	0.000
GGAAA	7062.0	6292.2	0.000
CGTTA	932.0	889.9	0.000
ACCGG	928.0	839.4	0.000
