OligoSequence	Target Occurences	Background Occurences	Enrichment(ln p, up to 2 mismatches)
GCCTC	128742.0	59412.1	-7069.165
GTAGC	45934.0	18580.5	-5963.063
CCTCC	121436.0	62996.9	-4186.057
TAGCT	52479.0	24497.5	-4107.841
GAGTA	36373.0	15671.8	-4088.319
AGCCT	74425.0	36875.1	-4080.758
TCAGC	67257.0	33394.8	-3791.931
CAGCC	72917.0	37101.9	-3571.926
GCTGG	101768.0	54405.9	-3337.318
CTCAG	78522.0	42514.3	-2717.302
GCTCA	58727.0	30720.7	-2706.682
TCAAG	49224.0	25464.6	-2517.619
AGTAG	53726.0	28278.7	-2462.027
AGTGC	54727.0	29372.8	-2251.089
GGAGT	58074.0	31487.2	-2218.841
CCTCA	68389.0	37893.4	-2182.702
CAAGT	38693.0	19876.4	-2160.937
CTGGG	83601.0	47458.1	-2114.349
GCGAT	18480.0	8245.4	-2022.609
CTCCC	83380.0	47760.7	-1988.228
ACCTC	59182.0	32780.8	-1986.333
CTCAC	57469.0	32071.7	-1859.041
GCAGT	46354.0	25223.1	-1844.163
TCCTG	86776.0	50534.8	-1810.404
AGCTG	55011.0	30881.1	-1737.440
TTTTG	129453.0	77478.8	-1733.463
ACTGC	46387.0	25588.4	-1704.948
TCCCA	64845.0	37295.1	-1659.011
TCACT	61727.0	35493.6	-1608.295
TGCCT	76551.0	45054.6	-1560.104
TCCCG	23008.0	11630.5	-1500.686
CGAGT	13291.0	5933.6	-1491.389
GAGTG	44341.0	24863.0	-1490.641
GTGCA	46006.0	26038.9	-1445.271
TGGAG	60580.0	35315.4	-1441.814
AAGTA	25788.0	13454.9	-1425.990
AGTGG	44674.0	25255.3	-1423.761
CAAGC	36077.0	19891.7	-1401.790
CACTG	55773.0	32402.9	-1394.739
GGCTC	45841.0	26150.1	-1368.886
TTTTT	658520.0	310003.7	-1351.722
TTGAG	50120.0	28980.6	-1334.782
AAGTG	44945.0	25922.7	-1251.553
GTTCA	39263.0	22343.5	-1232.590
TGCAG	54932.0	32465.6	-1216.086
TGGGA	61574.0	36768.2	-1214.369
GGTTC	34478.0	19431.2	-1181.471
CCCGA	13771.0	6604.3	-1180.395
CAACC	30185.0	16754.6	-1161.847
AACCT	35458.0	20132.3	-1152.206
GCAAC	27081.0	14871.8	-1128.651
GCGTC	2884.0	2533.2	-1128.483
CTGCC	66014.0	40223.1	-1074.932
TTTGA	60345.0	36528.9	-1071.122
CCCAA	39216.0	22931.9	-1020.358
CTCCT	85727.0	53449.1	-1015.697
GATTC	29610.0	16753.2	-1014.521
GTGAT	41212.0	24286.3	-1001.434
AGTCT	41757.0	24706.0	-982.014
CGATT	11957.0	5820.9	-974.031
ATTCT	53193.0	32391.7	-931.845
AGGCT	60848.0	37500.9	-919.479
CTGGA	53634.0	32753.1	-914.391
CAGGC	75063.0	46987.4	-905.741
GTCGC	8951.0	4826.3	-886.010
AGCGA	12657.0	6388.7	-877.111
CCGAG	14955.0	7809.2	-870.519
AAGCG	12341.0	6236.5	-852.151
GAGTC	29136.0	16923.9	-838.028
TGCAA	42574.0	25792.6	-824.067
CAGTG	49837.0	30648.5	-813.934
GCAAT	27664.0	16063.3	-803.823
CCCAG	72267.0	45769.1	-784.899
TGAGA	48065.0	29787.6	-737.856
CGATC	13108.0	6989.5	-691.818
CCAGG	67518.0	43121.4	-686.442
GAGAC	40308.0	24819.4	-684.358
TGATC	35636.0	21754.5	-669.788
ATTTT	123865.0	81323.5	-659.058
GGGAT	38005.0	23407.9	-651.338
GCCGC	3834.0	3608.5	-645.429
CCGCC	19765.0	14212.8	-617.989
CTCGG	18236.0	12045.3	-604.741
TTCAA	40131.0	25074.0	-593.795
CTGCA	50732.0	32253.6	-593.150
TCTCG	25444.0	15270.6	-582.297
TGAGT	32628.0	20094.2	-575.639
TCTTG	53812.0	34446.4	-573.900
GTGGC	34117.0	21187.8	-552.393
AGTCG	2280.0	1958.8	-549.325
AGCGT	3442.0	3042.6	-523.276
CTTTT	94636.0	62803.9	-511.429
TGTCG	10029.0	5413.6	-504.416
GTTTT	78654.0	51895.4	-503.466
GACTC	11279.0	10118.7	-492.222
TCGCG	1039.0	1133.6	-479.000
GATTA	34115.0	21511.7	-475.071
GCTCG	3840.0	3298.7	-471.726
GGCTG	60413.0	39617.0	-463.452
TCGGC	16792.0	10269.1	-452.429
AGCCG	3899.0	3828.6	-447.492
GATCT	33799.0	21428.2	-445.300
TATAT	26879.0	16719.6	-445.229
CTCAA	34796.0	22140.8	-438.625
TAGCC	12925.0	11158.2	-395.694
TCGAG	4262.0	3186.2	-393.367
CCTCG	11252.0	8945.7	-385.967
CGCAG	4348.0	3836.9	-384.788
GGATT	40827.0	26602.6	-377.711
ATATA	21539.0	13363.0	-376.159
ATCCT	27325.0	17320.5	-373.247
TCACG	6927.0	5466.7	-366.175
CTCCG	14265.0	8805.7	-361.014
GGGAC	20945.0	13020.2	-360.495
TGCGA	5391.0	3193.8	-359.934
AAGCA	25958.0	16449.6	-358.369
CGCCT	21161.0	14167.3	-358.194
TTTAA	48428.0	32033.6	-352.233
GTCAC	22026.0	13788.4	-351.882
AGACA	31877.0	20552.0	-351.850
GTCTC	47742.0	31565.6	-350.881
CACCT	39451.0	25814.5	-348.419
CCAAG	27369.0	17469.4	-346.754
TTTTA	90025.0	61308.3	-330.291
CCTGC	48464.0	32215.0	-328.785
TGCCG	4549.0	3677.0	-318.990
CGGCC	11188.0	7963.0	-315.969
GCGAC	1776.0	1801.9	-310.727
GCATC	9748.0	8848.6	-305.825
TCGCC	11829.0	7088.8	-295.409
ACGGA	8343.0	4784.2	-293.802
GCCTA	11368.0	8963.0	-291.000
AGTGA	32633.0	21421.0	-286.676
GTAAC	8470.0	5929.5	-284.194
CCGGG	13453.0	8569.2	-282.087
ATTAC	31149.0	20429.7	-278.995
GACAG	29071.0	19018.4	-272.220
AGAGT	26978.0	17578.7	-268.826
CTCGC	11381.0	6883.8	-264.099
CGGGT	10398.0	6231.5	-261.848
GCGTA	1716.0	1467.3	-261.684
GCGCA	5278.0	3749.1	-257.689
CGCAA	4141.0	2787.1	-257.176
TTGTT	68758.0	47148.1	-250.161
TCTCA	48667.0	32944.7	-248.314
AGACT	16743.0	13182.9	-247.516
CGTAG	2280.0	1854.4	-238.980
GCCAC	34067.0	24815.0	-225.705
GATCC	20111.0	13025.5	-224.310
TAGCG	1841.0	1791.9	-217.305
AAAGT	32129.0	21555.2	-207.294
TCCGC	13499.0	8533.4	-205.131
CTGCG	5679.0	5077.2	-202.153
AGTAC	10621.0	7034.8	-192.582
GGGTC	17054.0	11085.9	-185.330
TTAAA	33956.0	23011.3	-184.417
TGTTT	75592.0	52752.6	-184.053
CAGTC	19871.0	13822.2	-183.149
TCGCT	11564.0	7305.3	-179.070
CATCC	13971.0	12806.2	-178.261
TTATT	65721.0	45765.9	-177.346
TACAG	41398.0	28368.5	-177.053
ACGAT	5512.0	3213.2	-176.757
GCCCA	40767.0	27925.1	-176.343
ACCGC	5445.0	4298.4	-176.109
ACTGG	16838.0	13465.8	-175.084
TCGTG	5773.0	4884.0	-170.126
TGAGC	31639.0	21491.8	-167.296
CAATC	17972.0	11851.0	-161.309
CCCGG	17386.0	12233.2	-160.170
TCAAC	10803.0	8842.1	-159.261
CCACC	54304.0	37785.5	-158.815
CGGAG	10372.0	6565.7	-158.609
CGCTG	5546.0	4822.1	-158.398
TCGCA	2342.0	2111.0	-156.998
GCAGC	21505.0	15672.8	-155.366
TGGCG	11796.0	7570.3	-153.830
TAAGC	9774.0	7569.4	-153.510
GTAGT	12977.0	9856.3	-152.714
CGTGC	6925.0	5204.7	-150.029
AGCGG	3051.0	2867.7	-149.106
CTGAG	39923.0	27579.4	-147.251
GAGCC	27089.0	18436.9	-142.184
TTGCC	35697.0	24595.8	-142.115
GGCAT	24008.0	16247.9	-141.210
CAGCG	4266.0	4115.3	-140.823
ATCTT	32268.0	22153.3	-140.261
GATCA	13436.0	10041.4	-139.064
GGCGT	12034.0	7807.2	-138.022
GGATC	10562.0	8345.1	-131.367
GTTGC	24689.0	16811.3	-130.280
GTGCG	7078.0	4413.3	-128.775
ACAGG	46162.0	32255.3	-128.632
TTAGC	13601.0	12959.5	-127.893
CAGGT	36278.0	25164.2	-125.592
AAGCT	18820.0	15158.3	-123.920
CTAGG	15425.0	10761.6	-123.756
TGGCA	28879.0	19876.3	-122.028
TTGGC	35184.0	24416.5	-121.267
AACTG	14526.0	12064.3	-121.172
TAACT	14450.0	10394.1	-119.598
GCGGG	4539.0	4374.0	-118.720
CTCTG	59928.0	42344.4	-117.373
CTTGG	33655.0	23360.3	-116.563
TATTT	82770.0	58964.5	-113.186
GCCTG	33402.0	29346.4	-113.178
CTAGC	8097.0	7557.1	-112.548
CTGGC	32554.0	25745.3	-112.048
CCTGG	54320.0	38361.8	-111.356
GGCCT	31038.0	23115.5	-110.976
CGCGA	3220.0	2228.0	-110.917
GAAGT	15304.0	12773.8	-109.819
CTGTC	36929.0	25800.4	-108.708
CACAG	20912.0	17975.6	-108.232
GTGGT	26908.0	18583.3	-107.545
TGTCA	28642.0	19868.9	-103.442
CCTAC	9213.0	7825.7	-103.353
CTACC	11372.0	8955.5	-101.071
CGTGA	12452.0	8299.2	-99.896
TTTAT	63629.0	45295.9	-99.142
GTCTT	35939.0	25203.4	-97.398
CTCGA	7752.0	6266.2	-97.006
GGAAT	16851.0	12620.1	-96.715
CACCC	29508.0	21419.5	-94.789
CGTCC	3280.0	3060.5	-91.284
TGTTG	46770.0	33167.5	-89.447
GCGTG	12887.0	8695.9	-85.488
AGTGT	21011.0	15885.2	-84.590
GCAGG	17534.0	16303.1	-82.263
TCCGG	4004.0	3421.9	-80.308
GGGGT	19331.0	17018.5	-80.198
CCTAA	11111.0	9277.4	-79.367
TGGCT	44003.0	31976.1	-78.076
ATTAT	26919.0	18869.7	-77.944
CCAAA	28493.0	20018.0	-77.476
ACAGC	13329.0	12254.5	-75.706
TCCAG	23382.0	22262.9	-75.693
AGCTC	28099.0	20917.7	-75.138
GCATG	23832.0	16661.3	-74.833
GACGG	11127.0	7512.8	-74.163
GCTAG	12767.0	8689.9	-73.387
ATCTC	35948.0	25501.4	-72.571
TGACT	16733.0	14555.6	-72.164
TGCCA	26376.0	22385.3	-72.059
GTGAC	11262.0	9847.7	-68.895
CGCCC	15784.0	12599.1	-68.849
CTAAG	9852.0	8269.6	-68.330
GCTGC	17152.0	17421.5	-67.710
TACCG	1850.0	1633.4	-67.627
GACTG	14546.0	11613.2	-67.453
ACTCA	14652.0	13070.0	-66.887
GGACT	20547.0	14669.1	-65.755
GGAGC	12160.0	11449.5	-65.066
GCTCC	14838.0	15522.4	-64.844
GTGCC	21649.0	16778.1	-63.623
TCACC	31709.0	23877.5	-63.346
CGGGG	6940.0	6649.0	-61.308
GACTA	14680.0	10161.8	-60.770
ACTCC	22147.0	18920.3	-59.377
CAGAC	13014.0	11280.8	-59.239
TAGGC	13167.0	9086.6	-58.686
CCTAG	14416.0	10950.0	-57.873
CCAGC	27913.0	26934.4	-57.468
TTACA	36264.0	25942.7	-57.073
TATTG	16832.0	14766.3	-56.564
TACTG	15658.0	11732.8	-56.399
TGGAA	23953.0	17998.7	-54.219
CTTGC	26664.0	18951.8	-54.213
AATCT	23687.0	17050.6	-53.964
ATAGC	11340.0	7805.7	-53.934
TGTAG	19800.0	14907.5	-53.844
GTGCT	28988.0	20661.7	-53.405
CCGCA	4420.0	3687.0	-52.919
AGCTT	20711.0	17168.2	-52.718
TCAGT	21613.0	18719.2	-52.533
GGGCT	24125.0	17116.8	-52.342
ACCTG	21057.0	17930.8	-51.671
CACGC	9788.0	8745.1	-50.935
TCAGG	24312.0	21308.7	-50.563
TGAAG	18983.0	15977.1	-47.249
ACAGT	20114.0	14251.6	-46.659
GGTGT	23572.0	16783.7	-46.518
CAGGG	24713.0	19885.9	-46.050
TTAAG	18501.0	13086.5	-45.391
CCTGA	37175.0	26810.4	-44.382
GGGTT	37245.0	26864.2	-44.279
GCACT	13129.0	12315.3	-43.894
TGATT	32696.0	23526.6	-43.524
TGCTG	40473.0	32171.0	-43.495
ACTGT	23210.0	16563.9	-42.921
TCTGT	52963.0	38501.7	-42.062
AGTTG	15976.0	13185.4	-42.048
AGCCA	33245.0	24149.4	-41.773
CCCCA	19624.0	18701.1	-39.880
ACCCA	25533.0	18314.7	-39.692
TTGGA	22704.0	16628.6	-38.994
AGCAA	21274.0	15195.5	-38.925
TTACT	21759.0	15579.4	-36.851
TCATG	20546.0	16404.0	-36.815
CCCCC	15789.0	12625.7	-36.446
CAGCT	34646.0	28728.3	-36.444
CAAGG	13606.0	12285.9	-36.263
GCCCC	12610.0	12320.6	-36.171
TCCGA	2839.0	2269.9	-36.143
CTGAC	15753.0	16210.9	-34.306
GCTGT	21092.0	18421.3	-34.250
CGACC	3005.0	2331.0	-34.156
TACCT	15683.0	11657.4	-33.297
CACCG	8637.0	6781.1	-33.001
TCCTC	32490.0	27969.2	-32.416
TTAAT	26718.0	19302.4	-32.203
CATGA	21604.0	15537.4	-31.751
GCCGG	5067.0	4359.3	-30.860
GCGGT	3726.0	2892.3	-30.771
ACCGA	1930.0	1774.2	-30.459
TCTCC	51609.0	37773.8	-30.388
CTTGA	25782.0	19474.7	-30.093
GGTGG	21057.0	18374.0	-29.812
CCGGC	8761.0	8015.3	-29.458
CTTAC	12560.0	8919.4	-29.375
GCCTT	29381.0	21321.4	-29.310
TTTAG	28053.0	27876.3	-28.840
CGGCT	15769.0	11285.4	-28.548
TCACA	17348.0	15483.0	-28.262
CTCAT	20002.0	17880.6	-27.990
TCTGG	25275.0	22410.9	-27.428
CGCGT	1089.0	1179.9	-26.256
GCTGA	19677.0	17192.8	-26.067
CGGGA	3916.0	4068.2	-25.918
AGACG	12000.0	8551.3	-25.675
GGTCT	32020.0	23354.6	-25.371
TAGAG	23913.0	20581.3	-24.670
GCAAG	12683.0	11370.2	-24.368
ACTAC	14849.0	10684.3	-22.940
CAATT	20989.0	15232.0	-22.487
GCTTG	15206.0	13702.4	-21.840
AGCAG	20497.0	17018.0	-21.749
TCGAC	2421.0	1618.4	-21.568
TTATA	21878.0	15907.7	-21.549
AGTAT	13479.0	10431.1	-21.320
GTACC	6588.0	5707.5	-20.894
TTGCG	2660.0	2561.7	-20.754
AACGT	2891.0	2460.1	-20.412
GTACA	11243.0	8062.5	-20.181
CGCTC	9391.0	6706.8	-19.603
CATGC	22391.0	17945.7	-19.601
TGTGA	28876.0	21612.6	-19.370
AATTC	21418.0	15608.3	-19.254
CCGGA	3606.0	2906.2	-19.193
TAGTG	13333.0	10497.1	-19.007
ATATT	27060.0	19810.9	-18.814
GAGTT	20887.0	17594.9	-18.659
TCCAA	13842.0	13158.0	-18.604
ATTGC	14706.0	12702.9	-18.546
CCGAA	2710.0	2162.0	-18.496
AGCTA	16602.0	13731.3	-18.121
ACGTA	2160.0	1850.2	-18.097
GGTCA	11392.0	10865.9	-17.998
TTCGA	3219.0	2669.7	-17.990
TCGGA	2047.0	2156.8	-17.859
ATACT	11959.0	8629.0	-17.417
TTTTC	78045.0	57906.6	-17.248
GGCTT	20852.0	17359.8	-17.181
CACGA	5405.0	3809.8	-17.120
AATGC	13054.0	10744.5	-16.965
GCCAT	21070.0	15409.0	-16.330
CACGG	4066.0	3584.0	-16.286
TTCAG	26284.0	22456.4	-15.855
GAGCT	15718.0	14310.9	-15.760
GTGGA	15562.0	13038.1	-15.164
CCAGT	16999.0	16282.2	-14.999
GTATT	24691.0	22376.9	-14.021
CAACT	12498.0	10809.7	-13.856
TTGGG	25051.0	19701.8	-13.710
CAATG	13248.0	11997.8	-13.651
AGCAT	14625.0	12559.9	-13.327
ATGAT	19593.0	14379.7	-13.076
CACGT	4976.0	4586.2	-13.032
TTGAA	27970.0	20748.6	-12.813
AAGTC	10888.0	10462.0	-12.649
AAGCC	12277.0	11897.2	-12.300
TCTGC	36242.0	28041.1	-11.937
GCTTC	19364.0	16243.0	-11.870
GAATA	12503.0	9473.3	-11.662
ATTGT	19332.0	15635.8	-11.616
GCCGT	3509.0	2691.5	-11.394
AGGGT	20427.0	15052.0	-10.991
TCAAT	10307.0	11104.0	-10.854
TTTGT	81979.0	61195.5	-10.699
AATAT	19682.0	14503.7	-10.664
GGTAC	6038.0	5244.2	-10.513
TGCCC	35938.0	26703.8	-9.765
GAGGC	17665.0	17323.6	-9.512
TTGAT	19993.0	17645.8	-9.273
TAAAG	15532.0	12293.7	-9.212
ACTCT	25171.0	18658.1	-9.042
GGCAC	19041.0	14069.4	-8.980
CTTAA	15737.0	11602.4	-8.820
CTCCA	27086.0	25126.4	-8.749
CGTGG	5281.0	4582.6	-8.683
GTTGG	21995.0	17470.3	-8.450
GTGGG	17248.0	16113.0	-8.241
GTGTT	25643.0	20029.4	-8.229
GAGCA	13006.0	11880.7	-8.212
GTTAT	11846.0	10212.2	-8.190
ACTTT	35074.0	26117.1	-8.177
GGTGC	19386.0	14351.8	-8.147
TTCTG	37707.0	33231.4	-7.539
TTATG	16319.0	13444.0	-7.314
CTGTG	31190.0	26938.1	-6.686
CAAAG	27463.0	20467.6	-6.553
CGAGC	2857.0	2473.7	-6.346
TATAG	13438.0	9948.3	-6.290
CGTCA	2859.0	2570.5	-6.181
GCACG	6367.0	4664.3	-6.180
TACTT	20461.0	15223.2	-6.126
TGCGT	3857.0	3672.2	-6.032
CTGGT	25901.0	22587.6	-5.975
TTGTG	26582.0	21867.7	-5.972
TGGGG	24625.0	21841.2	-5.968
CCACG	8033.0	7615.7	-5.643
TTTGG	39147.0	29902.5	-5.578
CTTCC	29577.0	29461.7	-5.180
ACTGA	13975.0	12179.5	-5.172
AGTTT	34036.0	29852.4	-4.839
CCCAC	24981.0	19055.5	-4.824
GGTTT	32532.0	30147.7	-4.502
AACTT	20721.0	15483.3	-4.476
ATGCT	15372.0	14121.1	-4.315
AGTCA	13109.0	12083.0	-4.233
ATGTT	29222.0	24615.3	-4.079
CTGAA	19788.0	16587.9	-4.019
CCCTG	23637.0	22406.5	-3.991
TGGGC	24661.0	18885.8	-3.880
AATTT	55130.0	41510.0	-3.680
GTTTA	16304.0	14656.4	-3.664
ATGCA	14561.0	12257.9	-3.513
ATAGG	11599.0	8657.5	-3.482
AGGTT	24018.0	18018.4	-3.448
GATAC	6521.0	5415.8	-3.346
ATAAT	17286.0	12951.5	-3.243
TGCAT	17746.0	16259.7	-3.150
CGCAC	3613.0	3112.0	-3.037
TGTTA	18257.0	15722.6	-2.911
TAGTT	16785.0	15153.3	-2.865
ATGTA	14501.0	10876.9	-2.716
ACCTA	8556.0	6948.5	-2.695
TACAA	13004.0	11071.4	-2.609
AGGTG	29022.0	21859.6	-2.495
GATTT	28890.0	23123.2	-2.434
TAATA	15073.0	11323.2	-2.405
AATTA	18410.0	14724.9	-2.338
TGTAA	18431.0	15244.1	-2.232
AAACT	20738.0	16227.6	-2.222
AGTAA	13315.0	10138.9	-2.191
AAATT	29884.0	22544.8	-2.087
TCCTA	15345.0	12565.3	-1.967
TGATA	12197.0	10052.6	-1.955
ACCCT	12983.0	12611.1	-1.932
CGGTC	2530.0	2070.1	-1.899
GTGTA	12741.0	10036.9	-1.807
CGACT	2453.0	2205.2	-1.774
GAGAT	26796.0	21295.3	-1.709
TGAAA	23519.0	18144.0	-1.634
TAGGT	11367.0	9776.7	-1.623
CTTAG	13561.0	11299.3	-1.623
TGGAC	10446.0	9386.0	-1.490
GTAAT	13605.0	10975.7	-1.485
TAAAA	27927.0	21123.0	-1.443
TCAGA	16595.0	15866.8	-1.429
GGCGC	9610.0	8071.4	-1.420
GTTGA	12897.0	10925.5	-1.407
TAATT	38612.0	30238.2	-1.403
TAAGT	13688.0	11270.4	-1.379
CGGGC	5302.0	4319.8	-1.331
GCATT	16355.0	14589.6	-1.302
ACAGA	24457.0	18514.0	-1.235
GTTCT	20188.0	18106.6	-1.078
TTGAC	14521.0	11002.4	-0.992
GTCGT	2439.0	1895.9	-0.906
TAGTA	15755.0	16056.5	-0.861
AACTC	22292.0	16915.9	-0.850
TTAAC	12255.0	9301.8	-0.789
GAGCG	3199.0	3021.0	-0.765
TTAGA	15689.0	13024.7	-0.758
ATCAT	16995.0	12914.0	-0.690
GGCTA	17630.0	14795.6	-0.663
TATTA	20392.0	15499.2	-0.659
GTTGT	19687.0	15930.8	-0.640
ACTAT	11908.0	9055.1	-0.631
CAGTA	13680.0	10870.9	-0.602
CCCTC	17161.0	21333.1	-0.586
TGACA	13877.0	12208.9	-0.581
GCTTA	12213.0	9298.2	-0.538
TGGTG	31778.0	24182.5	-0.515
GGGTG	15319.0	14133.2	-0.511
CTGCT	26001.0	25688.9	-0.501
TGGGT	27076.0	20614.4	-0.473
CATAG	11490.0	8758.8	-0.464
TTGCA	19705.0	17924.0	-0.370
ACTAG	6758.0	6068.0	-0.365
TTTCA	39989.0	37334.8	-0.270
AGGCA	28900.0	22642.8	-0.239
TCTAG	11835.0	11095.5	-0.221
TGGTT	23943.0	21236.0	-0.190
ATTTG	24929.0	23891.7	-0.185
GTGTC	14457.0	12778.7	-0.184
GTACT	9133.0	7014.0	-0.170
TCTGA	19967.0	19079.4	-0.165
AAGTT	18623.0	15602.9	-0.161
TGGCC	32698.0	25004.6	-0.152
ACGGC	2648.0	2321.4	-0.148
TTTGC	30010.0	26319.1	-0.146
ATGGA	19470.0	14917.7	-0.145
AAATG	23839.0	18265.2	-0.119
ATTGA	13386.0	11498.7	-0.115
GACCT	17768.0	15686.6	-0.112
AGATT	19779.0	16097.0	-0.106
CTCTC	24749.0	29920.4	-0.096
GTATA	10062.0	7750.3	-0.095
ATTTA	32999.0	26144.5	-0.085
CTTTG	30931.0	28990.6	-0.085
GTATC	8125.0	6895.3	-0.078
AGCGC	2855.0	2853.2	-0.071
GAACT	18880.0	14514.0	-0.066
GTTAA	11175.0	8621.3	-0.060
GTGAA	14226.0	12380.9	-0.055
TAAGA	13314.0	10266.0	-0.052
TGCAC	15738.0	13903.9	-0.052
TCTTA	19333.0	15039.6	-0.051
GAAGC	10852.0	10959.0	-0.043
TAGCA	10817.0	9467.3	-0.042
GATGG	22745.0	20653.4	-0.037
ATAAC	7958.0	6172.6	-0.036
TAGAT	11156.0	9993.8	-0.023
TTCAC	24753.0	23045.5	-0.021
GTCAT	13393.0	11083.3	-0.018
CCTCT	36973.0	31580.9	-0.017
AGGCG	12546.0	9913.3	-0.017
ATCAC	13407.0	11433.0	-0.014
TTTCG	7053.0	5505.8	-0.013
GATTG	11461.0	10687.2	-0.009
ATGAG	18124.0	14027.7	-0.009
TTATC	13145.0	12169.0	-0.008
TTGTC	20744.0	17419.1	-0.007
TAAAT	22641.0	17511.4	-0.006
TCATA	13889.0	10792.5	-0.005
CAAAC	14437.0	12200.6	-0.005
TATAA	14582.0	11543.8	-0.004
GTCCC	10354.0	10592.3	-0.004
CTCTT	33385.0	32194.8	-0.003
TGTTC	17855.0	17704.7	-0.002
TTACC	11858.0	9256.5	-0.002
TTCTC	53772.0	41480.0	-0.001
CCCCG	5497.0	4936.9	-0.001
TCATC	14063.0	13459.6	-0.001
GTACG	1443.0	1189.8	-0.001
TATCT	17070.0	15054.4	-0.001
TGTGT	36549.0	34490.8	-0.001
CTGTA	19371.0	16031.7	-0.001
CGTAA	1947.0	1592.7	-0.001
TTGCT	38123.0	29760.6	-0.000
GAATT	19661.0	15318.6	-0.000
ACAAG	11603.0	10036.3	-0.000
TGAAC	16080.0	12559.9	-0.000
TTGTA	29318.0	26714.2	-0.000
GGCAG	19638.0	18094.2	-0.000
ACAAT	14108.0	11045.8	-0.000
CCGTG	6938.0	5620.2	-0.000
TATAC	8508.0	6721.9	-0.000
TGCTT	29412.0	26082.5	-0.000
AAAAT	32307.0	25080.9	-0.000
GTAGA	17828.0	17277.3	-0.000
GTCAG	13304.0	12995.8	-0.000
CCGTA	1792.0	1483.2	-0.000
ACGCT	2561.0	2673.4	-0.000
TATCG	1627.0	1352.7	-0.000
AATAG	12590.0	10024.5	-0.000
CAGCA	17852.0	18255.4	-0.000
TATGA	11926.0	9767.4	-0.000
CGGTG	4533.0	4069.3	-0.000
TGGAT	16295.0	14652.0	-0.000
TGTCT	29889.0	26705.2	-0.000
TGCTC	25419.0	20484.6	-0.000
TAATG	13713.0	10770.7	-0.000
CATAC	7890.0	6259.2	-0.000
AGGAG	18533.0	19227.0	-0.000
TAACC	8224.0	6524.9	-0.000
ACATA	11909.0	9382.9	-0.000
CCACA	20497.0	18118.8	-0.000
TCCCC	18466.0	18295.6	-0.000
AGCCC	13477.0	13695.2	-0.000
TTCTT	72936.0	57098.5	-0.000
ATTAA	15780.0	12392.8	-0.000
ACCGT	4704.0	3795.3	-0.000
ACTTA	11626.0	9185.7	-0.000
CAGGA	19372.0	20885.0	-0.000
CGTAC	1285.0	1097.0	-0.000
CTATT	17200.0	14622.2	-0.000
CAGAG	28773.0	23194.1	-0.000
GCGTT	2907.0	2968.8	-0.000
TCGTA	1943.0	1628.3	-0.000
GACAC	7835.0	7817.3	-0.000
AAATA	24505.0	19218.2	-0.000
CATTT	40160.0	33292.6	-0.000
TCTCT	36715.0	42400.8	-0.000
AACTA	9044.0	7504.5	-0.000
AGGAT	16220.0	14823.6	-0.000
GATAT	9915.0	8980.3	-0.000
TCTTT	75494.0	60763.1	-0.000
TACGA	1452.0	1247.7	-0.000
GTTTC	27553.0	28223.0	-0.000
CTTGT	24107.0	20285.9	-0.000
TCAAA	21440.0	17646.4	-0.000
AGAGA	28625.0	27368.4	-0.000
ATCTG	18872.0	16870.5	-0.000
TGACC	17130.0	15912.3	-0.000
GTTTG	25943.0	23539.8	-0.000
GGGTA	7694.0	6851.8	-0.000
TTGGT	23880.0	20913.6	-0.000
TTCCT	36027.0	39275.1	-0.000
CTCGT	5636.0	4887.7	-0.000
CCGCG	3001.0	2618.1	-0.000
CGAAC	3940.0	3247.2	-0.000
CGTTT	5988.0	5486.5	-0.000
CATTG	16498.0	13641.4	-0.000
ACCTT	19727.0	15591.3	-0.000
GAATC	9268.0	8647.3	-0.000
GCTCT	31443.0	24675.4	-0.000
TATGT	19436.0	16278.2	-0.000
ACACT	11592.0	11004.5	-0.000
AGTTC	16728.0	14473.1	-0.000
CCAAC	9447.0	9537.0	-0.000
CTTCT	31124.0	30743.5	-0.000
TTCGC	4346.0	3589.7	-0.000
GTCGG	2225.0	1898.0	-0.000
GCTAA	17948.0	16833.7	-0.000
GTGAG	24630.0	19581.7	-0.000
GGTAG	10272.0	8259.0	-0.000
GTCTG	17722.0	15550.5	-0.000
ACCAC	24687.0	20646.5	-0.000
ATAGT	11588.0	9716.0	-0.000
AACCG	1600.0	1625.0	-0.000
TTTCT	77567.0	67932.8	-0.000
GCATA	8603.0	6964.4	-0.000
CGATA	1255.0	1121.0	-0.000
GTTAC	8991.0	7270.6	-0.000
AATGT	18788.0	15134.6	-0.000
GCACA	16053.0	12832.1	-0.000
AACGA	1990.0	1721.5	-0.000
CGGTT	3176.0	2903.6	-0.000
TTAGT	19178.0	21323.9	-0.000
CAGTT	21800.0	19165.5	-0.000
CTTCA	20623.0	18986.0	-0.000
ACGTC	2324.0	2265.5	-0.000
ACGTG	4587.0	4215.2	-0.000
CTGTT	34633.0	27597.6	-0.000
ACTTC	16424.0	14265.7	-0.000
TGCGC	4746.0	4198.5	-0.000
TCATT	27729.0	24092.1	-0.000
TGGTA	14661.0	11752.3	-0.000
TTACG	2362.0	2042.5	-0.000
AATAC	10431.0	8726.8	-0.000
ATACG	1710.0	1514.7	-0.000
TACGG	1907.0	1676.8	-0.000
GTCCA	10328.0	9761.2	-0.000
CTTAT	14457.0	12801.9	-0.000
CTAGA	11913.0	9628.1	-0.000
TAGGA	13249.0	10687.2	-0.000
TGTGC	22715.0	19038.8	-0.000
ACGGT	2714.0	2348.0	-0.000
GAAAT	18364.0	14706.2	-0.000
TTCTA	18198.0	17370.0	-0.000
AATTG	14400.0	11611.7	-0.000
TTTAC	19867.0	16218.9	-0.000
TAACG	1554.0	1404.0	-0.000
GAGAG	16079.0	15282.1	-0.000
CTATA	9740.0	7966.1	-0.000
ATGGG	15339.0	14900.2	-0.000
CACTA	10708.0	8734.5	-0.000
GTCCT	14850.0	13768.9	-0.000
AGGGA	15837.0	14834.7	-0.000
CGGCA	2683.0	2744.5	-0.000
GCTAT	10967.0	8952.6	-0.000
GACCG	1996.0	1784.2	-0.000
GGTAT	9783.0	8253.3	-0.000
ATCGT	2415.0	2271.6	-0.000
CGCTA	1867.0	1678.4	-0.000
ATACC	7740.0	6405.2	-0.000
CCTTG	26220.0	20922.7	-0.000
AAACG	3044.0	2645.3	-0.000
TCGAA	4501.0	3825.4	-0.000
TGATG	16095.0	15872.5	-0.000
AGTCC	10991.0	10378.6	-0.000
ATTTC	25567.0	25753.3	-0.000
GACAT	10912.0	8934.0	-0.000
TACCA	11713.0	9567.7	-0.000
CATAA	10620.0	8708.6	-0.000
GATAG	8070.0	6688.3	-0.000
CGTAT	2102.0	1884.6	-0.000
AACAT	15811.0	12803.1	-0.000
GCGCG	4161.0	3563.4	-0.000
GTCAA	7358.0	7451.5	-0.000
AACCA	11509.0	10120.3	-0.000
CGAAT	2105.0	1891.4	-0.000
TGTGG	22779.0	20709.5	-0.000
CGTCG	766.0	765.9	-0.000
CAAAT	17221.0	13927.3	-0.000
ACATT	20196.0	16264.8	-0.000
ATCAG	11495.0	11292.2	-0.000
TGTAC	10441.0	8595.5	-0.000
CCGAT	1751.0	1607.8	-0.000
CGAGA	3872.0	3735.6	-0.000
CGGTA	1366.0	1283.8	-0.000
AATGA	16483.0	13372.1	-0.000
GCTTT	28533.0	25360.2	-0.000
TATTC	14948.0	13430.5	-0.000
CAACA	11135.0	11120.9	0.000
TTCGG	2867.0	2757.4	0.000
TCGGG	3302.0	3253.0	0.000
GTATG	10017.0	8437.5	0.000
TATGG	10175.0	8879.8	0.000
GGGCC	10978.0	10534.5	0.000
GGCCC	12558.0	11504.9	0.000
GCCCG	9564.0	9158.7	0.000
CCTTA	13014.0	11071.8	0.000
CTTTA	20259.0	19397.0	0.000
TTAGG	11474.0	11144.6	0.000
GGATG	12209.0	12760.7	0.000
GTGTG	33965.0	29624.1	0.000
GGAGA	18576.0	16269.0	0.000
GAGAA	15818.0	15712.6	0.000
AGAAT	17251.0	15131.9	0.000
GTTCG	2338.0	2130.6	0.000
TCGAT	2503.0	2953.0	0.000
TAGTC	8152.0	7913.3	0.000
TAGAA	14342.0	12166.9	0.000
AGAAA	22378.0	20642.6	0.000
AATAA	18150.0	14714.5	0.000
ATAAG	9247.0	8261.1	0.000
TAAGG	8887.0	8075.5	0.000
AAGGG	11767.0	11210.7	0.000
AGGGG	12137.0	11830.8	0.000
GGGGA	13163.0	12471.4	0.000
TAAAC	10693.0	8880.3	0.000
CCTAT	9314.0	8840.3	0.000
TACTC	9689.0	8576.7	0.000
CTCTA	12292.0	12978.0	0.000
TCTAT	13594.0	13077.6	0.000
CTATC	8044.0	7192.1	0.000
TATCA	10886.0	9780.2	0.000
ATCAA	8849.0	8438.6	0.000
CATAT	13886.0	11585.4	0.000
TGAGG	20278.0	18739.1	0.000
GAGGG	13951.0	13231.9	0.000
GGGGG	12517.0	10331.4	0.000
AGGAC	9413.0	9034.8	0.000
CTATG	10836.0	10173.2	0.000
AATCG	1651.0	1823.7	0.000
ATCGA	1449.0	1404.2	0.000
GAACC	7809.0	7480.0	0.000
AACCC	8291.0	9281.8	0.000
CCCAT	14353.0	14392.8	0.000
CCATC	17432.0	15830.4	0.000
ATCCC	10455.0	11432.9	0.000
TCCCT	23273.0	26831.3	0.000
AATCC	13081.0	11650.3	0.000
ATCCA	15011.0	13341.2	0.000
CAAAA	18553.0	17086.7	0.000
TCCGT	4032.0	3767.9	0.000
CACAC	18220.0	17486.1	0.000
ACACC	13663.0	12337.7	0.000
ACCCC	10000.0	10475.1	0.000
CTAAA	12323.0	11211.5	0.000
GTAAG	7926.0	7560.4	0.000
AAGGT	12380.0	10740.1	0.000
AGGTC	10849.0	10335.3	0.000
ATCGG	1436.0	1592.4	0.000
CCATA	9366.0	8148.4	0.000
TACCC	8368.0	7471.8	0.000
CGAAA	1941.0	1868.5	0.000
GAAAA	19465.0	16689.1	0.000
GGTTA	8434.0	7617.3	0.000
ATATC	9071.0	7959.3	0.000
TATCC	8905.0	8040.6	0.000
TCCTT	29737.0	32800.8	0.000
CCTTC	22270.0	25163.3	0.000
TTCCC	25206.0	24312.9	0.000
CCCGT	3582.0	3472.8	0.000
TACTA	8532.0	7157.9	0.000
ACTAA	8500.0	7747.2	0.000
CTAAT	20925.0	19288.3	0.000
TAATC	11365.0	10189.7	0.000
CCCCT	15957.0	17463.3	0.000
ACCCG	5110.0	4582.6	0.000
CCGTC	3958.0	3689.5	0.000
CATCT	21402.0	19027.2	0.000
ATCTA	9100.0	8129.7	0.000
TCTAC	9569.0	9920.0	0.000
CTACT	11384.0	11423.0	0.000
ACCAT	22959.0	19082.5	0.000
CACTC	21001.0	17642.7	0.000
TCTAA	12031.0	11306.7	0.000
TCTTC	26244.0	26598.9	0.000
AACAA	13065.0	12069.2	0.000
CAATA	8580.0	7957.6	0.000
CGGAC	1544.0	1652.6	0.000
GGACA	9914.0	9397.2	0.000
GACAA	9322.0	8128.8	0.000
ATGAA	15896.0	13264.8	0.000
ACCAA	9449.0	9276.6	0.000
CCAAT	8431.0	8862.0	0.000
CACCA	36405.0	32456.7	0.000
AATCA	13002.0	11389.4	0.000
CATCA	13320.0	12859.0	0.000
CATTA	11780.0	10254.1	0.000
AATGG	16946.0	14386.1	0.000
ATGGC	15727.0	13045.9	0.000
ATAAA	18301.0	15501.5	0.000
AAAAC	15386.0	13195.8	0.000
AGGAA	16923.0	17010.1	0.000
CCCTT	17156.0	19945.5	0.000
CCTTT	34628.0	32590.7	0.000
CTTTC	28162.0	33805.1	0.000
CACTT	21958.0	19080.7	0.000
CCAGA	18586.0	16006.7	0.000
AGAGG	16432.0	15974.5	0.000
GAGGT	14217.0	14031.3	0.000
AAGGC	10605.0	10290.4	0.000
GCACC	14347.0	12612.4	0.000
ACATC	9457.0	8785.5	0.000
ATCCG	3698.0	3483.4	0.000
CACAT	14863.0	13879.0	0.000
ACATG	14296.0	12783.9	0.000
ATGAC	8608.0	7924.6	0.000
GCCCT	14561.0	15054.4	0.000
TATGC	8786.0	7823.9	0.000
TGCTA	13372.0	11517.1	0.000
ATAGA	11115.0	9240.3	0.000
ATACA	12038.0	10618.8	0.000
AGACC	10552.0	9598.0	0.000
GACCA	11274.0	9432.1	0.000
CAAGA	13104.0	12283.2	0.000
AAGAG	15422.0	14081.8	0.000
AGAGC	12293.0	12237.2	0.000
AAAGC	12038.0	11317.5	0.000
AACAG	12916.0	11964.6	0.000
AAGGA	14225.0	13960.9	0.000
GCAAA	11890.0	11277.9	0.000
AAACC	10619.0	10383.2	0.000
CCACT	22983.0	19059.9	0.000
GAACG	1825.0	1717.8	0.000
AACGC	1447.0	1617.1	0.000
ACGCA	2234.0	2280.3	0.000
AAATC	12652.0	11221.6	0.000
CCATT	22742.0	19480.0	0.000
ATTGG	11908.0	10898.9	0.000
TGGTC	22259.0	20024.5	0.000
GTCTA	7334.0	6964.3	0.000
CTAGT	10202.0	8810.9	0.000
AGGGC	11317.0	11118.5	0.000
CTGAT	15156.0	14877.9	0.000
CGTTC	2774.0	2775.3	0.000
GATGC	8247.0	8568.3	0.000
GCAGA	14096.0	14245.0	0.000
CAGAA	16556.0	16243.9	0.000
GAAGG	12518.0	12660.8	0.000
TGTAT	27387.0	24913.0	0.000
ACAAA	15576.0	14793.4	0.000
AGTTA	11513.0	10050.1	0.000
ATGGT	15904.0	15157.9	0.000
AAAAA	43345.0	39349.8	0.000
AAAAG	18736.0	16698.5	0.000
CATGG	16485.0	14122.2	0.000
GGAGG	19088.0	20364.0	0.000
AGGCC	14155.0	13552.7	0.000
GGCCA	19802.0	17930.2	0.000
CCATG	25488.0	22792.5	0.000
GGTTG	13136.0	11837.7	0.000
GAAAC	12184.0	10683.2	0.000
ACCAG	13587.0	12521.6	0.000
ATTCC	13708.0	13894.3	0.000
ACGGG	5268.0	5124.5	0.000
CTTCG	3179.0	3175.6	0.000
GAATG	14278.0	12500.7	0.000
ATGTG	19079.0	17324.9	0.000
GTAGG	8596.0	7491.7	0.000
TAGGG	9192.0	8488.4	0.000
GGGGC	11195.0	10805.6	0.000
GGGCA	13296.0	12993.7	0.000
TCCAT	16562.0	17377.6	0.000
CACAA	14015.0	11872.7	0.000
ACAAC	8213.0	7279.4	0.000
CTAAC	6493.0	6325.5	0.000
TACAC	7126.0	6895.5	0.000
GGGCG	4026.0	4505.9	0.000
AAGAT	13745.0	11917.5	0.000
ATGCC	20000.0	16261.1	0.000
CCCTA	8859.0	8398.8	0.000
CTACA	16373.0	13391.6	0.000
CATGT	23678.0	20985.4	0.000
AGATG	25211.0	20948.1	0.000
GGTGA	16703.0	14763.9	0.000
GGTCC	7537.0	7547.4	0.000
ACTTG	14807.0	13007.4	0.000
GGTCG	1793.0	1722.5	0.000
ATGTC	11970.0	11028.8	0.000
GCGAG	2784.0	2938.2	0.000
CAGAT	15492.0	13929.8	0.000
GATGT	12716.0	11454.6	0.000
GGCAA	11028.0	9836.3	0.000
AGATC	9621.0	9588.3	0.000
TCCAC	22224.0	18105.6	0.000
TTCCA	23339.0	22716.7	0.000
AGCAC	11638.0	11307.6	0.000
GAAGA	13401.0	12961.7	0.000
AAGAA	18222.0	16714.7	0.000
GAAAG	14151.0	13278.2	0.000
GCCAG	21987.0	21823.8	0.000
CCGGT	2517.0	2466.1	0.000
ACGCC	8480.0	7710.9	0.000
GGGAG	18422.0	18442.8	0.000
GGCGG	5184.0	5066.1	0.000
GCGGA	2461.0	2654.9	0.000
CGGAA	2185.0	2135.7	0.000
GGAAG	14716.0	15270.2	0.000
GGAAC	8953.0	7832.9	0.000
ATTAG	10039.0	10258.1	0.000
GACCC	7478.0	7820.2	0.000
CGCGC	3106.0	3221.2	0.000
GCGCC	7899.0	7819.6	0.000
GGCGA	3031.0	2763.3	0.000
AGATA	12658.0	10520.0	0.000
AGAAC	9721.0	9356.8	0.000
TTTCC	35064.0	34828.1	0.000
CGCTT	4207.0	3926.9	0.000
TGTCC	15657.0	15054.9	0.000
ATTCA	16492.0	14835.0	0.000
CGCCA	9226.0	8214.9	0.000
GGATA	7550.0	7325.9	0.000
GATAA	9267.0	7932.0	0.000
GGTAA	8104.0	7544.4	0.000
GTAAA	11923.0	10075.9	0.000
ACGAG	2408.0	2303.3	0.000
CGACA	1417.0	1757.3	0.000
ACACG	2921.0	3003.7	0.000
TAGAC	7191.0	6326.0	0.000
GAGGA	14324.0	14553.0	0.000
GATCG	2002.0	2182.1	0.000
TCGTT	4137.0	3792.8	0.000
GACGA	1933.0	1847.1	0.000
CGATG	2109.0	2078.2	0.000
CAACG	1751.0	1822.1	0.000
GCCAA	11284.0	10533.7	0.000
CCTGT	24795.0	22765.0	0.000
AAAGG	13811.0	13164.6	0.000
CGTCT	4937.0	4562.5	0.000
CCCGC	8373.0	7993.5	0.000
CCGCT	3991.0	3871.1	0.000
ATATG	13019.0	10685.1	0.000
GGCCG	5235.0	4459.4	0.000
TTCCG	4343.0	3765.2	0.000
GCCGA	3013.0	3136.7	0.000
CGAGG	4256.0	4082.3	0.000
TTCAT	25634.0	22870.7	0.000
GCGGC	3063.0	3100.2	0.000
TCGTC	2665.0	2466.6	0.000
AGAAG	15760.0	15698.7	0.000
CGCGG	1634.0	1642.7	0.000
GCGCT	2891.0	3263.0	0.000
ACACA	14116.0	14719.5	0.000
CATCG	2112.0	2278.9	0.000
GGGAA	13717.0	13257.0	0.000
TGACG	2489.0	2285.4	0.000
GGACC	7927.0	6899.9	0.000
ACCGG	1969.0	1970.1	0.000
GTTCC	10313.0	11817.9	0.000
TGAAT	19494.0	16317.4	0.000
CGTGT	5581.0	5303.8	0.000
CATTC	18869.0	17292.3	0.000
GATGA	11995.0	10983.0	0.000
TTCGT	3952.0	3725.7	0.000
GTCCG	1999.0	1947.5	0.000
GAACA	10189.0	9279.0	0.000
AAACA	18392.0	15786.7	0.000
CGGAT	2356.0	2149.7	0.000
GACTT	14615.0	12693.0	0.000
TAACA	10998.0	9433.7	0.000
AACAC	9095.0	8826.0	0.000
GCTAC	7638.0	7155.9	0.000
TACAT	14136.0	11564.4	0.000
AAAGA	18175.0	16725.5	0.000
GGAAA	16166.0	14678.4	0.000
AGGTA	10501.0	9433.5	0.000
CGTTA	1837.0	1785.8	0.000
TGCGG	3924.0	3442.5	0.000
GTTAG	8128.0	9070.8	0.000
GGACG	2119.0	2110.7	0.000
GACGT	2446.0	2299.3	0.000
ATCGC	2086.0	2349.1	0.000
TCGGT	2661.0	2616.8	0.000
CCGTT	3132.0	2944.5	0.000
CGTTG	3345.0	2938.1	0.000
GACGC	1564.0	1930.9	0.000
ACGTT	3739.0	3272.5	0.000
AAGAC	10753.0	9440.7	0.000
TACGC	1339.0	1321.8	0.000
ACTCG	2385.0	2560.3	0.000
TACGT	2488.0	2261.3	0.000
ACGAC	1124.0	1326.1	0.000
CCGAC	2028.0	2202.0	0.000
CGACG	465.0	666.9	0.000
ATGCG	2525.0	2446.4	0.000
CGCCG	1807.0	1837.7	0.000
ACGCG	861.0	928.8	0.000
CTACG	1671.0	1753.2	0.000
ACGAA	1763.0	1786.1	0.000
CGAAG	2497.0	2340.7	0.000
CGCAT	2153.0	2089.1	0.000
GCGAA	1507.0	1577.7	0.000
CGGCG	1513.0	1698.4	0.000
ATTCG	1776.0	1949.1	0.000
GTCGA	1252.0	1261.0	0.000
AACGG	1878.0	1822.2	0.000
